attribute_means:
  area_count: 0.03067484662576687
  area_sum: 1785276.0736196318
  cropcoef_mean: 0.9015455282538947
  dom_yr: 8.253048161434405
  elv_max: 1523.170863800985
  elv_mean: 918.9988789002588
  elv_min: 577.7739602305406
  ene_yr: 7.807729864093058
  forest: 0.3386450757735346
  genua1: 0.014101585607541435
  gradient_mean: 0.04590577581908801
  ind_yr: 10.304916071865502
  irrigated: 0.017479931684122936
  ksat1: 188.1652614616909
  laiyrmax: 2.756500085073015
  laiyrmean: 1.525642764714598
  laiyrmin: 0.8475991836720449
  lambda1: 0.30463761482044965
  liv_yr: 12.098923381806516
  other: 0.6304438882993043
  rice: 3.2095748865461345e-05
  sealed: 0.012349575711110632
  soildepth1: 48.4544479276505
  thetar1: 0.04100000364648779
  thetas1: 0.4914086579453726
  tstor_count: 0.9570552147239264
  tstor_sum: 125273006.13496932
  upArea_max: 2512067020.4662576
  water: 0.0010494360884795925
attribute_stds:
  area_count: 0.17296659505632167
  area_sum: 10066655.83227792
  cropcoef_mean: 0.0368040868118387
  dom_yr: 35.50454643149508
  elv_max: 586.136466154941
  elv_mean: 358.594212598977
  elv_min: 304.9791877295793
  ene_yr: 37.25657342423256
  forest: 0.16258505451990002
  genua1: 0.004176288582819625
  gradient_mean: 0.029736833169508266
  ind_yr: 37.87273907311721
  irrigated: 0.06573708245124048
  ksat1: 90.9071682405947
  laiyrmax: 1.0772071851714295
  laiyrmean: 0.5789968858329703
  laiyrmin: 0.33861793619303604
  lambda1: 0.03341118200153207
  liv_yr: 42.47702641787735
  other: 0.1566561867931571
  rice: 0.00024461288236524457
  sealed: 0.017453246179524488
  soildepth1: 3.4273690887886565
  thetar1: 2.105855524803364e-09
  thetas1: 0.049897238810814655
  tstor_count: 3.1118048695757308
  tstor_sum: 469756861.3368049
  upArea_max: 7518120997.017777
  water: 0.0018095776275813987
xarray_feature_scale:
  coords: {}
  attrs: {}
  dims: {}
  data_vars:
    dis_efas5:
      dims: []
      attrs: {}
      data: 1.8790825605392456
    e0_emo1:
      dims: []
      attrs: {}
      data: 2.12280535697937
    pr_emo1:
      dims: []
      attrs: {}
      data: 5.182871341705322
    ta_emo1:
      dims: []
      attrs: {}
      data: 6.97121524810791
xarray_feature_center:
  coords: {}
  attrs: {}
  dims: {}
  data_vars:
    dis_efas5:
      dims: []
      attrs: {}
      data: 0.8462032079696655
    e0_emo1:
      dims: []
      attrs: {}
      data: 2.4891140460968018
    pr_emo1:
      dims: []
      attrs: {}
      data: 2.001115560531616
    ta_emo1:
      dims: []
      attrs: {}
      data: 11.89150333404541
