date,outflow,type
2002-09-01,2.434,1
2002-09-02,2.682,1
2002-09-03,2.422,1
2002-09-04,2.398,1
2002-09-05,2.253,1
2002-09-06,2.268,1
2002-09-07,2.624,1
2002-09-08,2.214,1
2002-09-09,2.538,1
2002-09-10,2.559,1
2002-09-11,2.33,1
2002-09-12,2.19,1
2002-09-13,2.708,1
2002-09-14,2.156,1
2002-09-15,1.896,1
2002-09-16,2.457,1
2002-09-17,2.289,1
2002-09-18,2.823,1
2002-09-19,3.949,1
2002-09-20,3.264,1
2002-09-21,2.739,1
2002-09-22,3.59,1
2002-09-23,3.263,1
2002-09-24,3.85,1
2002-09-25,2.921,1
2002-09-26,3.451,1
2002-09-27,2.821,1
2002-09-28,2.782,1
2002-09-29,2.753,1
2002-09-30,2.492,1
2002-10-01,2.928,1
2002-10-02,2.529,1
2002-10-03,2.975,1
2002-10-04,2.288,1
2002-10-05,2.759,1
2002-10-06,1.864,1
2002-10-07,2.595,1
2002-10-08,2.324,1
2002-10-09,2.791,1
2002-10-10,4.056,1
2002-10-11,2.984,1
2002-10-12,2.404,1
2002-10-13,3.369,1
2002-10-14,3.285,1
2002-10-15,2.775,1
2002-10-16,2.967,1
2002-10-17,3.031,1
2002-10-18,3.021,1
2002-10-19,3.263,1
2002-10-20,4.99,1
2002-10-21,5.506,1
2002-10-22,9.312,1
2002-10-23,15.576,1
2002-10-24,11.841,1
2002-10-25,10.346,1
2002-10-26,7.793,1
2002-10-27,7.137,1
2002-10-28,6.465,1
2002-10-29,5.06,1
2002-10-30,5.396,1
2002-10-31,4.993,1
2002-11-01,4.362,1
2002-11-02,4.241,1
2002-11-03,3.566,1
2002-11-04,4.444,1
2002-11-05,3.854,1
2002-11-06,4.14,1
2002-11-07,4.703,1
2002-11-08,4.297,1
2002-11-09,4.673,1
2002-11-10,4.465,1
2002-11-11,4.234,1
2002-11-12,4.241,1
2002-11-13,6.348,1
2002-11-14,12.149,1
2002-11-15,9.37,1
2002-11-16,8.741,1
2002-11-17,8.345,1
2002-11-18,7.575,1
2002-11-19,9.335,1
2002-11-20,10.311,1
2002-11-21,14.315,1
2002-11-22,13.447,1
2002-11-23,11.81,1
2002-11-24,10.34,1
2002-11-25,9.11,1
2002-11-26,8.401,1
2002-11-27,9.089,1
2002-11-28,10.591,1
2002-11-29,14.197,1
2002-11-30,18.783,1
2002-12-01,18.561,1
2002-12-02,18.936,1
2002-12-03,19.165,1
2002-12-04,18.413,1
2002-12-05,18.724,1
2002-12-06,17.52,1
2002-12-07,17.03,1
2002-12-08,15.537,1
2002-12-09,13.475,1
2002-12-10,12.299,1
2002-12-11,11.359,1
2002-12-12,10.012,1
2002-12-13,8.791,1
2002-12-14,9.952,1
2002-12-15,11.976,1
2002-12-16,9.961,1
2002-12-17,11.102,1
2002-12-18,15.956,1
2002-12-19,16.591,1
2002-12-20,13.563,1
2002-12-21,11.523,1
2002-12-22,12.094,1
2002-12-23,12.237,1
2002-12-24,10.724,1
2002-12-25,11.007,1
2002-12-26,18.084,1
2002-12-27,18.522,1
2002-12-28,17.295,1
2002-12-29,18.048,1
2002-12-30,17.642,1
2002-12-31,16.612,1
2003-01-01,17.409,1
2003-01-02,17.086,1
2003-01-03,17.495,1
2003-01-04,16.384,1
2003-01-05,13.391,1
2003-01-06,12.756,1
2003-01-07,15.587,1
2003-01-08,16.445,1
2003-01-09,15.479,1
2003-01-10,14.035,1
2003-01-11,13.164,1
2003-01-12,12.003,1
2003-01-13,10.731,1
2003-01-14,10.556,1
2003-01-15,10.249,1
2003-01-16,10.335,1
2003-01-17,9.834,1
2003-01-18,14.839,1
2003-01-19,19.175,1
2003-01-20,18.824,1
2003-01-21,19.073,1
2003-01-22,19.067,1
2003-01-23,19.055,1
2003-01-24,18.859,1
2003-01-25,16.467,1
2003-01-26,14.679,1
2003-01-27,15.042,1
2003-01-28,17.355,1
2003-01-29,17.673,1
2003-01-30,17.486,1
2003-01-31,18.287,1
2003-02-01,15.71,1
2003-02-02,15.422,1
2003-02-03,17.06,1
2003-02-04,18.967,1
2003-02-05,18.005,1
2003-02-06,18.566,1
2003-02-07,18.891,1
2003-02-08,18.784,1
2003-02-09,18.734,1
2003-02-10,16.943,1
2003-02-11,16.294,1
2003-02-12,16.726,1
2003-02-13,15.48,1
2003-02-14,14.035,1
2003-02-15,12.874,1
2003-02-16,11.888,1
2003-02-17,11.284,1
2003-02-18,11.2,1
2003-02-19,10.859,1
2003-02-20,10.131,1
2003-02-21,9.474,1
2003-02-22,8.884,1
2003-02-23,7.827,1
2003-02-24,9.003,1
2003-02-25,10.317,1
2003-02-26,10.147,1
2003-02-27,9.687,1
2003-02-28,9.368,1
2003-03-01,13.053,1
2003-03-02,14.195,1
2003-03-03,14.954,1
2003-03-04,18.431,1
2003-03-05,15.859,1
2003-03-06,14.052,1
2003-03-07,12.228,1
2003-03-08,11.191,1
2003-03-09,10.301,1
2003-03-10,10.318,1
2003-03-11,10.628,1
2003-03-12,11.039,1
2003-03-13,11.524,1
2003-03-14,11.795,1
2003-03-15,11.82,1
2003-03-16,11.12,1
2003-03-17,10.985,1
2003-03-18,9.77,1
2003-03-19,9.144,1
2003-03-20,8.159,1
2003-03-21,8.088,1
2003-03-22,7.285,1
2003-03-23,7.383,1
2003-03-24,7.186,1
2003-03-25,9.658,1
2003-03-26,8.322,1
2003-03-27,8.475,1
2003-03-28,10.031,1
2003-03-29,8.773,1
2003-03-30,8.203,1
2003-03-31,7.865,1
2003-04-01,8.249,1
2003-04-02,8.009,1
2003-04-03,8.03,1
2003-04-04,7.279,1
2003-04-05,6.568,1
2003-04-06,6.278,1
2003-04-07,5.853,1
2003-04-08,7.019,1
2003-04-09,6.038,1
2003-04-10,6.206,1
2003-04-11,6.387,1
2003-04-12,5.139,1
2003-04-13,6.299,1
2003-04-14,9.554,1
2003-04-15,9.219,1
2003-04-16,8.366,1
2003-04-17,7.464,1
2003-04-18,7.103,1
2003-04-19,7.952,1
2003-04-20,14.69,1
2003-04-21,11.415,1
2003-04-22,10.272,1
2003-04-23,9.4,1
2003-04-24,8.497,1
2003-04-25,7.957,1
2003-04-26,9.331,1
2003-04-27,8.309,1
2003-04-28,7.969,1
2003-04-29,9.037,1
2003-04-30,7.62,1
2003-05-01,6.586,1
2003-05-02,6.657,1
2003-05-03,6.756,1
2003-05-04,5.676,1
2003-05-05,6.683,1
2003-05-06,5.932,1
2003-05-07,7.302,1
2003-05-08,6.706,1
2003-05-09,7.334,1
2003-05-10,7.351,1
2003-05-11,6.908,1
2003-05-12,6.552,1
2003-05-13,6.071,1
2003-05-14,5.91,1
2003-05-15,6.505,1
2003-05-16,5.281,1
2003-05-17,5.263,1
2003-05-18,5.367,1
2003-05-19,4.112,1
2003-05-20,5.217,1
2003-05-21,5.065,1
2003-05-22,4.362,1
2003-05-23,3.979,1
2003-05-24,4.262,1
2003-05-25,4.374,1
2003-05-26,4.346,1
2003-05-27,5.257,1
2003-05-28,4.1,1
2003-05-29,3.707,1
2003-05-30,3.784,1
2003-05-31,3.054,1
2003-06-01,4.527,1
2003-06-02,3.599,1
2003-06-03,4.092,1
2003-06-04,3.251,1
2003-06-05,4.319,1
2003-06-06,4.512,1
2003-06-07,3.604,1
2003-06-08,3.161,1
2003-06-09,3.092,1
2003-06-10,3.822,1
2003-06-11,3.418,1
2003-06-12,2.74,1
2003-06-13,2.86,1
2003-06-14,3.41,1
2003-06-15,3.236,1
2003-06-16,2.942,1
2003-06-17,2.597,1
2003-06-18,2.349,1
2003-06-19,3.292,1
2003-06-20,3.603,1
2003-06-21,2.537,1
2003-06-22,2.24,1
2003-06-23,2.695,1
2003-06-24,3.104,1
2003-06-25,3.84,1
2003-06-26,2.766,1
2003-06-27,2.95,1
2003-06-28,2.354,1
2003-06-29,2.608,1
2003-06-30,2.761,1
2003-07-01,3.492,1
2003-07-02,2.601,1
2003-07-03,2.755,1
2003-07-04,2.742,1
2003-07-05,3.035,1
2003-07-06,2.548,1
2003-07-07,2.96,1
2003-07-08,2.197,1
2003-07-09,2.426,1
2003-07-10,2.473,1
2003-07-11,2.617,1
2003-07-12,2.296,1
2003-07-13,2.198,1
2003-07-14,2.638,1
2003-07-15,2.316,1
2003-07-16,2.019,1
2003-07-17,2.685,1
2003-07-18,3.279,1
2003-07-19,2.319,1
2003-07-20,2.118,1
2003-07-21,3.118,1
2003-07-22,2.174,1
2003-07-23,2.388,1
2003-07-24,2.357,1
2003-07-25,2.023,1
2003-07-26,2.839,1
2003-07-27,1.899,1
2003-07-28,1.923,1
2003-07-29,2.488,1
2003-07-30,2.472,1
2003-07-31,2.476,1
2003-08-01,1.978,1
2003-08-02,2.263,1
2003-08-03,1.916,1
2003-08-04,1.941,1
2003-08-05,2.346,1
2003-08-06,1.869,1
2003-08-07,1.811,1
2003-08-08,1.722,1
2003-08-09,1.613,1
2003-08-10,2.108,1
2003-08-11,1.674,1
2003-08-12,2.096,1
2003-08-13,1.886,1
2003-08-14,1.725,1
2003-08-15,1.799,1
2003-08-16,2.465,1
2003-08-17,2.154,1
2003-08-18,1.681,1
2003-08-19,2.331,1
2003-08-20,1.648,1
2003-08-21,2.105,1
2003-08-22,1.933,1
2003-08-23,2.03,1
2003-08-24,2.265,1
2003-08-25,2.467,1
2003-08-26,2.005,1
2003-08-27,1.661,1
2003-08-28,1.916,1
2003-08-29,2.249,1
2003-08-30,1.718,1
2003-08-31,2.123,1
2003-09-01,2.125,1
2003-09-02,2.141,1
2003-09-03,1.955,1
2003-09-04,2.42,1
2003-09-05,2.04,1
2003-09-06,1.992,1
2003-09-07,1.673,1
2003-09-08,1.97,1
2003-09-09,1.897,1
2003-09-10,2.274,1
2003-09-11,2.091,1
2003-09-12,1.912,1
2003-09-13,1.542,1
2003-09-14,1.372,1
2003-09-15,2.761,1
2003-09-16,1.892,1
2003-09-17,1.682,1
2003-09-18,1.73,1
2003-09-19,1.598,1
2003-09-20,1.876,1
2003-09-21,1.7,1
2003-09-22,1.704,1
2003-09-23,1.629,1
2003-09-24,2.103,1
2003-09-25,1.625,1
2003-09-26,1.435,1
2003-09-27,2.128,1
2003-09-28,1.745,1
2003-09-29,1.739,1
2003-09-30,1.585,1
2003-10-01,1.616,1
2003-10-02,2.086,1
2003-10-03,1.805,1
2003-10-04,1.81,1
2003-10-05,2.015,1
2003-10-06,2.193,1
2003-10-07,2.146,1
2003-10-08,1.965,1
2003-10-09,2.023,1
2003-10-10,2.234,1
2003-10-11,2.039,1
2003-10-12,2.551,1
2003-10-13,2.425,1
2003-10-14,1.48,1
2003-10-15,2.204,1
2003-10-16,1.918,1
2003-10-17,2.023,1
2003-10-18,1.995,1
2003-10-19,1.623,1
2003-10-20,1.689,1
2003-10-21,2.946,1
2003-10-22,2.993,1
2003-10-23,3.215,1
2003-10-24,2.811,1
2003-10-25,2.779,1
2003-10-26,2.723,1
2003-10-27,3.03,1
2003-10-28,3.277,1
2003-10-29,5.791,1
2003-10-30,4.782,1
2003-10-31,8.656,1
2003-11-01,16.603,1
2003-11-02,13.578,1
2003-11-03,10.374,1
2003-11-04,10.334,1
2003-11-05,8.574,1
2003-11-06,10.226,1
2003-11-07,9.0,1
2003-11-08,7.836,1
2003-11-09,7.064,1
2003-11-10,6.83,1
2003-11-11,5.915,1
2003-11-12,6.7,1
2003-11-13,6.36,1
2003-11-14,6.407,1
2003-11-15,10.964,1
2003-11-16,15.627,1
2003-11-17,18.425,1
2003-11-18,15.771,1
2003-11-19,12.761,1
2003-11-20,11.903,1
2003-11-21,11.32,1
2003-11-22,15.831,1
2003-11-23,17.803,1
2003-11-24,16.173,1
2003-11-25,13.401,1
2003-11-26,12.797,1
2003-11-27,17.266,1
2003-11-28,16.161,1
2003-11-29,17.928,1
2003-11-30,18.55,1
2003-12-01,18.975,1
2003-12-02,17.831,1
2003-12-03,18.347,1
2003-12-04,16.681,1
2003-12-05,15.482,1
2003-12-06,13.718,1
2003-12-07,12.772,1
2003-12-08,12.203,1
2003-12-09,11.668,1
2003-12-10,11.314,1
2003-12-11,10.397,1
2003-12-12,11.876,1
2003-12-13,11.722,1
2003-12-14,11.934,1
2003-12-15,14.3,1
2003-12-16,11.471,1
2003-12-17,10.144,1
2003-12-18,9.252,1
2003-12-19,8.27,1
2003-12-20,7.745,1
2003-12-21,7.694,1
2003-12-22,7.769,1
2003-12-23,6.978,1
2003-12-24,7.024,1
2003-12-25,6.526,1
2003-12-26,6.531,1
2003-12-27,5.839,1
2003-12-28,8.257,1
2003-12-29,10.22,1
2003-12-30,18.671,1
2003-12-31,18.864,1
2004-01-01,18.858,1
2004-01-02,18.848,1
2004-01-03,18.85,1
2004-01-04,18.851,1
2004-01-05,18.857,1
2004-01-06,18.435,1
2004-01-07,16.165,1
2004-01-08,14.542,1
2004-01-09,15.338,1
2004-01-10,14.802,1
2004-01-11,13.853,1
2004-01-12,13.882,1
2004-01-13,13.743,1
2004-01-14,17.834,1
2004-01-15,17.944,1
2004-01-16,14.825,1
2004-01-17,13.084,1
2004-01-18,12.088,1
2004-01-19,11.215,1
2004-01-20,10.214,1
2004-01-21,10.065,1
2004-01-22,9.228,1
2004-01-23,11.637,1
2004-01-24,17.523,1
2004-01-25,17.735,1
2004-01-26,18.928,1
2004-01-27,18.929,1
2004-01-28,18.917,1
2004-01-29,18.902,1
2004-01-30,17.496,1
2004-01-31,15.409,1
2004-02-01,14.159,1
2004-02-02,12.904,1
2004-02-03,12.082,1
2004-02-04,11.546,1
2004-02-05,10.449,1
2004-02-06,10.334,1
2004-02-07,9.026,1
2004-02-08,8.73,1
2004-02-09,7.998,1
2004-02-10,7.953,1
2004-02-11,7.671,1
2004-02-12,7.557,1
2004-02-13,7.261,1
2004-02-14,6.615,1
2004-02-15,6.484,1
2004-02-16,6.813,1
2004-02-17,5.811,1
2004-02-18,6.494,1
2004-02-19,6.022,1
2004-02-20,5.985,1
2004-02-21,5.811,1
2004-02-22,5.816,1
2004-02-23,5.198,1
2004-02-24,5.765,1
2004-02-25,4.189,1
2004-02-26,5.778,1
2004-02-27,4.8,1
2004-02-28,5.662,1
2004-02-29,5.366,1
2004-03-01,4.518,1
2004-03-02,5.679,1
2004-03-03,4.133,1
2004-03-04,9.97,1
2004-03-05,15.158,1
2004-03-06,18.58,1
2004-03-07,17.981,1
2004-03-08,14.976,1
2004-03-09,13.986,1
2004-03-10,15.679,1
2004-03-11,15.844,1
2004-03-12,18.279,1
2004-03-13,17.531,1
2004-03-14,14.491,1
2004-03-15,13.065,1
2004-03-16,12.177,1
2004-03-17,13.021,1
2004-03-18,12.911,1
2004-03-19,12.644,1
2004-03-20,12.073,1
2004-03-21,11.316,1
2004-03-22,10.864,1
2004-03-23,9.981,1
2004-03-24,9.75,1
2004-03-25,8.925,1
2004-03-26,8.581,1
2004-03-27,8.114,1
2004-03-28,7.093,1
2004-03-29,7.454,1
2004-03-30,7.918,1
2004-03-31,8.833,1
2004-04-01,10.163,1
2004-04-02,10.338,1
2004-04-03,9.313,1
2004-04-04,8.904,1
2004-04-05,8.7,1
2004-04-06,9.816,1
2004-04-07,9.742,1
2004-04-08,9.445,1
2004-04-09,8.74,1
2004-04-10,7.654,1
2004-04-11,7.56,1
2004-04-12,7.309,1
2004-04-13,6.651,1
2004-04-14,6.988,1
2004-04-15,7.178,1
2004-04-16,7.125,1
2004-04-17,6.906,1
2004-04-18,7.221,1
2004-04-19,7.785,1
2004-04-20,9.697,1
2004-04-21,11.938,1
2004-04-22,10.935,1
2004-04-23,9.189,1
2004-04-24,8.727,1
2004-04-25,8.496,1
2004-04-26,8.497,1
2004-04-27,8.714,1
2004-04-28,8.17,1
2004-04-29,8.164,1
2004-04-30,10.929,1
2004-05-01,9.861,1
2004-05-02,9.399,1
2004-05-03,9.961,1
2004-05-04,9.925,1
2004-05-05,12.633,1
2004-05-06,13.799,1
2004-05-07,13.51,1
2004-05-08,13.142,1
2004-05-09,13.485,1
2004-05-10,14.676,1
2004-05-11,15.054,1
2004-05-12,14.425,1
2004-05-13,14.544,1
2004-05-14,15.16,1
2004-05-15,14.293,1
2004-05-16,13.544,1
2004-05-17,13.24,1
2004-05-18,12.657,1
2004-05-19,11.967,1
2004-05-20,10.943,1
2004-05-21,10.308,1
2004-05-22,10.24,1
2004-05-23,8.837,1
2004-05-24,8.065,1
2004-05-25,8.142,1
2004-05-26,8.706,1
2004-05-27,7.192,1
2004-05-28,7.09,1
2004-05-29,6.906,1
2004-05-30,6.959,1
2004-05-31,6.438,1
2004-06-01,6.001,1
2004-06-02,5.409,1
2004-06-03,6.195,1
2004-06-04,5.517,1
2004-06-05,4.533,1
2004-06-06,5.461,1
2004-06-07,5.621,1
2004-06-08,5.725,1
2004-06-09,5.699,1
2004-06-10,5.974,1
2004-06-11,6.319,1
2004-06-12,5.32,1
2004-06-13,4.721,1
2004-06-14,4.936,1
2004-06-15,4.239,1
2004-06-16,4.854,1
2004-06-17,3.902,1
2004-06-18,3.814,1
2004-06-19,4.059,1
2004-06-20,4.128,1
2004-06-21,4.192,1
2004-06-22,3.804,1
2004-06-23,4.695,1
2004-06-24,3.978,1
2004-06-25,3.661,1
2004-06-26,3.312,1
2004-06-27,3.738,1
2004-06-28,2.627,1
2004-06-29,3.319,1
2004-06-30,3.316,1
2004-07-01,3.798,1
2004-07-02,2.718,1
2004-07-03,3.473,1
2004-07-04,3.01,1
2004-07-05,3.568,1
2004-07-06,2.624,1
2004-07-07,3.584,1
2004-07-08,3.846,1
2004-07-09,2.955,1
2004-07-10,3.1,1
2004-07-11,3.292,1
2004-07-12,2.943,1
2004-07-13,3.47,1
2004-07-14,2.632,1
2004-07-15,3.2,1
2004-07-16,2.084,1
2004-07-17,2.543,1
2004-07-18,2.789,1
2004-07-19,2.902,1
2004-07-20,3.136,1
2004-07-21,2.429,1
2004-07-22,2.874,1
2004-07-23,2.789,1
2004-07-24,1.802,1
2004-07-25,2.763,1
2004-07-26,2.353,1
2004-07-27,2.784,1
2004-07-28,1.878,1
2004-07-29,2.139,1
2004-07-30,2.261,1
2004-07-31,2.283,1
2004-08-01,2.389,1
2004-08-02,2.429,1
2004-08-03,1.898,1
2004-08-04,2.721,1
2004-08-05,2.366,1
2004-08-06,2.657,1
2004-08-07,2.414,1
2004-08-08,2.166,1
2004-08-09,2.322,1
2004-08-10,2.493,1
2004-08-11,2.572,1
2004-08-12,2.657,1
2004-08-13,2.394,1
2004-08-14,2.38,1
2004-08-15,2.628,1
2004-08-16,2.706,1
2004-08-17,1.86,1
2004-08-18,2.874,1
2004-08-19,2.181,1
2004-08-20,2.372,1
2004-08-21,2.557,1
2004-08-22,2.87,1
2004-08-23,2.457,1
2004-08-24,2.041,1
2004-08-25,1.636,1
2004-08-26,1.867,1
2004-08-27,2.14,1
2004-08-28,2.723,1
2004-08-29,2.355,1
2004-08-30,2.212,1
2004-08-31,1.846,1
2004-09-01,2.373,1
2004-09-02,1.547,1
2004-09-03,2.336,1
2004-09-04,1.789,1
2004-09-05,4.332,1
2004-09-06,4.717,1
2004-09-07,5.404,1
2004-09-08,4.283,1
2004-09-09,4.002,1
2004-09-10,3.676,1
2004-09-11,2.944,1
2004-09-12,3.011,1
2004-09-13,2.387,1
2004-09-14,2.268,1
2004-09-15,2.034,1
2004-09-16,3.337,1
2004-09-17,2.527,1
2004-09-18,2.304,1
2004-09-19,2.536,1
2004-09-20,2.474,1
2004-09-21,2.687,1
2004-09-22,2.195,1
2004-09-23,2.283,1
2004-09-24,2.195,1
2004-09-25,2.726,1
2004-09-26,2.835,1
2004-09-27,2.495,1
2004-09-28,2.548,1
2004-09-29,2.332,1
2004-09-30,2.68,1
2004-10-01,1.095,1
2004-10-02,2.591,1
2004-10-03,2.223,1
2004-10-04,1.418,1
2004-10-05,3.505,1
2004-10-06,2.409,1
2004-10-07,2.146,1
2004-10-08,2.116,1
2004-10-09,2.6,1
2004-10-10,2.644,1
2004-10-11,3.769,1
2004-10-12,4.628,1
2004-10-13,3.845,1
2004-10-14,2.815,1
2004-10-15,3.608,1
2004-10-16,3.893,1
2004-10-17,7.851,1
2004-10-18,7.755,1
2004-10-19,11.664,1
2004-10-20,17.171,1
2004-10-21,16.71,1
2004-10-22,11.754,1
2004-10-23,7.943,1
2004-10-24,7.01,1
2004-10-25,5.764,1
2004-10-26,5.217,1
2004-10-27,5.048,1
2004-10-28,4.881,1
2004-10-29,5.396,1
2004-10-30,5.019,1
2004-10-31,7.499,1
2004-11-01,12.199,1
2004-11-02,10.682,1
2004-11-03,9.078,1
2004-11-04,12.33,1
2004-11-05,11.712,1
2004-11-06,9.872,1
2004-11-07,8.598,1
2004-11-08,6.786,1
2004-11-09,7.366,1
2004-11-10,8.762,1
2004-11-11,17.564,1
2004-11-12,19.58,1
2004-11-13,16.212,1
2004-11-14,14.595,1
2004-11-15,12.281,1
2004-11-16,11.118,1
2004-11-17,9.938,1
2004-11-18,9.131,1
2004-11-19,9.162,1
2004-11-20,8.79,1
2004-11-21,7.862,1
2004-11-22,7.803,1
2004-11-23,7.176,1
2004-11-24,6.886,1
2004-11-25,6.651,1
2004-11-26,6.231,1
2004-11-27,5.712,1
2004-11-28,5.857,1
2004-11-29,6.147,1
2004-11-30,5.734,1
2004-12-01,7.188,1
2004-12-02,8.623,1
2004-12-03,9.376,1
2004-12-04,8.105,1
2004-12-05,7.725,1
2004-12-06,7.067,1
2004-12-07,6.177,1
2004-12-08,6.482,1
2004-12-09,6.002,1
2004-12-10,5.98,1
2004-12-11,5.345,1
2004-12-12,5.646,1
2004-12-13,5.154,1
2004-12-14,4.21,1
2004-12-15,5.309,1
2004-12-16,3.987,1
2004-12-17,5.051,1
2004-12-18,6.802,1
2004-12-19,7.799,1
2004-12-20,7.309,1
2004-12-21,7.347,1
2004-12-22,7.525,1
2004-12-23,6.374,1
2004-12-24,7.111,1
2004-12-25,6.833,1
2004-12-26,6.953,1
2004-12-27,6.843,1
2004-12-28,11.563,1
2004-12-29,14.676,1
2004-12-30,13.048,1
2004-12-31,13.65,1
2005-01-01,12.809,1
2005-01-02,12.481,1
2005-01-03,12.949,1
2005-01-04,11.721,1
2005-01-05,11.11,1
2005-01-06,9.995,1
2005-01-07,9.615,1
2005-01-08,9.375,1
2005-01-09,8.478,1
2005-01-10,8.515,1
2005-01-11,8.474,1
2005-01-12,9.395,1
2005-01-13,14.11,1
2005-01-14,17.714,1
2005-01-15,16.721,1
2005-01-16,14.077,1
2005-01-17,12.506,1
2005-01-18,11.461,1
2005-01-19,10.14,1
2005-01-20,12.059,1
2005-01-21,11.718,1
2005-01-22,10.246,1
2005-01-23,9.329,1
2005-01-24,9.264,1
2005-01-25,8.269,1
2005-01-26,7.872,1
2005-01-27,7.646,1
2005-01-28,7.686,1
2005-01-29,8.187,1
2005-01-30,7.881,1
2005-01-31,7.201,1
2005-02-01,7.73,1
2005-02-02,7.442,1
2005-02-03,8.276,1
2005-02-04,7.955,1
2005-02-05,7.814,1
2005-02-06,7.121,1
2005-02-07,6.927,1
2005-02-08,6.962,1
2005-02-09,6.602,1
2005-02-10,5.971,1
2005-02-11,6.343,1
2005-02-12,6.296,1
2005-02-13,7.085,1
2005-02-14,7.329,1
2005-02-15,7.876,1
2005-02-16,7.183,1
2005-02-17,6.814,1
2005-02-18,6.479,1
2005-02-19,6.378,1
2005-02-20,6.414,1
2005-02-21,6.924,1
2005-02-22,8.59,1
2005-02-23,8.36,1
2005-02-24,7.407,1
2005-02-25,6.976,1
2005-02-26,6.836,1
2005-02-27,6.44,1
2005-02-28,6.749,1
2005-03-01,5.963,1
2005-03-02,5.653,1
2005-03-03,6.599,1
2005-03-04,6.136,1
2005-03-05,5.484,1
2005-03-06,7.324,1
2005-03-07,7.001,1
2005-03-08,7.368,1
2005-03-09,7.223,1
2005-03-10,7.347,1
2005-03-11,8.318,1
2005-03-12,9.606,1
2005-03-13,10.786,1
2005-03-14,14.79,1
2005-03-15,19.297,1
2005-03-16,21.348,1
2005-03-17,24.622,1
2005-03-18,25.555,1
2005-03-19,25.381,1
2005-03-20,26.411,1
2005-03-21,34.516,1
2005-03-22,33.572,1
2005-03-23,26.373,1
2005-03-24,25.335,1
2005-03-25,24.12,1
2005-03-26,24.395,1
2005-03-27,22.98,1
2005-03-28,23.575,1
2005-03-29,20.944,1
2005-03-30,18.937,1
2005-03-31,18.111,1
2005-04-01,18.357,1
2005-04-02,19.749,1
2005-04-03,18.993,1
2005-04-04,17.734,1
2005-04-05,16.221,1
2005-04-06,16.263,1
2005-04-07,16.588,1
2005-04-08,14.768,1
2005-04-09,12.92,1
2005-04-10,11.229,1
2005-04-11,10.689,1
2005-04-12,10.342,1
2005-04-13,10.427,1
2005-04-14,10.966,1
2005-04-15,11.818,1
2005-04-16,12.82,1
2005-04-17,16.431,1
2005-04-18,23.912,1
2005-04-19,20.646,1
2005-04-20,20.753,1
2005-04-21,23.684,1
2005-04-22,23.892,1
2005-04-23,21.28,1
2005-04-24,19.0,1
2005-04-25,16.689,1
2005-04-26,15.395,1
2005-04-27,14.914,1
2005-04-28,14.324,1
2005-04-29,14.447,1
2005-04-30,14.599,1
2005-05-01,15.026,1
2005-05-02,14.109,1
2005-05-03,12.525,1
2005-05-04,11.029,1
2005-05-05,10.435,1
2005-05-06,9.628,1
2005-05-07,9.305,1
2005-05-08,8.765,1
2005-05-09,8.54,1
2005-05-10,9.303,1
2005-05-11,8.414,1
2005-05-12,8.564,1
2005-05-13,8.3,1
2005-05-14,8.368,1
2005-05-15,7.796,1
2005-05-16,8.939,1
2005-05-17,14.576,1
2005-05-18,13.344,1
2005-05-19,12.018,1
2005-05-20,11.439,1
2005-05-21,10.625,1
2005-05-22,9.703,1
2005-05-23,8.81,1
2005-05-24,7.889,1
2005-05-25,8.016,1
2005-05-26,7.197,1
2005-05-27,7.893,1
2005-05-28,6.972,1
2005-05-29,7.059,1
2005-05-30,6.203,1
2005-05-31,6.144,1
2005-06-01,5.851,1
2005-06-02,5.529,1
2005-06-03,5.091,1
2005-06-04,5.152,1
2005-06-05,5.276,1
2005-06-06,4.797,1
2005-06-07,5.076,1
2005-06-08,4.093,1
2005-06-09,4.525,1
2005-06-10,4.338,1
2005-06-11,4.357,1
2005-06-12,4.529,1
2005-06-13,4.335,1
2005-06-14,4.973,1
2005-06-15,4.232,1
2005-06-16,3.951,1
2005-06-17,3.248,1
2005-06-18,3.964,1
2005-06-19,3.417,1
2005-06-20,4.84,1
2005-06-21,3.45,1
2005-06-22,3.493,1
2005-06-23,3.569,1
2005-06-24,3.729,1
2005-06-25,3.556,1
2005-06-26,3.451,1
2005-06-27,2.843,1
2005-06-28,3.51,1
2005-06-29,3.746,1
2005-06-30,2.897,1
2005-07-01,3.462,1
2005-07-02,3.251,1
2005-07-03,2.893,1
2005-07-04,3.238,1
2005-07-05,2.769,1
2005-07-06,2.693,1
2005-07-07,3.112,1
2005-07-08,2.857,1
2005-07-09,2.42,1
2005-07-10,3.284,1
2005-07-11,1.9,1
2005-07-12,2.536,1
2005-07-13,2.838,1
2005-07-14,2.826,1
2005-07-15,2.719,1
2005-07-16,2.656,1
2005-07-17,2.2,1
2005-07-18,2.922,1
2005-07-19,2.359,1
2005-07-20,3.274,1
2005-07-21,2.346,1
2005-07-22,1.74,1
2005-07-23,2.016,1
2005-07-24,2.155,1
2005-07-25,2.155,1
2005-07-26,2.653,1
2005-07-27,2.521,1
2005-07-28,2.314,1
2005-07-29,2.145,1
2005-07-30,2.691,1
2005-07-31,2.288,1
2005-08-01,2.794,1
2005-08-02,2.586,1
2005-08-03,2.127,1
2005-08-04,2.24,1
2005-08-05,2.068,1
2005-08-06,2.074,1
2005-08-07,1.788,1
2005-08-08,1.946,1
2005-08-09,1.894,1
2005-08-10,2.695,1
2005-08-11,2.661,1
2005-08-12,2.568,1
2005-08-13,1.882,1
2005-08-14,1.293,1
2005-08-15,1.972,1
2005-08-16,2.568,1
2005-08-17,2.817,1
2005-08-18,1.734,1
2005-08-19,2.458,1
2005-08-20,2.146,1
2005-08-21,2.121,1
2005-08-22,1.676,1
2005-08-23,2.301,1
2005-08-24,1.797,1
2005-08-25,2.001,1
2005-08-26,1.986,1
2005-08-27,1.957,1
2005-08-28,1.776,1
2005-08-29,2.023,1
2005-08-30,1.856,1
2005-08-31,1.697,1
2005-09-01,1.897,1
2005-09-02,1.855,1
2005-09-03,1.487,1
2005-09-04,1.78,1
2005-09-05,2.31,1
2005-09-06,1.709,1
2005-09-07,2.309,1
2005-09-08,2.232,1
2005-09-09,1.81,1
2005-09-10,2.497,1
2005-09-11,1.416,1
2005-09-12,2.31,1
2005-09-13,2.349,1
2005-09-14,1.74,1
2005-09-15,2.295,1
2005-09-16,2.03,1
2005-09-17,1.554,1
2005-09-18,2.466,1
2005-09-19,2.552,1
2005-09-20,2.327,1
2005-09-21,1.754,1
2005-09-22,1.905,1
2005-09-23,2.333,1
2005-09-24,1.4,1
2005-09-25,1.595,1
2005-09-26,2.059,1
2005-09-27,2.575,1
2005-09-28,2.022,1
2005-09-29,2.195,1
2005-09-30,2.088,1
2005-10-01,2.568,1
2005-10-02,1.755,1
2005-10-03,1.126,1
2005-10-04,2.254,1
2005-10-05,1.246,1
2005-10-06,2.632,1
2005-10-07,1.793,1
2005-10-08,1.668,1
2005-10-09,1.699,1
2005-10-10,1.744,1
2005-10-11,2.082,1
2005-10-12,2.138,1
2005-10-13,3.833,1
2005-10-14,9.179,1
2005-10-15,6.936,1
2005-10-16,4.323,1
2005-10-17,3.591,1
2005-10-18,3.313,1
2005-10-19,3.075,1
2005-10-20,3.444,1
2005-10-21,3.046,1
2005-10-22,2.933,1
2005-10-23,3.096,1
2005-10-24,2.263,1
2005-10-25,2.748,1
2005-10-26,2.81,1
2005-10-27,2.763,1
2005-10-28,2.863,1
2005-10-29,2.785,1
2005-10-30,3.565,1
2005-10-31,5.355,1
2005-11-01,6.233,1
2005-11-02,5.697,1
2005-11-03,4.344,1
2005-11-04,4.625,1
2005-11-05,3.551,1
2005-11-06,3.63,1
2005-11-07,3.608,1
2005-11-08,3.187,1
2005-11-09,2.693,1
2005-11-10,4.787,1
2005-11-11,5.691,1
2005-11-12,4.679,1
2005-11-13,5.042,1
2005-11-14,10.996,1
2005-11-15,13.623,1
2005-11-16,12.729,1
2005-11-17,12.729,1
2005-11-18,9.615,1
2005-11-19,8.64,1
2005-11-20,7.553,1
2005-11-21,7.198,1
2005-11-22,6.747,1
2005-11-23,6.413,1
2005-11-24,5.767,1
2005-11-25,5.699,1
2005-11-26,5.26,1
2005-11-27,5.428,1
2005-11-28,4.688,1
2005-11-29,5.264,1
2005-11-30,4.421,1
2005-12-01,5.633,1
2005-12-02,13.048,1
2005-12-03,13.214,1
2005-12-04,12.617,1
2005-12-05,15.219,1
2005-12-06,12.728,1
2005-12-07,11.49,1
2005-12-08,10.586,1
2005-12-09,11.625,1
2005-12-10,11.592,1
2005-12-11,9.74,1
2005-12-12,8.704,1
2005-12-13,8.476,1
2005-12-14,9.176,1
2005-12-15,8.131,1
2005-12-16,8.074,1
2005-12-17,7.385,1
2005-12-18,8.363,1
2005-12-19,7.837,1
2005-12-20,7.88,1
2005-12-21,6.948,1
2005-12-22,6.942,1
2005-12-23,5.694,1
2005-12-24,6.061,1
2005-12-25,5.93,1
2005-12-26,5.263,1
2005-12-27,4.881,1
2005-12-28,5.884,1
2005-12-29,6.892,1
2005-12-30,16.61,1
2005-12-31,17.25,1
2006-01-01,15.744,1
2006-01-02,16.73,1
2006-01-03,18.454,1
2006-01-04,16.432,1
2006-01-05,14.956,1
2006-01-06,13.933,1
2006-01-07,12.513,1
2006-01-08,11.575,1
2006-01-09,10.313,1
2006-01-10,9.742,1
2006-01-11,9.368,1
2006-01-12,8.313,1
2006-01-13,7.928,1
2006-01-14,6.99,1
2006-01-15,6.561,1
2006-01-16,6.889,1
2006-01-17,6.356,1
2006-01-18,6.516,1
2006-01-19,7.14,1
2006-01-20,7.888,1
2006-01-21,6.536,1
2006-01-22,6.121,1
2006-01-23,6.735,1
2006-01-24,5.635,1
2006-01-25,6.098,1
2006-01-26,4.869,1
2006-01-27,5.824,1
2006-01-28,5.313,1
2006-01-29,4.235,1
2006-01-30,4.795,1
2006-01-31,5.234,1
2006-02-01,4.138,1
2006-02-02,4.574,1
2006-02-03,4.605,1
2006-02-04,4.159,1
2006-02-05,4.267,1
2006-02-06,4.34,1
2006-02-07,4.442,1
2006-02-08,2.945,1
2006-02-09,4.248,1
2006-02-10,4.649,1
2006-02-11,2.85,1
2006-02-12,3.64,1
2006-02-13,4.018,1
2006-02-14,4.268,1
2006-02-15,3.055,1
2006-02-16,4.9,1
2006-02-17,6.22,1
2006-02-18,7.713,1
2006-02-19,10.931,1
2006-02-20,10.005,1
2006-02-21,11.248,1
2006-02-22,9.278,1
2006-02-23,7.359,1
2006-02-24,7.523,1
2006-02-25,6.451,1
2006-02-26,7.634,1
2006-02-27,6.48,1
2006-02-28,6.98,1
2006-03-01,7.315,1
2006-03-02,7.015,1
2006-03-03,12.299,1
2006-03-04,17.958,1
2006-03-05,17.542,1
2006-03-06,14.717,1
2006-03-07,15.676,1
2006-03-08,19.39,1
2006-03-09,19.336,1
2006-03-10,19.32,1
2006-03-11,19.347,1
2006-03-12,19.255,1
2006-03-13,19.292,1
2006-03-14,19.278,1
2006-03-15,19.448,1
2006-03-16,19.514,1
2006-03-17,19.512,1
2006-03-18,19.449,1
2006-03-19,19.466,1
2006-03-20,19.451,1
2006-03-21,18.777,1
2006-03-22,16.432,1
2006-03-23,17.128,1
2006-03-24,18.925,1
2006-03-25,19.669,1
2006-03-26,18.73,1
2006-03-27,19.56,1
2006-03-28,19.577,1
2006-03-29,19.195,1
2006-03-30,0.315,1
2006-03-31,19.254,1
2006-04-01,18.569,1
2006-04-02,16.13,1
2006-04-03,14.404,1
2006-04-04,14.116,1
2006-04-05,14.897,1
2006-04-06,13.515,1
2006-04-07,12.771,1
2006-04-08,11.494,1
2006-04-09,12.401,1
2006-04-10,12.186,1
2006-04-11,10.884,1
2006-04-12,9.708,1
2006-04-13,9.325,1
2006-04-14,9.038,1
2006-04-15,10.631,1
2006-04-16,10.78,1
2006-04-17,10.961,1
2006-04-18,10.691,1
2006-04-19,10.017,1
2006-04-20,9.593,1
2006-04-21,11.372,1
2006-04-22,11.227,1
2006-04-23,10.085,1
2006-04-24,9.742,1
2006-04-25,9.855,1
2006-04-26,10.384,1
2006-04-27,9.157,1
2006-04-28,9.117,1
2006-04-29,8.546,1
2006-04-30,7.51,1
2006-05-01,8.063,1
2006-05-02,6.897,1
2006-05-03,8.139,1
2006-05-04,9.557,1
2006-05-05,8.604,1
2006-05-06,7.938,1
2006-05-07,7.009,1
2006-05-08,6.666,1
2006-05-09,5.981,1
2006-05-10,6.239,1
2006-05-11,6.28,1
2006-05-12,6.246,1
2006-05-13,6.586,1
2006-05-14,6.046,1
2006-05-15,6.099,1
2006-05-16,6.608,1
2006-05-17,5.163,1
2006-05-18,5.95,1
2006-05-19,5.212,1
2006-05-20,5.647,1
2006-05-21,5.034,1
2006-05-22,4.339,1
2006-05-23,5.295,1
2006-05-24,4.016,1
2006-05-25,4.437,1
2006-05-26,4.45,1
2006-05-27,3.759,1
2006-05-28,4.463,1
2006-05-29,3.299,1
2006-05-30,4.407,1
2006-05-31,2.757,1
2006-06-01,4.161,1
2006-06-02,3.542,1
2006-06-03,3.157,1
2006-06-04,3.495,1
2006-06-05,2.825,1
2006-06-06,3.301,1
2006-06-07,3.41,1
2006-06-08,1.705,1
2006-06-09,3.718,1
2006-06-10,3.333,1
2006-06-11,2.925,1
2006-06-12,2.745,1
2006-06-13,3.231,1
2006-06-14,3.876,1
2006-06-15,3.478,1
2006-06-16,3.137,1
2006-06-17,2.988,1
2006-06-18,3.978,1
2006-06-19,2.676,1
2006-06-20,3.295,1
2006-06-21,2.563,1
2006-06-22,3.312,1
2006-06-23,2.714,1
2006-06-24,2.513,1
2006-06-25,3.103,1
2006-06-26,2.501,1
2006-06-27,2.82,1
2006-06-28,2.208,1
2006-06-29,2.618,1
2006-06-30,3.057,1
2006-07-01,2.431,1
2006-07-02,2.481,1
2006-07-03,2.678,1
2006-07-04,2.912,1
2006-07-05,3.413,1
2006-07-06,2.798,1
2006-07-07,2.835,1
2006-07-08,2.374,1
2006-07-09,2.534,1
2006-07-10,2.267,1
2006-07-11,0.804,1
2006-07-12,0.067,1
2006-07-13,1.493,1
2006-07-14,2.074,1
2006-07-15,2.723,1
2006-07-16,2.566,1
2006-07-17,2.382,1
2006-07-18,2.232,1
2006-07-19,2.636,1
2006-07-20,2.524,1
2006-07-21,2.254,1
2006-07-22,2.911,1
2006-07-23,1.998,1
2006-07-24,2.285,1
2006-07-25,2.617,1
2006-07-26,2.54,1
2006-07-27,2.791,1
2006-07-28,2.745,1
2006-07-29,2.097,1
2006-07-30,2.608,1
2006-07-31,2.621,1
2006-08-01,2.477,1
2006-08-02,2.995,1
2006-08-03,1.998,1
2006-08-04,2.506,1
2006-08-05,1.949,1
2006-08-06,1.939,1
2006-08-07,2.226,1
2006-08-08,1.611,1
2006-08-09,1.685,1
2006-08-10,2.662,1
2006-08-11,1.664,1
2006-08-12,1.953,1
2006-08-13,1.03,1
2006-08-14,1.868,1
2006-08-15,2.388,1
2006-08-16,1.859,1
2006-08-17,1.985,1
2006-08-18,2.05,1
2006-08-19,2.324,1
2006-08-20,1.956,1
2006-08-21,2.032,1
2006-08-22,1.856,1
2006-08-23,1.927,1
2006-08-24,1.995,1
2006-08-25,1.93,1
2006-08-26,1.991,1
2006-08-27,1.813,1
2006-08-28,1.605,1
2006-08-29,1.941,1
2006-08-30,1.371,1
2006-08-31,2.005,1
2006-09-01,1.817,1
2006-09-02,1.706,1
2006-09-03,1.581,1
2006-09-04,1.747,1
2006-09-05,1.73,1
2006-09-06,1.689,1
2006-09-07,1.343,1
2006-09-08,1.836,1
2006-09-09,1.851,1
2006-09-10,1.811,1
2006-09-11,1.811,1
2006-09-12,2.049,1
2006-09-13,1.749,1
2006-09-14,1.777,1
2006-09-15,1.96,1
2006-09-16,0.951,1
2006-09-17,2.915,1
2006-09-18,2.055,1
2006-09-19,1.907,1
2006-09-20,1.225,1
2006-09-21,2.186,1
2006-09-22,2.213,1
2006-09-23,0.858,1
2006-09-24,2.45,1
2006-09-25,5.853,1
2006-09-26,3.021,1
2006-09-27,1.575,1
2006-09-28,2.505,1
2006-09-29,2.437,1
2006-09-30,2.574,1
2006-10-01,2.346,1
2006-10-02,2.442,1
2006-10-03,6.024,1
2006-10-04,5.522,1
2006-10-05,5.356,1
2006-10-06,4.944,1
2006-10-07,10.07,1
2006-10-08,7.821,1
2006-10-09,5.876,1
2006-10-10,4.974,1
2006-10-11,6.301,1
2006-10-12,8.079,1
2006-10-13,5.413,1
2006-10-14,4.583,1
2006-10-15,4.623,1
2006-10-16,3.647,1
2006-10-17,1.848,1
2006-10-18,0.223,1
2006-10-19,0.092,1
2006-10-20,1.966,1
2006-10-21,6.094,1
2006-10-22,7.437,1
2006-10-23,13.932,1
2006-10-24,14.905,1
2006-10-25,22.92,1
2006-10-26,26.224,1
2006-10-27,18.823,1
2006-10-28,13.275,1
2006-10-29,10.989,1
2006-10-30,8.382,1
2006-10-31,7.854,1
2006-11-01,6.94,1
2006-11-02,6.384,1
2006-11-03,5.621,1
2006-11-04,5.892,1
2006-11-05,5.16,1
2006-11-06,4.246,1
2006-11-07,4.927,1
2006-11-08,4.599,1
2006-11-09,4.293,1
2006-11-10,4.562,1
2006-11-11,4.441,1
2006-11-12,3.94,1
2006-11-13,3.776,1
2006-11-14,3.799,1
2006-11-15,3.457,1
2006-11-16,3.343,1
2006-11-17,4.795,1
2006-11-18,4.478,1
2006-11-19,8.352,1
2006-11-20,9.763,1
2006-11-21,10.635,1
2006-11-22,19.921,1
2006-11-23,17.581,1
2006-11-24,18.286,1
2006-11-25,28.826,1
2006-11-26,21.54,1
2006-11-27,17.689,1
2006-11-28,18.202,1
2006-11-29,15.749,1
2006-11-30,13.107,1
2006-12-01,11.414,1
2006-12-02,10.233,1
2006-12-03,9.523,1
2006-12-04,11.039,1
2006-12-05,11.712,1
2006-12-06,13.435,1
2006-12-07,14.042,1
2006-12-08,19.607,1
2006-12-09,18.765,1
2006-12-10,17.635,1
2006-12-11,14.285,1
2006-12-12,15.663,1
2006-12-13,16.097,1
2006-12-14,14.253,1
2006-12-15,13.057,1
2006-12-16,12.132,1
2006-12-17,12.76,1
2006-12-18,13.829,1
2006-12-19,13.24,1
2006-12-20,12.015,1
2006-12-21,10.638,1
2006-12-22,9.903,1
2006-12-23,9.205,1
2006-12-24,8.489,1
2006-12-25,8.138,1
2006-12-26,7.777,1
2006-12-27,6.978,1
2006-12-28,6.698,1
2006-12-29,7.189,1
2006-12-30,7.558,1
2006-12-31,11.263,1
2007-01-01,11.003,1
2007-01-02,9.592,1
2007-01-03,8.409,1
2007-01-04,7.754,1
2007-01-05,7.395,1
2007-01-06,6.931,1
2007-01-07,5.67,1
2007-01-08,6.887,1
2007-01-09,5.675,1
2007-01-10,6.161,1
2007-01-11,5.218,1
2007-01-12,5.407,1
2007-01-13,4.939,1
2007-01-14,5.736,1
2007-01-15,4.796,1
2007-01-16,5.524,1
2007-01-17,4.052,1
2007-01-18,4.755,1
2007-01-19,5.427,1
2007-01-20,3.365,1
2007-01-21,4.938,1
2007-01-22,4.54,1
2007-01-23,5.019,1
2007-01-24,4.569,1
2007-01-25,4.788,1
2007-01-26,4.526,1
2007-01-27,4.278,1
2007-01-28,4.847,1
2007-01-29,4.347,1
2007-01-30,4.109,1
2007-01-31,3.834,1
2007-02-01,4.74,1
2007-02-02,5.176,1
2007-02-03,5.201,1
2007-02-04,4.966,1
2007-02-05,6.962,1
2007-02-06,6.676,1
2007-02-07,8.648,1
2007-02-08,16.135,1
2007-02-09,17.171,1
2007-02-10,17.215,1
2007-02-11,20.802,1
2007-02-12,28.334,1
2007-02-13,23.458,1
2007-02-14,26.564,1
2007-02-15,23.717,1
2007-02-16,21.006,1
2007-02-17,20.187,1
2007-02-18,21.181,1
2007-02-19,21.229,1
2007-02-20,21.402,1
2007-02-21,17.856,1
2007-02-22,16.052,1
2007-02-23,17.968,1
2007-02-24,20.374,1
2007-02-25,20.82,1
2007-02-26,19.874,1
2007-02-27,17.451,1
2007-02-28,18.851,1
2007-03-01,17.313,1
2007-03-02,16.41,1
2007-03-03,20.664,1
2007-03-04,19.657,1
2007-03-05,16.25,1
2007-03-06,13.921,1
2007-03-07,12.682,1
2007-03-08,13.216,1
2007-03-09,13.878,1
2007-03-10,17.135,1
2007-03-11,14.815,1
2007-03-12,13.458,1
2007-03-13,12.171,1
2007-03-14,11.448,1
2007-03-15,10.356,1
2007-03-16,9.905,1
2007-03-17,9.735,1
2007-03-18,9.102,1
2007-03-19,9.284,1
2007-03-20,9.406,1
2007-03-21,9.311,1
2007-03-22,8.514,1
2007-03-23,12.011,1
2007-03-24,14.233,1
2007-03-25,14.5,1
2007-03-26,14.787,1
2007-03-27,13.778,1
2007-03-28,12.833,1
2007-03-29,12.507,1
2007-03-30,11.999,1
2007-03-31,13.573,1
2007-04-01,13.791,1
2007-04-02,14.156,1
2007-04-03,14.179,1
2007-04-04,14.945,1
2007-04-05,15.084,1
2007-04-06,13.477,1
2007-04-07,14.017,1
2007-04-08,16.644,1
2007-04-09,18.329,1
2007-04-10,18.507,1
2007-04-11,20.024,1
2007-04-12,21.446,1
2007-04-13,21.011,1
2007-04-14,20.057,1
2007-04-15,18.339,1
2007-04-16,18.483,1
2007-04-17,18.559,1
2007-04-18,18.591,1
2007-04-19,17.658,1
2007-04-20,19.252,1
2007-04-21,16.675,1
2007-04-22,15.459,1
2007-04-23,14.457,1
2007-04-24,13.702,1
2007-04-25,14.988,1
2007-04-26,23.246,1
2007-04-27,23.448,1
2007-04-28,21.829,1
2007-04-29,20.699,1
2007-04-30,20.924,1
2007-05-01,19.044,1
2007-05-02,17.356,1
2007-05-03,15.438,1
2007-05-04,14.343,1
2007-05-05,13.124,1
2007-05-06,11.859,1
2007-05-07,10.732,1
2007-05-08,10.599,1
2007-05-09,10.178,1
2007-05-10,9.287,1
2007-05-11,9.234,1
2007-05-12,8.914,1
2007-05-13,7.032,1
2007-05-14,6.962,1
2007-05-15,7.731,1
2007-05-16,7.899,1
2007-05-17,6.685,1
2007-05-18,7.609,1
2007-05-19,6.685,1
2007-05-20,7.391,1
2007-05-21,12.017,1
2007-05-22,11.628,1
2007-05-23,9.853,1
2007-05-24,7.472,1
2007-05-25,10.4,1
2007-05-26,13.409,1
2007-05-27,12.35,1
2007-05-28,11.775,1
2007-05-29,12.229,1
2007-05-30,11.455,1
2007-05-31,10.382,1
2007-06-01,9.12,1
2007-06-02,8.816,1
2007-06-03,8.054,1
2007-06-04,7.446,1
2007-06-05,7.946,1
2007-06-06,6.517,1
2007-06-07,6.927,1
2007-06-08,6.421,1
2007-06-09,6.846,1
2007-06-10,6.348,1
2007-06-11,5.745,1
2007-06-12,6.254,1
2007-06-13,5.528,1
2007-06-14,6.47,1
2007-06-15,6.378,1
2007-06-16,5.49,1
2007-06-17,5.545,1
2007-06-18,5.426,1
2007-06-19,5.631,1
2007-06-20,4.238,1
2007-06-21,4.997,1
2007-06-22,4.814,1
2007-06-23,5.378,1
2007-06-24,3.889,1
2007-06-25,5.435,1
2007-06-26,4.436,1
2007-06-27,3.59,1
2007-06-28,4.954,1
2007-06-29,3.659,1
2007-06-30,3.856,1
2007-07-01,3.842,1
2007-07-02,4.052,1
2007-07-03,4.358,1
2007-07-04,2.612,1
2007-07-05,3.757,1
2007-07-06,4.337,1
2007-07-07,3.614,1
2007-07-08,4.11,1
2007-07-09,2.374,1
2007-07-10,3.84,1
2007-07-11,3.494,1
2007-07-12,3.389,1
2007-07-13,2.68,1
2007-07-14,3.708,1
2007-07-15,2.625,1
2007-07-16,3.877,1
2007-07-17,2.522,1
2007-07-18,3.225,1
2007-07-19,4.458,1
2007-07-20,2.344,1
2007-07-21,3.412,1
2007-07-22,3.344,1
2007-07-23,3.312,1
2007-07-24,2.705,1
2007-07-25,3.378,1
2007-07-26,2.74,1
2007-07-27,2.477,1
2007-07-28,0.876,1
2007-07-29,1.479,1
2007-07-30,1.622,1
2007-07-31,1.86,1
2007-08-01,1.92,1
2007-08-02,0.471,1
2007-08-03,0.477,1
2007-08-04,2.533,1
2007-08-05,1.268,1
2007-08-06,2.649,1
2007-08-07,2.418,1
2007-08-08,2.489,1
2007-08-09,2.699,1
2007-08-10,3.152,1
2007-08-11,2.278,1
2007-08-12,2.756,1
2007-08-13,1.578,1
2007-08-14,2.08,1
2007-08-15,3.53,1
2007-08-16,2.216,1
2007-08-17,2.206,1
2007-08-18,2.428,1
2007-08-19,2.486,1
2007-08-20,2.053,1
2007-08-21,2.519,1
2007-08-22,2.79,1
2007-08-23,3.353,1
2007-08-24,3.698,1
2007-08-25,3.035,1
2007-08-26,2.855,1
2007-08-27,2.248,1
2007-08-28,2.912,1
2007-08-29,3.259,1
2007-08-30,3.328,1
2007-08-31,2.941,1
2007-09-01,3.601,1
2007-09-02,2.522,1
2007-09-03,2.123,1
2007-09-04,2.505,1
2007-09-05,2.36,1
2007-09-06,2.693,1
2007-09-07,2.699,1
2007-09-08,2.253,1
2007-09-09,1.977,1
2007-09-10,2.262,1
2007-09-11,1.938,1
2007-09-12,2.59,1
2007-09-13,2.325,1
2007-09-14,2.01,1
2007-09-15,2.017,1
2007-09-16,2.142,1
2007-09-17,2.09,1
2007-09-18,2.3,1
2007-09-19,2.609,1
2007-09-20,2.232,1
2007-09-21,2.701,1
2007-09-22,2.344,1
2007-09-23,2.002,1
2007-09-24,1.652,1
2007-09-25,2.178,1
2007-09-26,1.957,1
2007-09-27,2.349,1
2007-09-28,2.214,1
2007-09-29,2.525,1
2007-09-30,2.178,1
2007-10-01,1.691,1
2007-10-02,2.299,1
2007-10-03,2.162,1
2007-10-04,2.559,1
2007-10-05,2.346,1
2007-10-06,2.67,1
2007-10-07,2.333,1
2007-10-08,3.249,1
2007-10-09,3.33,1
2007-10-10,2.399,1
2007-10-11,2.055,1
2007-10-12,2.138,1
2007-10-13,2.048,1
2007-10-14,1.423,1
2007-10-15,1.459,1
2007-10-16,0.698,1
2007-10-17,0.067,1
2007-10-18,0.521,1
2007-10-19,1.384,1
2007-10-20,2.56,1
2007-10-21,2.872,1
2007-10-22,1.874,1
2007-10-23,2.65,1
2007-10-24,2.231,1
2007-10-25,3.88,1
2007-10-26,2.531,1
2007-10-27,2.77,1
2007-10-28,2.547,1
2007-10-29,1.993,1
2007-10-30,2.603,1
2007-10-31,2.637,1
2007-11-01,1.666,1
2007-11-02,2.512,1
2007-11-03,3.375,1
2007-11-04,2.807,1
2007-11-05,2.453,1
2007-11-06,2.198,1
2007-11-07,1.838,1
2007-11-08,2.112,1
2007-11-09,2.819,1
2007-11-10,2.236,1
2007-11-11,2.16,1
2007-11-12,2.096,1
2007-11-13,2.025,1
2007-11-14,1.693,1
2007-11-15,2.687,1
2007-11-16,1.886,1
2007-11-17,2.429,1
2007-11-18,2.01,1
2007-11-19,2.361,1
2007-11-20,3.541,1
2007-11-21,3.438,1
2007-11-22,3.123,1
2007-11-23,3.118,1
2007-11-24,2.699,1
2007-11-25,3.857,1
2007-11-26,3.063,1
2007-11-27,4.03,1
2007-11-28,4.314,1
2007-11-29,3.412,1
2007-11-30,3.375,1
2007-12-01,3.129,1
2007-12-02,3.14,1
2007-12-03,2.615,1
2007-12-04,4.79,1
2007-12-05,3.593,1
2007-12-06,3.432,1
2007-12-07,3.165,1
2007-12-08,3.271,1
2007-12-09,3.922,1
2007-12-10,4.357,1
2007-12-11,3.466,1
2007-12-12,3.252,1
2007-12-13,3.541,1
2007-12-14,2.874,1
2007-12-15,3.177,1
2007-12-16,2.296,1
2007-12-17,2.528,1
2007-12-18,2.862,1
2007-12-19,2.868,1
2007-12-20,2.517,1
2007-12-21,2.405,1
2007-12-22,2.366,1
2007-12-23,2.421,1
2007-12-24,2.43,1
2007-12-25,2.009,1
2007-12-26,1.999,1
2007-12-27,2.647,1
2007-12-28,3.632,1
2007-12-29,2.622,1
2007-12-30,1.787,1
2007-12-31,2.561,1
2008-01-01,1.652,1
2008-01-02,2.351,1
2008-01-03,2.438,1
2008-01-04,3.078,1
2008-01-05,1.84,1
2008-01-06,4.955,1
2008-01-07,4.318,1
2008-01-08,3.759,1
2008-01-09,3.669,1
2008-01-10,3.156,1
2008-01-11,3.398,1
2008-01-12,5.098,1
2008-01-13,3.237,1
2008-01-14,3.694,1
2008-01-15,4.153,1
2008-01-16,9.027,1
2008-01-17,6.2,1
2008-01-18,8.677,1
2008-01-19,7.346,1
2008-01-20,6.539,1
2008-01-21,4.832,1
2008-01-22,5.146,1
2008-01-23,4.68,1
2008-01-24,3.326,1
2008-01-25,4.921,1
2008-01-26,3.409,1
2008-01-27,4.019,1
2008-01-28,4.147,1
2008-01-29,2.865,1
2008-01-30,3.557,1
2008-01-31,2.607,1
2008-02-01,3.452,1
2008-02-02,3.602,1
2008-02-03,3.603,1
2008-02-04,5.654,1
2008-02-05,3.845,1
2008-02-06,4.704,1
2008-02-07,4.362,1
2008-02-08,3.82,1
2008-02-09,4.691,1
2008-02-10,3.719,1
2008-02-11,3.347,1
2008-02-12,4.035,1
2008-02-13,3.643,1
2008-02-14,3.39,1
2008-02-15,3.531,1
2008-02-16,2.586,1
2008-02-17,3.518,1
2008-02-18,2.829,1
2008-02-19,2.97,1
2008-02-20,3.235,1
2008-02-21,3.249,1
2008-02-22,2.366,1
2008-02-23,4.311,1
2008-02-24,3.11,1
2008-02-25,2.378,1
2008-02-26,4.081,1
2008-02-27,3.126,1
2008-02-28,3.908,1
2008-02-29,4.372,1
2008-03-01,4.567,1
2008-03-02,3.635,1
2008-03-03,3.235,1
2008-03-04,3.2,1
2008-03-05,3.183,1
2008-03-06,2.705,1
2008-03-07,3.791,1
2008-03-08,3.117,1
2008-03-09,2.573,1
2008-03-10,3.645,1
2008-03-11,3.036,1
2008-03-12,3.878,1
2008-03-13,3.853,1
2008-03-14,3.714,1
2008-03-15,4.04,1
2008-03-16,3.436,1
2008-03-17,3.465,1
2008-03-18,4.065,1
2008-03-19,3.356,1
2008-03-20,3.824,1
2008-03-21,2.625,1
2008-03-22,5.249,1
2008-03-23,5.021,1
2008-03-24,6.316,1
2008-03-25,9.187,1
2008-03-26,12.172,1
2008-03-27,15.352,1
2008-03-28,19.242,1
2008-03-29,18.954,1
2008-03-30,18.092,1
2008-03-31,16.474,1
2008-04-01,14.47,1
2008-04-02,14.588,1
2008-04-03,14.396,1
2008-04-04,14.241,1
2008-04-05,12.291,1
2008-04-06,11.73,1
2008-04-07,10.96,1
2008-04-08,10.366,1
2008-04-09,12.501,1
2008-04-10,19.043,1
2008-04-11,17.461,1
2008-04-12,14.464,1
2008-04-13,13.28,1
2008-04-14,12.724,1
2008-04-15,12.783,1
2008-04-16,11.761,1
2008-04-17,12.881,1
2008-04-18,14.279,1
2008-04-19,15.056,1
2008-04-20,14.021,1
2008-04-21,15.987,1
2008-04-22,16.183,1
2008-04-23,18.563,1
2008-04-24,18.725,1
2008-04-25,16.62,1
2008-04-26,16.208,1
2008-04-27,15.597,1
2008-04-28,14.736,1
2008-04-29,11.535,1
2008-04-30,11.178,1
2008-05-01,9.62,1
2008-05-02,8.899,1
2008-05-03,8.373,1
2008-05-04,9.462,1
2008-05-05,9.182,1
2008-05-06,8.292,1
2008-05-07,10.113,1
2008-05-08,9.487,1
2008-05-09,11.635,1
2008-05-10,20.907,1
2008-05-11,22.917,1
2008-05-12,20.349,1
2008-05-13,15.258,1
2008-05-14,13.327,1
2008-05-15,14.375,1
2008-05-16,14.118,1
2008-05-17,13.369,1
2008-05-18,12.288,1
2008-05-19,12.447,1
2008-05-20,11.76,1
2008-05-21,11.37,1
2008-05-22,11.171,1
2008-05-23,12.374,1
2008-05-24,9.637,1
2008-05-25,14.025,1
2008-05-26,11.962,1
2008-05-27,11.905,1
2008-05-28,11.282,1
2008-05-29,11.153,1
2008-05-30,10.202,1
2008-05-31,11.861,1
2008-06-01,12.082,1
2008-06-02,12.324,1
2008-06-03,11.253,1
2008-06-04,10.863,1
2008-06-05,10.532,1
2008-06-06,9.298,1
2008-06-07,8.302,1
2008-06-08,8.623,1
2008-06-09,7.936,1
2008-06-10,7.51,1
2008-06-11,8.034,1
2008-06-12,7.229,1
2008-06-13,7.24,1
2008-06-14,6.045,1
2008-06-15,6.284,1
2008-06-16,7.023,1
2008-06-17,10.88,1
2008-06-18,8.139,1
2008-06-19,8.064,1
2008-06-20,7.162,1
2008-06-21,7.165,1
2008-06-22,6.665,1
2008-06-23,7.388,1
2008-06-24,6.801,1
2008-06-25,5.989,1
2008-06-26,5.441,1
2008-06-27,5.978,1
2008-06-28,5.493,1
2008-06-29,4.792,1
2008-06-30,5.108,1
2008-07-01,5.153,1
2008-07-02,4.069,1
2008-07-03,3.871,1
2008-07-04,4.616,1
2008-07-05,4.382,1
2008-07-06,4.321,1
2008-07-07,4.699,1
2008-07-08,4.137,1
2008-07-09,4.334,1
2008-07-10,3.584,1
2008-07-11,3.447,1
2008-07-12,4.008,1
2008-07-13,4.408,1
2008-07-14,3.691,1
2008-07-15,2.834,1
2008-07-16,3.773,1
2008-07-17,3.345,1
2008-07-18,3.223,1
2008-07-19,2.726,1
2008-07-20,2.727,1
2008-07-21,3.595,1
2008-07-22,3.776,1
2008-07-23,2.99,1
2008-07-24,2.824,1
2008-07-25,2.772,1
2008-07-26,2.791,1
2008-07-27,3.285,1
2008-07-28,2.569,1
2008-07-29,3.396,1
2008-07-30,1.621,1
2008-07-31,2.909,1
2008-08-01,3.381,1
2008-08-02,1.805,1
2008-08-03,2.466,1
2008-08-04,2.77,1
2008-08-05,2.932,1
2008-08-06,2.522,1
2008-08-07,2.385,1
2008-08-08,2.435,1
2008-08-09,1.412,1
2008-08-10,1.968,1
2008-08-11,2.164,1
2008-08-12,2.789,1
2008-08-13,2.546,1
2008-08-14,2.461,1
2008-08-15,2.666,1
2008-08-16,1.93,1
2008-08-17,2.107,1
2008-08-18,2.469,1
2008-08-19,2.819,1
2008-08-20,2.299,1
2008-08-21,2.326,1
2008-08-22,2.129,1
2008-08-23,1.978,1
2008-08-24,2.62,1
2008-08-25,1.799,1
2008-08-26,2.495,1
2008-08-27,1.951,1
2008-08-28,2.31,1
2008-08-29,2.091,1
2008-08-30,1.814,1
2008-08-31,1.857,1
2008-09-01,1.275,1
2008-09-02,0.759,1
2008-09-03,0.056,1
2008-09-04,0.057,1
2008-09-05,0.937,1
2008-09-06,3.081,1
2008-09-07,1.838,1
2008-09-08,1.618,1
2008-09-09,2.227,1
2008-09-10,1.503,1
2008-09-11,1.819,1
2008-09-12,1.832,1
2008-09-13,2.409,1
2008-09-14,2.623,1
2008-09-15,2.038,1
2008-09-16,1.816,1
2008-09-17,1.865,1
2008-09-18,1.902,1
2008-09-19,1.395,1
2008-09-20,0.979,1
2008-09-21,2.187,1
2008-09-22,2.709,1
2008-09-23,1.835,1
2008-09-24,1.969,1
2008-09-25,1.387,1
2008-09-26,1.714,1
2008-09-27,2.109,1
2008-09-28,1.619,1
2008-09-29,1.678,1
2008-09-30,1.682,1
2008-10-01,1.484,1
2008-10-02,1.311,1
2008-10-03,1.464,1
2008-10-04,1.883,1
2008-10-05,2.083,1
2008-10-06,1.988,1
2008-10-07,1.876,1
2008-10-08,1.834,1
2008-10-09,2.198,1
2008-10-10,1.49,1
2008-10-11,1.664,1
2008-10-12,1.524,1
2008-10-13,1.379,1
2008-10-14,2.376,1
2008-10-15,1.841,1
2008-10-16,1.238,1
2008-10-17,2.084,1
2008-10-18,1.531,1
2008-10-19,1.056,1
2008-10-20,0.865,1
2008-10-21,0.558,1
2008-10-22,1.319,1
2008-10-23,1.164,1
2008-10-24,0.056,1
2008-10-25,0.056,1
2008-10-26,0.056,1
2008-10-27,0.058,1
2008-10-28,0.126,1
2008-10-29,4.306,1
2008-10-30,5.738,1
2008-10-31,7.005,1
2008-11-01,4.474,1
2008-11-02,4.766,1
2008-11-03,9.777,1
2008-11-04,12.808,1
2008-11-05,10.488,1
2008-11-06,8.289,1
2008-11-07,8.574,1
2008-11-08,7.916,1
2008-11-09,7.892,1
2008-11-10,15.149,1
2008-11-11,17.489,1
2008-11-12,13.508,1
2008-11-13,12.092,1
2008-11-14,9.751,1
2008-11-15,8.795,1
2008-11-16,7.163,1
2008-11-17,7.313,1
2008-11-18,6.902,1
2008-11-19,8.14,1
2008-11-20,7.601,1
2008-11-21,6.806,1
2008-11-22,9.231,1
2008-11-23,15.568,1
2008-11-24,15.443,1
2008-11-25,17.369,1
2008-11-26,14.39,1
2008-11-27,12.21,1
2008-11-28,11.739,1
2008-11-29,11.25,1
2008-11-30,9.603,1
2008-12-01,8.822,1
2008-12-02,8.223,1
2008-12-03,11.765,1
2008-12-04,16.569,1
2008-12-05,17.846,1
2008-12-06,18.935,1
2008-12-07,18.241,1
2008-12-08,18.519,1
2008-12-09,18.861,1
2008-12-10,18.935,1
2008-12-11,18.99,1
2008-12-12,18.589,1
2008-12-13,17.77,1
2008-12-14,18.803,1
2008-12-15,17.956,1
2008-12-16,16.978,1
2008-12-17,16.632,1
2008-12-18,17.119,1
2008-12-19,15.963,1
2008-12-20,14.758,1
2008-12-21,14.543,1
2008-12-22,14.104,1
2008-12-23,13.749,1
2008-12-24,13.27,1
2008-12-25,12.91,1
2008-12-26,11.581,1
2008-12-27,10.978,1
2008-12-28,10.392,1
2008-12-29,9.663,1
2008-12-30,9.733,1
2008-12-31,13.32,1
2009-01-01,17.458,1
2009-01-02,15.76,1
2009-01-03,15.584,1
2009-01-04,15.056,1
2009-01-05,13.358,1
2009-01-06,12.293,1
2009-01-07,10.589,1
2009-01-08,9.983,1
2009-01-09,9.157,1
2009-01-10,8.717,1
2009-01-11,7.622,1
2009-01-12,7.467,1
2009-01-13,7.743,1
2009-01-14,7.849,1
2009-01-15,6.561,1
2009-01-16,6.829,1
2009-01-17,6.666,1
2009-01-18,6.376,1
2009-01-19,13.548,1
2009-01-20,13.748,1
2009-01-21,10.999,1
2009-01-22,13.588,1
2009-01-23,21.232,1
2009-01-24,20.566,1
2009-01-25,20.783,1
2009-01-26,20.594,1
2009-01-27,20.374,1
2009-01-28,21.319,1
2009-01-29,20.529,1
2009-01-30,20.909,1
2009-01-31,20.55,1
2009-02-01,17.661,1
2009-02-02,18.396,1
2009-02-03,17.095,1
2009-02-04,16.076,1
2009-02-05,15.1,1
2009-02-06,13.94,1
2009-02-07,12.566,1
2009-02-08,13.105,1
2009-02-09,18.462,1
2009-02-10,18.802,1
2009-02-11,18.984,1
2009-02-12,18.606,1
2009-02-13,17.238,1
2009-02-14,15.925,1
2009-02-15,14.515,1
2009-02-16,13.093,1
2009-02-17,12.303,1
2009-02-18,11.885,1
2009-02-19,11.025,1
2009-02-20,10.45,1
2009-02-21,10.036,1
2009-02-22,9.492,1
2009-02-23,11.512,1
2009-02-24,11.38,1
2009-02-25,11.129,1
2009-02-26,10.899,1
2009-02-27,9.726,1
2009-02-28,11.517,1
2009-03-01,8.8,1
2009-03-02,9.34,1
2009-03-03,7.739,1
2009-03-04,9.016,1
2009-03-05,10.075,1
2009-03-06,13.101,1
2009-03-07,21.252,1
2009-03-08,21.383,1
2009-03-09,20.051,1
2009-03-10,17.568,1
2009-03-11,16.223,1
2009-03-12,15.165,1
2009-03-13,15.252,1
2009-03-14,15.391,1
2009-03-15,14.747,1
2009-03-16,14.474,1
2009-03-17,14.037,1
2009-03-18,14.317,1
2009-03-19,14.411,1
2009-03-20,12.529,1
2009-03-21,13.436,1
2009-03-22,12.829,1
2009-03-23,12.0,1
2009-03-24,11.31,1
2009-03-25,10.672,1
2009-03-26,10.38,1
2009-03-27,9.989,1
2009-03-28,11.358,1
2009-03-29,10.412,1
2009-03-30,10.354,1
2009-03-31,9.583,1
2009-04-01,7.918,1
2009-04-02,9.206,1
2009-04-03,9.681,1
2009-04-04,11.21,1
2009-04-05,12.098,1
2009-04-06,13.117,1
2009-04-07,12.446,1
2009-04-08,11.834,1
2009-04-09,10.927,1
2009-04-10,11.84,1
2009-04-11,11.164,1
2009-04-12,10.49,1
2009-04-13,9.763,1
2009-04-14,9.703,1
2009-04-15,10.952,1
2009-04-16,10.47,1
2009-04-17,10.205,1
2009-04-18,9.889,1
2009-04-19,10.185,1
2009-04-20,10.506,1
2009-04-21,10.655,1
2009-04-22,10.593,1
2009-04-23,11.292,1
2009-04-24,12.35,1
2009-04-25,12.96,1
2009-04-26,11.647,1
2009-04-27,10.171,1
2009-04-28,10.556,1
2009-04-29,9.996,1
2009-04-30,11.709,1
2009-05-01,13.324,1
2009-05-02,12.444,1
2009-05-03,13.379,1
2009-05-04,13.603,1
2009-05-05,13.654,1
2009-05-06,14.642,1
2009-05-07,16.332,1
2009-05-08,15.55,1
2009-05-09,13.746,1
2009-05-10,13.835,1
2009-05-11,14.929,1
2009-05-12,14.377,1
2009-05-13,13.371,1
2009-05-14,12.047,1
2009-05-15,11.342,1
2009-05-16,11.294,1
2009-05-17,16.436,1
2009-05-18,12.997,1
2009-05-19,11.522,1
2009-05-20,11.063,1
2009-05-21,10.955,1
2009-05-22,11.279,1
2009-05-23,11.276,1
2009-05-24,11.308,1
2009-05-25,9.514,1
2009-05-26,8.856,1
2009-05-27,8.23,1
2009-05-28,7.409,1
2009-05-29,8.617,1
2009-05-30,8.868,1
2009-05-31,8.276,1
2009-06-01,6.34,1
2009-06-02,7.142,1
2009-06-03,6.935,1
2009-06-04,6.874,1
2009-06-05,7.454,1
2009-06-06,6.758,1
2009-06-07,5.567,1
2009-06-08,6.607,1
2009-06-09,6.9,1
2009-06-10,7.131,1
2009-06-11,7.895,1
2009-06-12,6.517,1
2009-06-13,5.669,1
2009-06-14,5.979,1
2009-06-15,6.017,1
2009-06-16,5.987,1
2009-06-17,4.89,1
2009-06-18,5.052,1
2009-06-19,4.709,1
2009-06-20,5.6,1
2009-06-21,4.647,1
2009-06-22,4.132,1
2009-06-23,4.519,1
2009-06-24,3.564,1
2009-06-25,4.292,1
2009-06-26,4.105,1
2009-06-27,3.925,1
2009-06-28,4.494,1
2009-06-29,4.022,1
2009-06-30,3.628,1
2009-07-01,2.922,1
2009-07-02,3.619,1
2009-07-03,4.522,1
2009-07-04,3.267,1
2009-07-05,2.796,1
2009-07-06,2.379,1
2009-07-07,2.801,1
2009-07-08,4.191,1
2009-07-09,2.744,1
2009-07-10,2.396,1
2009-07-11,3.494,1
2009-07-12,2.403,1
2009-07-13,2.576,1
2009-07-14,3.143,1
2009-07-15,2.751,1
2009-07-16,1.747,1
2009-07-17,3.249,1
2009-07-18,2.365,1
2009-07-19,2.649,1
2009-07-20,2.157,1
2009-07-21,2.548,1
2009-07-22,2.362,1
2009-07-23,4.724,1
2009-07-24,2.577,1
2009-07-25,2.651,1
2009-07-26,2.054,1
2009-07-27,3.238,1
2009-07-28,2.518,1
2009-07-29,2.107,1
2009-07-30,2.595,1
2009-07-31,2.45,1
2009-08-01,1.829,1
2009-08-02,2.413,1
2009-08-03,3.079,1
2009-08-04,2.867,1
2009-08-05,2.293,1
2009-08-06,2.434,1
2009-08-07,1.75,1
2009-08-08,2.051,1
2009-08-09,2.482,1
2009-08-10,2.525,1
2009-08-11,2.997,1
2009-08-12,2.797,1
2009-08-13,1.909,1
2009-08-14,1.878,1
2009-08-15,2.662,1
2009-08-16,1.69,1
2009-08-17,1.813,1
2009-08-18,2.676,1
2009-08-19,2.258,1
2009-08-20,1.798,1
2009-08-21,2.835,1
2009-08-22,1.603,1
2009-08-23,1.415,1
2009-08-24,2.185,1
2009-08-25,1.827,1
2009-08-26,3.005,1
2009-08-27,2.021,1
2009-08-28,1.863,1
2009-08-29,2.962,1
2009-08-30,1.521,1
2009-08-31,1.838,1
2009-09-01,2.556,1
2009-09-02,1.511,1
2009-09-03,1.224,1
2009-09-04,1.693,1
2009-09-05,1.811,1
2009-09-06,2.107,1
2009-09-07,2.469,1
2009-09-08,2.087,1
2009-09-09,1.998,1
2009-09-10,1.865,1
2009-09-11,1.856,1
2009-09-12,1.942,1
2009-09-13,1.582,1
2009-09-14,2.036,1
2009-09-15,1.796,1
2009-09-16,1.874,1
2009-09-17,2.537,1
2009-09-18,2.678,1
2009-09-19,2.639,1
2009-09-20,1.597,1
2009-09-21,2.457,1
2009-09-22,1.212,1
2009-09-23,2.699,1
2009-09-24,1.73,1
2009-09-25,1.931,1
2009-09-26,1.991,1
2009-09-27,1.869,1
2009-09-28,1.84,1
2009-09-29,2.114,1
2009-09-30,1.928,1
2009-10-01,1.822,1
2009-10-02,1.652,1
2009-10-03,1.221,1
2009-10-04,1.365,1
2009-10-05,2.076,1
2009-10-06,2.799,1
2009-10-07,1.379,1
2009-10-08,2.807,1
2009-10-09,2.267,1
2009-10-10,2.567,1
2009-10-11,3.075,1
2009-10-12,1.653,1
2009-10-13,1.319,1
2009-10-14,1.687,1
2009-10-15,2.778,1
2009-10-16,2.579,1
2009-10-17,2.325,1
2009-10-18,2.319,1
2009-10-19,2.244,1
2009-10-20,2.202,1
2009-10-21,2.141,1
2009-10-22,3.06,1
2009-10-23,3.325,1
2009-10-24,2.962,1
2009-10-25,3.825,1
2009-10-26,3.477,1
2009-10-27,2.982,1
2009-10-28,2.369,1
2009-10-29,2.253,1
2009-10-30,2.9,1
2009-10-31,2.26,1
2009-11-01,2.973,1
2009-11-02,3.384,1
2009-11-03,2.767,1
2009-11-04,4.157,1
2009-11-05,4.594,1
2009-11-06,9.256,1
2009-11-07,20.595,1
2009-11-08,13.241,1
2009-11-09,19.962,1
2009-11-10,16.254,1
2009-11-11,15.483,1
2009-11-12,16.578,1
2009-11-13,15.442,1
2009-11-14,15.495,1
2009-11-15,19.363,1
2009-11-16,45.79,1
2009-11-17,55.426,1
2009-11-18,38.546,1
2009-11-19,13.879,1
2009-11-20,10.982,1
2009-11-21,8.65,1
2009-11-22,7.628,1
2009-11-23,6.697,1
2009-11-24,8.009,1
2009-11-25,5.453,1
2009-11-26,6.09,1
2009-11-27,6.256,1
2009-11-28,4.612,1
2009-11-29,7.825,1
2009-11-30,7.166,1
2009-12-01,7.809,1
2009-12-02,13.62,1
2009-12-03,16.97,1
2009-12-04,14.099,1
2009-12-05,14.084,1
2009-12-06,54.88,1
2009-12-07,56.41,1
2009-12-08,37.809,1
2009-12-09,15.931,1
2009-12-10,12.676,1
2009-12-11,11.664,1
2009-12-12,9.595,1
2009-12-13,8.986,1
2009-12-14,8.238,1
2009-12-15,7.974,1
2009-12-16,7.196,1
2009-12-17,7.2,1
2009-12-18,6.864,1
2009-12-19,6.05,1
2009-12-20,5.901,1
2009-12-21,7.614,1
2009-12-22,28.17,1
2009-12-23,15.937,1
2009-12-24,33.995,1
2009-12-25,40.084,1
2009-12-26,16.009,1
2009-12-27,12.95,1
2009-12-28,29.049,1
2009-12-29,57.451,1
2009-12-30,54.635,1
2009-12-31,53.99,1
2010-01-01,19.183,1
2010-01-02,15.671,1
2010-01-03,15.363,1
2010-01-04,15.307,1
2010-01-05,13.34,1
2010-01-06,12.295,1
2010-01-07,11.06,1
2010-01-08,10.279,1
2010-01-09,9.743,1
2010-01-10,9.001,1
2010-01-11,8.398,1
2010-01-12,12.569,1
2010-01-13,15.517,1
2010-01-14,19.35,1
2010-01-15,20.462,1
2010-01-16,19.811,1
2010-01-17,19.841,1
2010-01-18,19.922,1
2010-01-19,20.584,1
2010-01-20,19.94,1
2010-01-21,16.495,1
2010-01-22,14.728,1
2010-01-23,14.496,1
2010-01-24,16.351,1
2010-01-25,16.037,1
2010-01-26,14.091,1
2010-01-27,13.041,1
2010-01-28,11.863,1
2010-01-29,11.266,1
2010-01-30,11.554,1
2010-01-31,13.903,1
2010-02-01,14.683,1
2010-02-02,12.511,1
2010-02-03,11.257,1
2010-02-04,11.366,1
2010-02-05,14.661,1
2010-02-06,12.91,1
2010-02-07,12.367,1
2010-02-08,12.518,1
2010-02-09,14.524,1
2010-02-10,13.545,1
2010-02-11,12.233,1
2010-02-12,11.145,1
2010-02-13,10.148,1
2010-02-14,9.869,1
2010-02-15,9.167,1
2010-02-16,8.46,1
2010-02-17,8.831,1
2010-02-18,7.64,1
2010-02-19,8.085,1
2010-02-20,6.855,1
2010-02-21,7.235,1
2010-02-22,7.609,1
2010-02-23,9.763,1
2010-02-24,11.655,1
2010-02-25,20.74,1
2010-02-26,20.646,1
2010-02-27,20.969,1
2010-02-28,20.874,1
2010-03-01,20.847,1
2010-03-02,19.842,1
2010-03-03,16.772,1
2010-03-04,15.105,1
2010-03-05,13.898,1
2010-03-06,12.767,1
2010-03-07,11.963,1
2010-03-08,10.719,1
2010-03-09,10.007,1
2010-03-10,9.084,1
2010-03-11,8.793,1
2010-03-12,8.472,1
2010-03-13,7.837,1
2010-03-14,7.533,1
2010-03-15,7.445,1
2010-03-16,6.582,1
2010-03-17,6.971,1
2010-03-18,7.342,1
2010-03-19,12.702,1
2010-03-20,20.427,1
2010-03-21,20.454,1
2010-03-22,17.864,1
2010-03-23,14.397,1
2010-03-24,14.702,1
2010-03-25,15.196,1
2010-03-26,12.958,1
2010-03-27,10.876,1
2010-03-28,9.841,1
2010-03-29,10.082,1
2010-03-30,13.291,1
2010-03-31,12.771,1
2010-04-01,12.285,1
2010-04-02,11.112,1
2010-04-03,10.834,1
2010-04-04,10.157,1
2010-04-05,9.317,1
2010-04-06,9.461,1
2010-04-07,9.962,1
2010-04-08,9.51,1
2010-04-09,9.545,1
2010-04-10,9.787,1
2010-04-11,10.068,1
2010-04-12,10.588,1
2010-04-13,9.74,1
2010-04-14,8.591,1
2010-04-15,8.736,1
2010-04-16,9.468,1
2010-04-17,11.248,1
2010-04-18,11.509,1
2010-04-19,12.874,1
2010-04-20,11.996,1
2010-04-21,12.335,1
2010-04-22,15.346,1
2010-04-23,14.428,1
2010-04-24,13.22,1
2010-04-25,12.592,1
2010-04-26,12.897,1
2010-04-27,12.483,1
2010-04-28,11.685,1
2010-04-29,13.079,1
2010-04-30,12.111,1
2010-05-01,10.85,1
2010-05-02,9.526,1
2010-05-03,10.662,1
2010-05-04,11.808,1
2010-05-05,10.825,1
2010-05-06,10.033,1
2010-05-07,11.762,1
2010-05-08,12.99,1
2010-05-09,17.076,1
2010-05-10,20.303,1
2010-05-11,18.716,1
2010-05-12,17.665,1
2010-05-13,15.661,1
2010-05-14,14.643,1
2010-05-15,16.654,1
2010-05-16,15.522,1
2010-05-17,15.258,1
2010-05-18,16.161,1
2010-05-19,16.156,1
2010-05-20,15.938,1
2010-05-21,15.745,1
2010-05-22,14.335,1
2010-05-23,13.916,1
2010-05-24,13.698,1
2010-05-25,13.553,1
2010-05-26,11.746,1
2010-05-27,10.801,1
2010-05-28,9.146,1
2010-05-29,9.532,1
2010-05-30,8.746,1
2010-05-31,8.963,1
2010-06-01,8.482,1
2010-06-02,8.11,1
2010-06-03,8.045,1
2010-06-04,6.924,1
2010-06-05,6.579,1
2010-06-06,7.246,1
2010-06-07,6.337,1
2010-06-08,6.66,1
2010-06-09,6.555,1
2010-06-10,15.23,1
2010-06-11,19.585,1
2010-06-12,19.417,1
2010-06-13,20.323,1
2010-06-14,20.35,1
2010-06-15,20.648,1
2010-06-16,19.994,1
2010-06-17,20.362,1
2010-06-18,20.926,1
2010-06-19,20.681,1
2010-06-20,18.735,1
2010-06-21,16.146,1
2010-06-22,14.265,1
2010-06-23,12.984,1
2010-06-24,11.925,1
2010-06-25,11.047,1
2010-06-26,10.927,1
2010-06-27,10.211,1
2010-06-28,9.004,1
2010-06-29,8.753,1
2010-06-30,8.058,1
2010-07-01,8.325,1
2010-07-02,7.372,1
2010-07-03,7.455,1
2010-07-04,7.506,1
2010-07-05,7.112,1
2010-07-06,6.806,1
2010-07-07,5.837,1
2010-07-08,5.589,1
2010-07-09,6.17,1
2010-07-10,6.161,1
2010-07-11,4.418,1
2010-07-12,5.447,1
2010-07-13,4.806,1
2010-07-14,5.22,1
2010-07-15,4.875,1
2010-07-16,4.759,1
2010-07-17,4.13,1
2010-07-18,4.845,1
2010-07-19,5.36,1
2010-07-20,3.274,1
2010-07-21,5.333,1
2010-07-22,3.714,1
2010-07-23,3.673,1
2010-07-24,5.027,1
2010-07-25,2.712,1
2010-07-26,4.528,1
2010-07-27,3.44,1
2010-07-28,3.336,1
2010-07-29,4.028,1
2010-07-30,3.685,1
2010-07-31,2.619,1
2010-08-01,3.79,1
2010-08-02,2.852,1
2010-08-03,3.918,1
2010-08-04,3.071,1
2010-08-05,3.571,1
2010-08-06,2.852,1
2010-08-07,3.555,1
2010-08-08,2.699,1
2010-08-09,2.83,1
2010-08-10,3.031,1
2010-08-11,2.268,1
2010-08-12,3.329,1
2010-08-13,2.972,1
2010-08-14,2.741,1
2010-08-15,2.829,1
2010-08-16,3.861,1
2010-08-17,2.714,1
2010-08-18,2.361,1
2010-08-19,2.988,1
2010-08-20,3.363,1
2010-08-21,2.625,1
2010-08-22,2.572,1
2010-08-23,2.891,1
2010-08-24,3.544,1
2010-08-25,2.739,1
2010-08-26,2.548,1
2010-08-27,2.591,1
2010-08-28,2.639,1
2010-08-29,1.933,1
2010-08-30,2.573,1
2010-08-31,2.224,1
2010-09-01,2.955,1
2010-09-02,3.13,1
2010-09-03,2.055,1
2010-09-04,2.735,1
2010-09-05,2.486,1
2010-09-06,1.746,1
2010-09-07,2.866,1
2010-09-08,2.558,1
2010-09-09,2.602,1
2010-09-10,2.279,1
2010-09-11,2.021,1
2010-09-12,3.006,1
2010-09-13,2.114,1
2010-09-14,2.604,1
2010-09-15,2.229,1
2010-09-16,2.358,1
2010-09-17,1.573,1
2010-09-18,2.408,1
2010-09-19,2.811,1
2010-09-20,2.276,1
2010-09-21,2.708,1
2010-09-22,2.004,1
2010-09-23,1.825,1
2010-09-24,2.283,1
2010-09-25,2.648,1
2010-09-26,2.042,1
2010-09-27,2.604,1
2010-09-28,1.695,1
2010-09-29,1.444,1
2010-09-30,2.171,1
2010-10-01,2.197,1
2010-10-02,2.397,1
2010-10-03,2.889,1
2010-10-04,4.816,1
2010-10-05,3.454,1
2010-10-06,3.374,1
2010-10-07,3.255,1
2010-10-08,3.513,1
2010-10-09,5.033,1
2010-10-10,6.213,1
2010-10-11,7.446,1
2010-10-12,15.921,1
2010-10-13,9.652,1
2010-10-14,6.039,1
2010-10-15,6.397,1
2010-10-16,4.856,1
2010-10-17,4.143,1
2010-10-18,3.959,1
2010-10-19,3.617,1
2010-10-20,3.121,1
2010-10-21,3.718,1
2010-10-22,3.239,1
2010-10-23,2.214,1
2010-10-24,4.226,1
2010-10-25,3.772,1
2010-10-26,3.35,1
2010-10-27,3.665,1
2010-10-28,3.18,1
2010-10-29,3.467,1
2010-10-30,4.313,1
2010-10-31,9.006,1
2010-11-01,18.215,1
2010-11-02,20.509,1
2010-11-03,16.6,1
2010-11-04,11.913,1
2010-11-05,9.471,1
2010-11-06,7.919,1
2010-11-07,7.766,1
2010-11-08,10.348,1
2010-11-09,18.241,1
2010-11-10,19.744,1
2010-11-11,20.174,1
2010-11-12,20.178,1
2010-11-13,19.793,1
2010-11-14,19.096,1
2010-11-15,19.619,1
2010-11-16,18.015,1
2010-11-17,17.288,1
2010-11-18,16.995,1
2010-11-19,15.279,1
2010-11-20,17.843,1
2010-11-21,19.423,1
2010-11-22,20.228,1
2010-11-23,18.952,1
2010-11-24,16.042,1
2010-11-25,13.922,1
2010-11-26,12.801,1
2010-11-27,11.188,1
2010-11-28,10.565,1
2010-11-29,9.47,1
2010-11-30,9.332,1
2010-12-01,8.809,1
2010-12-02,8.098,1
2010-12-03,8.346,1
2010-12-04,7.004,1
2010-12-05,7.741,1
2010-12-06,6.257,1
2010-12-07,20.234,1
2010-12-08,14.91,1
2010-12-09,13.657,1
2010-12-10,19.575,1
2010-12-11,17.696,1
2010-12-12,16.212,1
2010-12-13,14.304,1
2010-12-14,12.702,1
2010-12-15,11.128,1
2010-12-16,10.214,1
2010-12-17,9.976,1
2010-12-18,9.241,1
2010-12-19,8.946,1
2010-12-20,7.909,1
2010-12-21,8.327,1
2010-12-22,8.655,1
2010-12-23,10.986,1
2010-12-24,9.504,1
2010-12-25,8.965,1
2010-12-26,8.069,1
2010-12-27,8.055,1
2010-12-28,11.146,1
2010-12-29,13.484,1
2010-12-30,13.981,1
2010-12-31,12.751,1
2011-01-01,11.545,1
2011-01-02,10.329,1
2011-01-03,9.789,1
2011-01-04,10.175,1
2011-01-05,12.857,1
2011-01-06,17.706,1
2011-01-07,20.283,1
2011-01-08,21.646,1
2011-01-09,21.135,1
2011-01-10,19.359,1
2011-01-11,16.329,1
2011-01-12,15.672,1
2011-01-13,14.262,1
2011-01-14,12.845,1
2011-01-15,11.712,1
2011-01-16,11.003,1
2011-01-17,10.248,1
2011-01-18,9.562,1
2011-01-19,9.722,1
2011-01-20,9.319,1
2011-01-21,9.257,1
2011-01-22,8.111,1
2011-01-23,8.491,1
2011-01-24,7.492,1
2011-01-25,7.492,1
2011-01-26,7.513,1
2011-01-27,7.146,1
2011-01-28,7.379,1
2011-01-29,6.752,1
2011-01-30,7.369,1
2011-01-31,6.542,1
2011-02-01,6.605,1
2011-02-02,7.051,1
2011-02-03,6.207,1
2011-02-04,7.23,1
2011-02-05,7.133,1
2011-02-06,6.898,1
2011-02-07,7.773,1
2011-02-08,7.674,1
2011-02-09,7.556,1
2011-02-10,8.273,1
2011-02-11,7.986,1
2011-02-12,7.372,1
2011-02-13,7.374,1
2011-02-14,7.163,1
2011-02-15,7.264,1
2011-02-16,7.927,1
2011-02-17,8.314,1
2011-02-18,10.293,1
2011-02-19,12.218,1
2011-02-20,12.605,1
2011-02-21,13.33,1
2011-02-22,19.721,1
2011-02-23,19.354,1
2011-02-24,15.372,1
2011-02-25,13.125,1
2011-02-26,12.54,1
2011-02-27,11.599,1
2011-02-28,11.1,1
2011-03-01,10.644,1
2011-03-02,10.163,1
2011-03-03,9.586,1
2011-03-04,9.051,1
2011-03-05,9.459,1
2011-03-06,8.614,1
2011-03-07,8.857,1
2011-03-08,9.68,1
2011-03-09,9.485,1
2011-03-10,10.411,1
2011-03-11,9.972,1
2011-03-12,9.927,1
2011-03-13,10.42,1
2011-03-14,9.252,1
2011-03-15,10.847,1
2011-03-16,12.497,1
2011-03-17,16.577,1
2011-03-18,15.526,1
2011-03-19,13.442,1
2011-03-20,12.698,1
2011-03-21,11.503,1
2011-03-22,10.969,1
2011-03-23,9.86,1
2011-03-24,9.179,1
2011-03-25,10.359,1
2011-03-26,10.515,1
2011-03-27,12.205,1
2011-03-28,11.134,1
2011-03-29,10.723,1
2011-03-30,13.254,1
2011-03-31,13.744,1
2011-04-01,12.951,1
2011-04-02,14.741,1
2011-04-03,13.884,1
2011-04-04,12.387,1
2011-04-05,10.551,1
2011-04-06,10.855,1
2011-04-07,11.806,1
2011-04-08,11.438,1
2011-04-09,11.062,1
2011-04-10,10.638,1
2011-04-11,9.227,1
2011-04-12,8.558,1
2011-04-13,8.339,1
2011-04-14,7.493,1
2011-04-15,7.376,1
2011-04-16,7.247,1
2011-04-17,6.331,1
2011-04-18,6.892,1
2011-04-19,6.651,1
2011-04-20,6.37,1
2011-04-21,7.335,1
2011-04-22,6.221,1
2011-04-23,7.397,1
2011-04-24,6.689,1
2011-04-25,6.199,1
2011-04-26,6.028,1
2011-04-27,5.878,1
2011-04-28,6.348,1
2011-04-29,4.866,1
2011-04-30,6.259,1
2011-05-01,5.404,1
2011-05-02,7.743,1
2011-05-03,7.617,1
2011-05-04,6.812,1
2011-05-05,6.363,1
2011-05-06,7.31,1
2011-05-07,6.282,1
2011-05-08,6.785,1
2011-05-09,4.744,1
2011-05-10,6.48,1
2011-05-11,4.906,1
2011-05-12,5.709,1
2011-05-13,4.834,1
2011-05-14,5.182,1
2011-05-15,4.904,1
2011-05-16,5.788,1
2011-05-17,4.469,1
2011-05-18,4.945,1
2011-05-19,4.949,1
2011-05-20,3.298,1
2011-05-21,4.67,1
2011-05-22,4.741,1
2011-05-23,3.826,1
2011-05-24,4.741,1
2011-05-25,4.097,1
2011-05-26,3.505,1
2011-05-27,4.363,1
2011-05-28,3.93,1
2011-05-29,3.518,1
2011-05-30,5.976,1
2011-05-31,7.192,1
2011-06-01,7.463,1
2011-06-02,6.175,1
2011-06-03,5.227,1
2011-06-04,4.783,1
2011-06-05,5.313,1
2011-06-06,4.842,1
2011-06-07,6.934,1
2011-06-08,6.536,1
2011-06-09,5.993,1
2011-06-10,5.265,1
2011-06-11,4.957,1
2011-06-12,5.368,1
2011-06-13,4.545,1
2011-06-14,5.214,1
2011-06-15,3.889,1
2011-06-16,3.851,1
2011-06-17,4.321,1
2011-06-18,4.198,1
2011-06-19,3.882,1
2011-06-20,3.321,1
2011-06-21,3.506,1
2011-06-22,3.591,1
2011-06-23,3.797,1
2011-06-24,3.286,1
2011-06-25,2.878,1
2011-06-26,3.195,1
2011-06-27,3.495,1
2011-06-28,3.256,1
2011-06-29,3.455,1
2011-06-30,3.44,1
2011-07-01,3.495,1
2011-07-02,3.21,1
2011-07-03,2.573,1
2011-07-04,3.198,1
2011-07-05,2.696,1
2011-07-06,3.063,1
2011-07-07,3.158,1
2011-07-08,2.468,1
2011-07-09,2.614,1
2011-07-10,3.697,1
2011-07-11,3.595,1
2011-07-12,2.382,1
2011-07-13,4.924,1
2011-07-14,3.108,1
2011-07-15,3.478,1
2011-07-16,3.275,1
2011-07-17,2.974,1
2011-07-18,3.218,1
2011-07-19,3.184,1
2011-07-20,1.89,1
2011-07-21,3.033,1
2011-07-22,3.155,1
2011-07-23,3.128,1
2011-07-24,2.129,1
2011-07-25,2.115,1
2011-07-26,2.749,1
2011-07-27,3.067,1
2011-07-28,3.297,1
2011-07-29,2.211,1
2011-07-30,2.407,1
2011-07-31,2.371,1
2011-08-01,2.296,1
2011-08-02,2.996,1
2011-08-03,2.358,1
2011-08-04,1.794,1
2011-08-05,2.261,1
2011-08-06,2.9,1
2011-08-07,1.88,1
2011-08-08,2.349,1
2011-08-09,2.294,1
2011-08-10,1.642,1
2011-08-11,2.583,1
2011-08-12,1.954,1
2011-08-13,2.125,1
2011-08-14,1.452,1
2011-08-15,2.949,1
2011-08-16,0.898,1
2011-08-17,2.81,1
2011-08-18,2.615,1
2011-08-19,2.042,1
2011-08-20,1.79,1
2011-08-21,1.617,1
2011-08-22,2.386,1
2011-08-23,2.643,1
2011-08-24,1.306,1
2011-08-25,2.556,1
2011-08-26,2.653,1
2011-08-27,1.886,1
2011-08-28,2.161,1
2011-08-29,2.083,1
2011-08-30,2.194,1
2011-08-31,2.042,1
2011-09-01,2.029,1
2011-09-02,1.968,1
2011-09-03,1.807,1
2011-09-04,1.241,1
2011-09-05,1.735,1
2011-09-06,3.085,1
2011-09-07,1.745,1
2011-09-08,1.831,1
2011-09-09,1.43,1
2011-09-10,2.127,1
2011-09-11,2.229,1
2011-09-12,1.061,1
2011-09-13,1.404,1
2011-09-14,2.828,1
2011-09-15,1.929,1
2011-09-16,1.713,1
2011-09-17,1.888,1
2011-09-18,1.836,1
2011-09-19,1.478,1
2011-09-20,1.683,1
2011-09-21,2.313,1
2011-09-22,1.711,1
2011-09-23,1.597,1
2011-09-24,2.446,1
2011-09-25,1.654,1
2011-09-26,2.691,1
2011-09-27,1.55,1
2011-09-28,1.81,1
2011-09-29,1.537,1
2011-09-30,1.054,1
2011-10-01,1.559,1
2011-10-02,1.674,1
2011-10-03,1.623,1
2011-10-04,1.333,1
2011-10-05,2.046,1
2011-10-06,1.519,1
2011-10-07,1.772,1
2011-10-08,1.929,1
2011-10-09,1.602,1
2011-10-10,1.764,1
2011-10-11,1.114,1
2011-10-12,2.387,1
2011-10-13,1.482,1
2011-10-14,1.582,1
2011-10-15,1.544,1
2011-10-16,1.905,1
2011-10-17,1.103,1
2011-10-18,2.473,1
2011-10-19,1.364,1
2011-10-20,1.272,1
2011-10-21,2.336,1
2011-10-22,1.94,1
2011-10-23,1.535,1
2011-10-24,1.659,1
2011-10-25,2.762,1
2011-10-26,1.321,1
2011-10-27,3.183,1
2011-10-28,5.127,1
2011-10-29,3.184,1
2011-10-30,2.183,1
2011-10-31,2.27,1
2011-11-01,2.02,1
2011-11-02,2.156,1
2011-11-03,2.672,1
2011-11-04,2.367,1
2011-11-05,4.359,1
2011-11-06,7.374,1
2011-11-07,5.313,1
2011-11-08,4.718,1
2011-11-09,5.226,1
2011-11-10,6.144,1
2011-11-11,4.978,1
2011-11-12,6.117,1
2011-11-13,4.901,1
2011-11-14,3.956,1
2011-11-15,4.034,1
2011-11-16,4.853,1
2011-11-17,4.218,1
2011-11-18,3.415,1
2011-11-19,5.015,1
2011-11-20,3.88,1
2011-11-21,3.28,1
2011-11-22,3.955,1
2011-11-23,5.265,1
2011-11-24,5.41,1
2011-11-25,4.693,1
2011-11-26,4.369,1
2011-11-27,3.19,1
2011-11-28,4.388,1
2011-11-29,3.464,1
2011-11-30,3.456,1
2011-12-01,2.924,1
2011-12-02,3.333,1
2011-12-03,4.057,1
2011-12-04,4.055,1
2011-12-05,3.576,1
2011-12-06,8.112,1
2011-12-07,6.912,1
2011-12-08,5.322,1
2011-12-09,5.006,1
2011-12-10,3.964,1
2011-12-11,4.256,1
2011-12-12,3.191,1
2011-12-13,4.216,1
2011-12-14,4.456,1
2011-12-15,4.779,1
2011-12-16,5.502,1
2011-12-17,9.075,1
2011-12-18,7.408,1
2011-12-19,5.833,1
2011-12-20,6.082,1
2011-12-21,6.722,1
2011-12-22,7.094,1
2011-12-23,6.124,1
2011-12-24,6.133,1
2011-12-25,4.582,1
2011-12-26,5.408,1
2011-12-27,4.73,1
2011-12-28,4.221,1
2011-12-29,4.6,1
2011-12-30,4.84,1
2011-12-31,3.212,1
2012-01-01,4.282,1
2012-01-02,4.778,1
2012-01-03,4.748,1
2012-01-04,4.225,1
2012-01-05,4.46,1
2012-01-06,4.958,1
2012-01-07,3.661,1
2012-01-08,4.258,1
2012-01-09,4.858,1
2012-01-10,3.529,1
2012-01-11,4.218,1
2012-01-12,3.032,1
2012-01-13,3.457,1
2012-01-14,3.444,1
2012-01-15,3.371,1
2012-01-16,3.257,1
2012-01-17,3.245,1
2012-01-18,3.233,1
2012-01-19,4.203,1
2012-01-20,3.396,1
2012-01-21,2.948,1
2012-01-22,3.264,1
2012-01-23,4.024,1
2012-01-24,3.828,1
2012-01-25,3.021,1
2012-01-26,2.336,1
2012-01-27,4.501,1
2012-01-28,2.208,1
2012-01-29,3.473,1
2012-01-30,2.928,1
2012-01-31,3.041,1
2012-02-01,0.054,1
2012-02-02,0.051,1
2012-02-03,0.052,1
2012-02-04,0.053,1
2012-02-05,0.509,1
2012-02-06,5.541,1
2012-02-07,7.508,1
2012-02-08,5.542,1
2012-02-09,3.655,1
2012-02-10,3.004,1
2012-02-11,2.711,1
2012-02-12,2.316,1
2012-02-13,1.759,1
2012-02-14,1.847,1
2012-02-15,1.624,1
2012-02-16,1.793,1
2012-02-17,2.093,1
2012-02-18,1.534,1
2012-02-19,1.656,1
2012-02-20,2.267,1
2012-02-21,0.599,1
2012-02-22,0.059,1
2012-02-23,0.059,1
2012-02-24,0.06,1
2012-02-25,0.061,1
2012-02-26,0.059,1
2012-02-27,1.525,1
2012-02-28,2.4,1
2012-02-29,3.51,1
2012-03-01,0.057,1
2012-03-02,0.057,1
2012-03-03,0.057,1
2012-03-04,0.064,1
2012-03-05,0.467,1
2012-03-06,4.268,1
2012-03-07,4.684,1
2012-03-08,4.895,1
2012-03-09,3.638,1
2012-03-10,2.995,1
2012-03-11,2.712,1
2012-03-12,2.36,1
2012-03-13,1.748,1
2012-03-14,1.834,1
2012-03-15,1.62,1
2012-03-16,1.789,1
2012-03-17,2.087,1
2012-03-18,1.528,1
2012-03-19,1.652,1
2012-03-20,2.265,1
2012-03-21,0.596,1
2012-03-22,0.057,1
2012-03-23,0.057,1
2012-03-24,0.057,1
2012-03-25,0.058,1
2012-03-26,0.058,1
2012-03-27,1.526,1
2012-03-28,2.402,1
2012-03-29,3.512,1
2012-03-30,5.97,1
2012-03-31,7.2,1
2012-04-01,0.058,1
2012-04-02,0.057,1
2012-04-03,0.056,1
2012-04-04,0.056,1
2012-04-05,0.466,1
2012-04-06,4.268,1
2012-04-07,4.686,1
2012-04-08,4.899,1
2012-04-09,3.663,1
2012-04-10,3.05,1
2012-04-11,2.712,1
2012-04-12,2.32,1
2012-04-13,1.751,1
2012-04-14,1.899,1
2012-04-15,1.682,1
2012-04-16,1.807,1
2012-04-17,2.16,1
2012-04-18,3.258,1
2012-04-19,4.497,1
2012-04-20,5.298,1
2012-04-21,3.672,1
2012-04-22,3.086,1
2012-04-23,3.117,1
2012-04-24,2.074,1
2012-04-25,0.122,1
2012-04-26,0.084,1
2012-04-27,1.545,1
2012-04-28,2.421,1
2012-04-29,3.53,1
2012-04-30,6.005,1
2012-05-01,0.068,1
2012-05-02,0.113,1
2012-05-03,0.09,1
2012-05-04,0.107,1
2012-05-05,0.499,1
2012-05-06,4.301,1
2012-05-07,4.755,1
2012-05-08,8.296,1
2012-05-09,7.361,1
2012-05-10,6.77,1
2012-05-11,6.142,1
2012-05-12,4.758,1
2012-05-13,1.786,1
2012-05-14,1.852,1
2012-05-15,1.625,1
2012-05-16,1.799,1
2012-05-17,2.1,1
2012-05-18,1.532,1
2012-05-19,1.655,1
2012-05-20,2.267,1
2012-05-21,0.6,1
2012-05-22,0.06,1
2012-05-23,0.062,1
2012-05-24,0.062,1
2012-05-25,0.061,1
2012-05-26,0.059,1
2012-05-27,1.528,1
2012-05-28,2.405,1
2012-05-29,3.516,1
2012-05-30,5.974,1
2012-05-31,7.194,1
2012-06-01,0.061,1
2012-06-02,0.06,1
2012-06-03,0.061,1
2012-06-04,0.062,1
2012-06-05,0.473,1
2012-06-06,4.274,1
2012-06-07,4.689,1
2012-06-08,4.902,1
2012-06-09,3.645,1
2012-06-10,3.003,1
2012-06-11,2.719,1
2012-06-12,2.326,1
2012-06-13,2.174,1
2012-06-14,1.836,1
2012-06-15,1.618,1
2012-06-16,1.791,1
2012-06-17,2.092,1
2012-06-18,1.531,1
2012-06-19,1.655,1
2012-06-20,2.269,1
2012-06-21,0.601,1
2012-06-22,0.059,1
2012-06-23,0.06,1
2012-06-24,0.061,1
2012-06-25,0.062,1
2012-06-26,0.063,1
2012-06-27,1.533,1
2012-06-28,2.408,1
2012-06-29,3.518,1
2012-06-30,5.976,1
2012-07-01,0.064,1
2012-07-02,0.062,1
2012-07-03,0.063,1
2012-07-04,0.063,1
2012-07-05,0.474,1
2012-07-06,4.275,1
2012-07-07,4.689,1
2012-07-08,4.903,1
2012-07-09,3.645,1
2012-07-10,3.0,1
2012-07-11,2.718,1
2012-07-12,2.326,1
2012-07-13,1.757,1
2012-07-14,1.841,1
2012-07-15,1.623,1
2012-07-16,1.797,1
2012-07-17,2.097,1
2012-07-18,1.538,1
2012-07-19,1.662,1
2012-07-20,2.274,1
2012-07-21,0.607,1
2012-07-22,0.066,1
2012-07-23,0.067,1
2012-07-24,0.066,1
2012-07-25,0.067,1
2012-07-26,0.065,1
2012-07-27,1.533,1
2012-07-28,2.408,1
2012-07-29,3.519,1
2012-07-30,5.978,1
2012-07-31,7.198,1
2012-08-01,0.063,1
2012-08-02,0.063,1
2012-08-03,0.064,1
2012-08-04,0.064,1
2012-08-05,0.474,1
2012-08-06,4.276,1
2012-08-07,4.69,1
2012-08-08,4.903,1
2012-08-09,3.646,1
2012-08-10,3.003,1
2012-08-11,2.719,1
2012-08-12,2.325,1
2012-08-13,1.755,1
2012-08-14,1.841,1
2012-08-15,1.623,1
2012-08-16,1.795,1
2012-08-17,2.095,1
2012-08-18,1.536,1
2012-08-19,1.661,1
2012-08-20,2.275,1
2012-08-21,0.607,1
2012-08-22,0.066,1
2012-08-23,0.065,1
2012-08-24,0.065,1
2012-08-25,0.065,1
2012-08-26,0.065,1
2012-08-27,1.532,1
2012-08-28,2.411,1
2012-08-29,3.517,1
2012-08-30,5.976,1
2012-08-31,7.195,1
2012-09-01,0.064,1
2012-09-02,0.064,1
2012-09-03,0.063,1
2012-09-04,0.062,1
2012-09-05,0.476,1
2012-09-06,4.276,1
2012-09-07,4.69,1
2012-09-08,4.903,1
2012-09-09,3.645,1
2012-09-10,3.003,1
2012-09-11,2.719,1
2012-09-12,2.347,1
2012-09-13,1.757,1
2012-09-14,1.839,1
2012-09-15,1.626,1
2012-09-16,1.794,1
2012-09-17,2.12,1
2012-09-18,1.558,1
2012-09-19,1.686,1
2012-09-20,2.282,1
2012-09-21,0.617,1
2012-09-22,0.077,1
2012-09-23,0.081,1
2012-09-24,0.078,1
2012-09-25,0.084,1
2012-09-26,0.076,1
2012-09-27,1.548,1
2012-09-28,2.428,1
2012-09-29,3.542,1
2012-09-30,5.987,1
2012-10-01,0.078,1
2012-10-02,0.083,1
2012-10-03,0.086,1
2012-10-04,0.089,1
2012-10-05,0.49,1
2012-10-06,4.298,1
2012-10-07,4.709,1
2012-10-08,4.922,1
2012-10-09,3.648,1
2012-10-10,3.005,1
2012-10-11,2.725,1
2012-10-12,2.331,1
2012-10-13,1.76,1
2012-10-14,1.847,1
2012-10-15,1.621,1
2012-10-16,1.798,1
2012-10-17,2.113,1
2012-10-18,1.541,1
2012-10-19,1.662,1
2012-10-20,2.274,1
2012-10-21,0.607,1
2012-10-22,0.082,1
2012-10-23,0.085,1
2012-10-24,0.077,1
2012-10-25,0.08,1
2012-10-26,0.068,1
2012-10-27,1.553,1
2012-10-28,2.407,1
2012-10-29,3.517,1
2012-10-30,5.976,1
2012-10-31,7.198,1
2012-11-01,0.071,1
2012-11-02,0.065,1
2012-11-03,0.071,1
2012-11-04,0.071,1
2012-11-05,0.473,1
2012-11-06,4.277,1
2012-11-07,4.694,1
2012-11-08,4.908,1
2012-11-09,3.652,1
2012-11-10,3.012,1
2012-11-11,2.731,1
2012-11-12,2.336,1
2012-11-13,1.754,1
2012-11-14,1.842,1
2012-11-15,1.63,1
2012-11-16,1.798,1
2012-11-17,2.11,1
2012-11-18,1.555,1
2012-11-19,1.661,1
2012-11-20,2.284,1
2012-11-21,0.608,1
2012-11-22,0.068,1
2012-11-23,0.073,1
2012-11-24,0.078,1
2012-11-25,0.079,1
2012-11-26,0.065,1
2012-11-27,1.535,1
2012-11-28,2.412,1
2012-11-29,3.523,1
2012-11-30,5.977,1
2012-12-01,0.066,1
2012-12-02,0.066,1
2012-12-03,0.068,1
2012-12-04,0.067,1
2012-12-05,0.476,1
2012-12-06,4.278,1
2012-12-07,4.693,1
2012-12-08,4.908,1
2012-12-09,3.645,1
2012-12-10,3.155,1
2012-12-11,2.717,1
2012-12-12,2.326,1
2012-12-13,1.759,1
2012-12-14,3.613,1
2012-12-15,4.231,1
2012-12-16,3.821,1
2012-12-17,4.128,1
2012-12-18,1.689,1
2012-12-19,2.785,1
2012-12-20,4.512,1
2012-12-21,1.327,1
2012-12-22,0.275,1
2012-12-23,0.535,1
2012-12-24,0.104,1
2012-12-25,0.059,1
2012-12-26,0.054,1
2012-12-27,1.523,1
2012-12-28,2.399,1
2012-12-29,3.509,1
2012-12-30,5.967,1
2012-12-31,7.188,1
2013-01-01,0.055,1
2013-01-02,0.055,1
2013-01-03,0.054,1
2013-01-04,0.053,1
2013-01-05,0.464,1
2013-01-06,4.265,1
2013-01-07,4.679,1
2013-01-08,4.892,1
2013-01-09,3.637,1
2013-01-10,2.993,1
2013-01-11,2.708,1
2013-01-12,2.315,1
2013-01-13,1.748,1
2013-01-14,1.834,1
2013-01-15,1.616,1
2013-01-16,2.592,1
2013-01-17,4.239,1
2013-01-18,10.433,1
2013-01-19,10.919,1
2013-01-20,8.386,1
2013-01-21,4.198,1
2013-01-22,2.515,1
2013-01-23,1.515,1
2013-01-24,2.792,1
2013-01-25,2.47,1
2013-01-26,3.651,1
2013-01-27,5.764,1
2013-01-28,6.848,1
2013-01-29,6.709,1
2013-01-30,8.725,1
2013-01-31,10.81,1
2013-02-01,2.967,1
2013-02-02,4.774,1
2013-02-03,3.34,1
2013-02-04,2.366,1
2013-02-05,3.171,1
2013-02-06,6.347,1
2013-02-07,6.579,1
2013-02-08,6.909,1
2013-02-09,5.469,1
2013-02-10,4.283,1
2013-02-11,4.14,1
2013-02-12,2.707,1
2013-02-13,3.64,1
2013-02-14,5.016,1
2013-02-15,4.109,1
2013-02-16,3.992,1
2013-02-17,4.18,1
2013-02-18,3.659,1
2013-02-19,2.856,1
2013-02-20,3.325,1
2013-02-21,1.195,1
2013-02-22,2.182,1
2013-02-23,1.424,1
2013-02-24,0.45,1
2013-02-25,0.078,1
2013-02-26,0.084,1
2013-02-27,1.542,1
2013-02-28,2.474,1
2013-03-01,0.06,1
2013-03-02,0.061,1
2013-03-03,0.061,1
2013-03-04,0.063,1
2013-03-05,0.486,1
2013-03-06,4.495,1
2013-03-07,7.662,1
2013-03-08,7.36,1
2013-03-09,6.017,1
2013-03-10,5.138,1
2013-03-11,3.012,1
2013-03-12,2.649,1
2013-03-13,1.948,1
2013-03-14,1.867,1
2013-03-15,1.682,1
2013-03-16,1.873,1
2013-03-17,2.174,1
2013-03-18,1.682,1
2013-03-19,1.694,1
2013-03-20,2.296,1
2013-03-21,0.652,1
2013-03-22,0.234,1
2013-03-23,0.45,1
2013-03-24,0.389,1
2013-03-25,1.401,1
2013-03-26,4.775,1
2013-03-27,4.801,1
2013-03-28,7.912,1
2013-03-29,9.542,1
2013-03-30,14.111,1
2013-03-31,13.685,1
2013-04-01,5.1,1
2013-04-02,3.779,1
2013-04-03,2.267,1
2013-04-04,1.886,1
2013-04-05,2.31,1
2013-04-06,5.727,1
2013-04-07,5.304,1
2013-04-08,6.079,1
2013-04-09,5.614,1
2013-04-10,5.536,1
2013-04-11,5.802,1
2013-04-12,5.615,1
2013-04-13,5.142,1
2013-04-14,4.857,1
2013-04-15,4.175,1
2013-04-16,4.33,1
2013-04-17,4.549,1
2013-04-18,3.619,1
2013-04-19,3.143,1
2013-04-20,2.436,1
2013-04-21,1.315,1
2013-04-22,0.434,1
2013-04-23,0.148,1
2013-04-24,0.41,1
2013-04-25,0.259,1
2013-04-26,0.196,1
2013-04-27,1.779,1
2013-04-28,2.412,1
2013-04-29,3.734,1
2013-04-30,6.016,1
2013-05-01,16.484,1
2013-05-02,19.349,1
2013-05-03,18.693,1
2013-05-04,20.434,1
2013-05-05,21.194,1
2013-05-06,21.357,1
2013-05-07,21.301,1
2013-05-08,21.448,1
2013-05-09,21.062,1
2013-05-10,20.577,1
2013-05-11,17.219,1
2013-05-12,15.867,1
2013-05-13,15.159,1
2013-05-14,14.939,1
2013-05-15,15.555,1
2013-05-16,13.564,1
2013-05-17,13.132,1
2013-05-18,13.887,1
2013-05-19,15.012,1
2013-05-20,15.718,1
2013-05-21,15.806,1
2013-05-22,15.998,1
2013-05-23,15.833,1
2013-05-24,14.518,1
2013-05-25,13.583,1
2013-05-26,12.85,1
2013-05-27,12.11,1
2013-05-28,12.408,1
2013-05-29,12.036,1
2013-05-30,13.304,1
2013-05-31,12.696,1
2013-06-01,12.277,1
2013-06-02,11.97,1
2013-06-03,12.273,1
2013-06-04,11.667,1
2013-06-05,11.854,1
2013-06-06,12.115,1
2013-06-07,11.175,1
2013-06-08,12.237,1
2013-06-09,11.464,1
2013-06-10,11.488,1
2013-06-11,11.358,1
2013-06-12,11.42,1
2013-06-13,11.958,1
2013-06-14,9.967,1
2013-06-15,10.365,1
2013-06-16,8.519,1
2013-06-17,9.726,1
2013-06-18,9.105,1
2013-06-19,8.147,1
2013-06-20,7.733,1
2013-06-21,7.354,1
2013-06-22,7.749,1
2013-06-23,7.118,1
2013-06-24,6.637,1
2013-06-25,6.478,1
2013-06-26,6.525,1
2013-06-27,5.692,1
2013-06-28,6.266,1
2013-06-29,5.747,1
2013-06-30,6.016,1
2013-07-01,5.569,1
2013-07-02,5.489,1
2013-07-03,6.05,1
2013-07-04,4.965,1
2013-07-05,4.782,1
2013-07-06,5.797,1
2013-07-07,5.031,1
2013-07-08,3.493,1
2013-07-09,4.873,1
2013-07-10,3.915,1
2013-07-11,5.729,1
2013-07-12,3.031,1
2013-07-13,4.671,1
2013-07-14,4.054,1
2013-07-15,4.353,1
2013-07-16,3.538,1
2013-07-17,5.178,1
2013-07-18,3.118,1
2013-07-19,3.472,1
2013-07-20,3.679,1
2013-07-21,3.927,1
2013-07-22,4.297,1
2013-07-23,2.554,1
2013-07-24,4.244,1
2013-07-25,3.272,1
2013-07-26,3.472,1
2013-07-27,3.028,1
2013-07-28,2.873,1
2013-07-29,2.791,1
2013-07-30,2.895,1
2013-07-31,3.929,1
2013-08-01,2.958,1
2013-08-02,2.857,1
2013-08-03,2.306,1
2013-08-04,2.503,1
2013-08-05,2.97,1
2013-08-06,2.357,1
2013-08-07,3.285,1
2013-08-08,3.385,1
2013-08-09,2.106,1
2013-08-10,2.666,1
2013-08-11,3.39,1
2013-08-12,2.66,1
2013-08-13,2.779,1
2013-08-14,2.197,1
2013-08-15,2.804,1
2013-08-16,2.528,1
2013-08-17,2.28,1
2013-08-18,2.275,1
2013-08-19,2.315,1
2013-08-20,2.721,1
2013-08-21,2.191,1
2013-08-22,1.845,1
2013-08-23,2.23,1
2013-08-24,3.514,1
2013-08-25,2.858,1
2013-08-26,1.358,1
2013-08-27,3.031,1
2013-08-28,2.54,1
2013-08-29,2.169,1
2013-08-30,2.747,1
2013-08-31,2.087,1
2013-09-01,3.221,1
2013-09-02,2.44,1
2013-09-03,2.157,1
2013-09-04,1.657,1
2013-09-05,2.138,1
2013-09-06,2.491,1
2013-09-07,3.097,1
2013-09-08,2.48,1
2013-09-09,2.494,1
2013-09-10,2.319,1
2013-09-11,1.901,1
2013-09-12,2.608,1
2013-09-13,2.757,1
2013-09-14,1.037,1
2013-09-15,2.542,1
2013-09-16,1.672,1
2013-09-17,3.534,1
2013-09-18,1.305,1
2013-09-19,1.982,1
2013-09-20,2.924,1
2013-09-21,2.369,1
2013-09-22,1.982,1
2013-09-23,2.621,1
2013-09-24,1.965,1
2013-09-25,2.065,1
2013-09-26,1.74,1
2013-09-27,2.643,1
2013-09-28,2.048,1
2013-09-29,2.308,1
2013-09-30,2.263,1
2013-10-01,1.924,1
2013-10-02,2.483,1
2013-10-03,1.257,1
2013-10-04,2.624,1
2013-10-05,3.025,1
2013-10-06,2.859,1
2013-10-07,1.423,1
2013-10-08,2.62,1
2013-10-09,2.488,1
2013-10-10,1.311,1
2013-10-11,2.27,1
2013-10-12,2.252,1
2013-10-13,2.112,1
2013-10-14,2.739,1
2013-10-15,2.187,1
2013-10-16,2.798,1
2013-10-17,2.957,1
2013-10-18,1.85,1
2013-10-19,2.032,1
2013-10-20,1.698,1
2013-10-21,2.876,1
2013-10-22,4.331,1
2013-10-23,5.054,1
2013-10-24,3.95,1
2013-10-25,4.906,1
2013-10-26,3.482,1
2013-10-27,3.765,1
2013-10-28,3.872,1
2013-10-29,2.567,1
2013-10-30,3.007,1
2013-10-31,3.09,1
2013-11-01,3.619,1
2013-11-02,7.302,1
2013-11-03,11.499,1
2013-11-04,12.332,1
2013-11-05,19.258,1
2013-11-06,15.223,1
2013-11-07,10.441,1
2013-11-08,9.333,1
2013-11-09,7.831,1
2013-11-10,6.46,1
2013-11-11,5.974,1
2013-11-12,6.227,1
2013-11-13,5.764,1
2013-11-14,5.594,1
2013-11-15,5.92,1
2013-11-16,8.273,1
2013-11-17,7.352,1
2013-11-18,7.355,1
2013-11-19,12.495,1
2013-11-20,15.651,1
2013-11-21,11.953,1
2013-11-22,12.323,1
2013-11-23,10.548,1
2013-11-24,8.802,1
2013-11-25,7.931,1
2013-11-26,7.443,1
2013-11-27,7.43,1
2013-11-28,6.184,1
2013-11-29,6.894,1
2013-11-30,5.985,1
2013-12-01,6.735,1
2013-12-02,6.318,1
2013-12-03,6.213,1
2013-12-04,6.264,1
2013-12-05,5.699,1
2013-12-06,5.331,1
2013-12-07,4.795,1
2013-12-08,5.705,1
2013-12-09,5.581,1
2013-12-10,4.9,1
2013-12-11,4.659,1
2013-12-12,5.36,1
2013-12-13,4.569,1
2013-12-14,7.773,1
2013-12-15,6.356,1
2013-12-16,6.199,1
2013-12-17,5.585,1
2013-12-18,5.274,1
2013-12-19,8.398,1
2013-12-20,8.795,1
2013-12-21,8.229,1
2013-12-22,7.407,1
2013-12-23,7.718,1
2013-12-24,11.954,1
2013-12-25,16.82,1
2013-12-26,16.721,1
2013-12-27,19.064,1
2013-12-28,19.374,1
2013-12-29,18.114,1
2013-12-30,16.344,1
2013-12-31,14.437,1
2014-01-01,14.033,1
2014-01-02,16.72,1
2014-01-03,18.799,1
2014-01-04,17.176,1
2014-01-05,17.824,1
2014-01-06,19.107,1
2014-01-07,20.694,1
2014-01-08,21.028,1
2014-01-09,17.825,1
2014-01-10,14.65,1
2014-01-11,13.127,1
2014-01-12,11.758,1
2014-01-13,10.597,1
2014-01-14,11.115,1
2014-01-15,11.742,1
2014-01-16,11.998,1
2014-01-17,11.301,1
2014-01-18,10.644,1
2014-01-19,9.932,1
2014-01-20,9.875,1
2014-01-21,9.07,1
2014-01-22,14.86,1
2014-01-23,15.098,1
2014-01-24,14.356,1
2014-01-25,15.683,1
2014-01-26,18.159,1
2014-01-27,17.99,1
2014-01-28,17.264,1
2014-01-29,16.528,1
2014-01-30,15.636,1
2014-01-31,17.85,1
2014-02-01,17.768,1
2014-02-02,18.418,1
2014-02-03,17.419,1
2014-02-04,15.893,1
2014-02-05,16.125,1
2014-02-06,17.232,1
2014-02-07,17.2,1
2014-02-08,18.46,1
2014-02-09,18.496,1
2014-02-10,16.711,1
2014-02-11,16.207,1
2014-02-12,16.024,1
2014-02-13,14.263,1
2014-02-14,16.479,1
2014-02-15,17.365,1
2014-02-16,17.875,1
2014-02-17,17.991,1
2014-02-18,14.535,1
2014-02-19,13.977,1
2014-02-20,13.484,1
2014-02-21,13.711,1
2014-02-22,12.172,1
2014-02-23,11.788,1
2014-02-24,10.889,1
2014-02-25,9.972,1
2014-02-26,10.897,1
2014-02-27,10.568,1
2014-02-28,12.388,1
2014-03-01,12.836,1
2014-03-02,10.202,1
2014-03-03,18.359,1
2014-03-04,18.513,1
2014-03-05,16.999,1
2014-03-06,18.452,1
2014-03-07,19.453,1
2014-03-08,16.228,1
2014-03-09,16.659,1
2014-03-10,16.125,1
2014-03-11,15.335,1
2014-03-12,14.083,1
2014-03-13,13.82,1
2014-03-14,12.31,1
2014-03-15,12.164,1
2014-03-16,11.659,1
2014-03-17,10.917,1
2014-03-18,11.974,1
2014-03-19,10.91,1
2014-03-20,10.962,1
2014-03-21,11.595,1
2014-03-22,12.881,1
2014-03-23,11.557,1
2014-03-24,9.984,1
2014-03-25,10.712,1
2014-03-26,12.985,1
2014-03-27,12.799,1
2014-03-28,11.615,1
2014-03-29,12.323,1
2014-03-30,13.167,1
2014-03-31,16.868,1
2014-04-01,21.303,1
2014-04-02,21.557,1
2014-04-03,18.629,1
2014-04-04,19.064,1
2014-04-05,21.276,1
2014-04-06,21.255,1
2014-04-07,20.022,1
2014-04-08,21.568,1
2014-04-09,21.605,1
2014-04-10,21.817,1
2014-04-11,20.194,1
2014-04-12,18.87,1
2014-04-13,16.818,1
2014-04-14,16.989,1
2014-04-15,17.271,1
2014-04-16,17.207,1
2014-04-17,17.401,1
2014-04-18,16.18,1
2014-04-19,16.303,1
2014-04-20,17.201,1
2014-04-21,14.619,1
2014-04-22,13.866,1
2014-04-23,12.196,1
2014-04-24,12.039,1
2014-04-25,11.31,1
2014-04-26,11.758,1
2014-04-27,12.406,1
2014-04-28,11.735,1
2014-04-29,12.782,1
2014-04-30,12.131,1
2014-05-01,12.597,1
2014-05-02,10.989,1
2014-05-03,10.782,1
2014-05-04,9.953,1
2014-05-05,9.5,1
2014-05-06,10.662,1
2014-05-07,10.382,1
2014-05-08,9.606,1
2014-05-09,9.169,1
2014-05-10,9.268,1
2014-05-11,9.405,1
2014-05-12,8.185,1
2014-05-13,8.197,1
2014-05-14,6.851,1
2014-05-15,6.558,1
2014-05-16,6.869,1
2014-05-17,6.063,1
2014-05-18,6.735,1
2014-05-19,6.552,1
2014-05-20,5.277,1
2014-05-21,6.711,1
2014-05-22,6.423,1
2014-05-23,7.382,1
2014-05-24,6.795,1
2014-05-25,6.177,1
2014-05-26,5.934,1
2014-05-27,5.607,1
2014-05-28,7.912,1
2014-05-29,10.857,1
2014-05-30,13.629,1
2014-05-31,10.518,1
2014-06-01,9.322,1
2014-06-02,8.213,1
2014-06-03,7.635,1
2014-06-04,7.927,1
2014-06-05,7.294,1
2014-06-06,7.328,1
2014-06-07,6.632,1
2014-06-08,5.846,1
2014-06-09,6.695,1
2014-06-10,5.418,1
2014-06-11,4.594,1
2014-06-12,5.493,1
2014-06-13,5.011,1
2014-06-14,5.591,1
2014-06-15,4.969,1
2014-06-16,5.171,1
2014-06-17,4.792,1
2014-06-18,4.413,1
2014-06-19,3.916,1
2014-06-20,5.624,1
2014-06-21,3.036,1
2014-06-22,4.389,1
2014-06-23,4.908,1
2014-06-24,7.944,1
2014-06-25,4.833,1
2014-06-26,5.589,1
2014-06-27,5.521,1
2014-06-28,4.68,1
2014-06-29,5.301,1
2014-06-30,4.138,1
2014-07-01,4.24,1
2014-07-02,3.634,1
2014-07-03,4.911,1
2014-07-04,4.105,1
2014-07-05,3.921,1
2014-07-06,3.47,1
2014-07-07,4.1,1
2014-07-08,3.688,1
2014-07-09,3.635,1
2014-07-10,3.743,1
2014-07-11,2.649,1
2014-07-12,2.973,1
2014-07-13,3.603,1
2014-07-14,4.069,1
2014-07-15,2.303,1
2014-07-16,3.011,1
2014-07-17,3.352,1
2014-07-18,2.49,1
2014-07-19,3.258,1
2014-07-20,3.607,1
2014-07-21,3.546,1
2014-07-22,2.584,1
2014-07-23,3.032,1
2014-07-24,1.747,1
2014-07-25,2.999,1
2014-07-26,2.667,1
2014-07-27,2.577,1
2014-07-28,2.503,1
2014-07-29,2.866,1
2014-07-30,3.958,1
2014-07-31,1.617,1
2014-08-01,2.973,1
2014-08-02,2.309,1
2014-08-03,2.201,1
2014-08-04,3.778,1
2014-08-05,1.215,1
2014-08-06,3.063,1
2014-08-07,2.645,1
2014-08-08,1.587,1
2014-08-09,3.143,1
2014-08-10,1.977,1
2014-08-11,2.162,1
2014-08-12,1.695,1
2014-08-13,2.132,1
2014-08-14,4.013,1
2014-08-15,1.832,1
2014-08-16,2.597,1
2014-08-17,2.717,1
2014-08-18,2.043,1
2014-08-19,1.618,1
2014-08-20,2.339,1
2014-08-21,2.684,1
2014-08-22,1.789,1
2014-08-23,2.434,1
2014-08-24,3.048,1
2014-08-25,1.736,1
2014-08-26,2.68,1
2014-08-27,2.231,1
2014-08-28,1.994,1
2014-08-29,1.542,1
2014-08-30,2.076,1
2014-08-31,3.119,1
2014-09-01,1.961,1
2014-09-02,2.429,1
2014-09-03,1.589,1
2014-09-04,2.163,1
2014-09-05,2.258,1
2014-09-06,2.446,1
2014-09-07,2.143,1
2014-09-08,2.458,1
2014-09-09,1.805,1
2014-09-10,1.836,1
2014-09-11,1.653,1
2014-09-12,2.428,1
2014-09-13,2.725,1
2014-09-14,2.52,1
2014-09-15,2.097,1
2014-09-16,2.112,1
2014-09-17,1.766,1
2014-09-18,2.6,1
2014-09-19,2.374,1
2014-09-20,2.507,1
2014-09-21,1.619,1
2014-09-22,2.318,1
2014-09-23,2.835,1
2014-09-24,2.073,1
2014-09-25,2.368,1
2014-09-26,1.576,1
2014-09-27,2.325,1
2014-09-28,2.529,1
2014-09-29,2.418,1
2014-09-30,2.327,1
2014-10-01,2.44,1
2014-10-02,2.44,1
2014-10-03,2.067,1
2014-10-04,2.502,1
2014-10-05,2.47,1
2014-10-06,3.581,1
2014-10-07,2.486,1
2014-10-08,2.367,1
2014-10-09,3.865,1
2014-10-10,3.909,1
2014-10-11,2.763,1
2014-10-12,2.682,1
2014-10-13,2.204,1
2014-10-14,2.96,1
2014-10-15,2.786,1
2014-10-16,3.067,1
2014-10-17,8.91,1
2014-10-18,5.642,1
2014-10-19,4.333,1
2014-10-20,3.336,1
2014-10-21,3.791,1
2014-10-22,3.048,1
2014-10-23,2.278,1
2014-10-24,2.87,1
2014-10-25,1.648,1
2014-10-26,3.41,1
2014-10-27,2.267,1
2014-10-28,1.537,1
2014-10-29,3.448,1
2014-10-30,1.931,1
2014-10-31,2.583,1
2014-11-01,1.804,1
2014-11-02,2.603,1
2014-11-03,2.506,1
2014-11-04,5.186,1
2014-11-05,5.554,1
2014-11-06,7.153,1
2014-11-07,10.159,1
2014-11-08,8.206,1
2014-11-09,6.994,1
2014-11-10,5.907,1
2014-11-11,6.095,1
2014-11-12,7.315,1
2014-11-13,7.867,1
2014-11-14,9.343,1
2014-11-15,7.614,1
2014-11-16,8.793,1
2014-11-17,13.877,1
2014-11-18,11.099,1
2014-11-19,8.653,1
2014-11-20,10.262,1
2014-11-21,9.84,1
2014-11-22,8.009,1
2014-11-23,7.576,1
2014-11-24,8.03,1
2014-11-25,9.728,1
2014-11-26,8.833,1
2014-11-27,8.09,1
2014-11-28,7.833,1
2014-11-29,7.783,1
2014-11-30,14.285,1
2014-12-01,17.543,1
2014-12-02,13.46,1
2014-12-03,17.631,1
2014-12-04,16.708,1
2014-12-05,14.229,1
2014-12-06,13.524,1
2014-12-07,14.643,1
2014-12-08,13.171,1
2014-12-09,13.408,1
2014-12-10,12.248,1
2014-12-11,11.611,1
2014-12-12,11.315,1
2014-12-13,10.867,1
2014-12-14,12.388,1
2014-12-15,13.056,1
2014-12-16,17.843,1
2014-12-17,22.66,1
2014-12-18,19.15,1
2014-12-19,15.426,1
2014-12-20,13.648,1
2014-12-21,13.479,1
2014-12-22,12.217,1
2014-12-23,10.832,1
2014-12-24,9.572,1
2014-12-25,9.148,1
2014-12-26,8.265,1
2014-12-27,7.965,1
2014-12-28,9.563,1
2014-12-29,9.267,1
2014-12-30,8.246,1
2014-12-31,8.445,1
2015-01-01,8.001,1
2015-01-02,7.503,1
2015-01-03,6.9,1
2015-01-04,6.904,1
2015-01-05,6.757,1
2015-01-06,6.902,1
2015-01-07,5.894,1
2015-01-08,6.2,1
2015-01-09,5.626,1
2015-01-10,6.101,1
2015-01-11,5.561,1
2015-01-12,5.647,1
2015-01-13,4.802,1
2015-01-14,4.604,1
2015-01-15,5.837,1
2015-01-16,5.267,1
2015-01-17,4.492,1
2015-01-18,5.649,1
2015-01-19,5.823,1
2015-01-20,6.071,1
2015-01-21,7.074,1
2015-01-22,8.189,1
2015-01-23,7.99,1
2015-01-24,7.08,1
2015-01-25,7.494,1
2015-01-26,6.822,1
2015-01-27,6.945,1
2015-01-28,7.11,1
2015-01-29,9.339,1
2015-01-30,16.538,1
2015-01-31,17.518,1
2015-02-01,20.66,1
2015-02-02,17.815,1
2015-02-03,19.384,1
2015-02-04,19.104,1
2015-02-05,16.612,1
2015-02-06,14.364,1
2015-02-07,12.301,1
2015-02-08,11.072,1
2015-02-09,10.279,1
2015-02-10,10.473,1
2015-02-11,10.536,1
2015-02-12,10.536,1
2015-02-13,11.307,1
2015-02-14,15.015,1
2015-02-15,18.607,1
2015-02-16,21.118,1
2015-02-17,20.911,1
2015-02-18,19.907,1
2015-02-19,17.178,1
2015-02-20,16.573,1
2015-02-21,20.016,1
2015-02-22,20.353,1
2015-02-23,20.257,1
2015-02-24,20.526,1
2015-02-25,21.203,1
2015-02-26,19.819,1
2015-02-27,20.665,1
2015-02-28,22.236,1
2015-03-01,21.808,1
2015-03-02,21.434,1
2015-03-03,21.122,1
2015-03-04,21.152,1
2015-03-05,21.528,1
2015-03-06,21.949,1
2015-03-07,20.996,1
2015-03-08,20.872,1
2015-03-09,21.46,1
2015-03-10,22.795,1
2015-03-11,21.592,1
2015-03-12,21.48,1
2015-03-13,22.363,1
2015-03-14,18.538,1
2015-03-15,16.377,1
2015-03-16,14.782,1
2015-03-17,13.477,1
2015-03-18,12.627,1
2015-03-19,12.01,1
2015-03-20,12.138,1
2015-03-21,11.828,1
2015-03-22,12.172,1
2015-03-23,11.865,1
2015-03-24,14.358,1
2015-03-25,14.036,1
2015-03-26,17.091,1
2015-03-27,22.873,1
2015-03-28,22.392,1
2015-03-29,20.227,1
2015-03-30,22.192,1
2015-03-31,22.682,1
2015-04-01,22.398,1
2015-04-02,20.605,1
2015-04-03,19.53,1
2015-04-04,17.893,1
2015-04-05,16.844,1
2015-04-06,16.522,1
2015-04-07,15.996,1
2015-04-08,16.43,1
2015-04-09,16.435,1
2015-04-10,18.712,1
2015-04-11,16.98,1
2015-04-12,16.268,1
2015-04-13,17.706,1
2015-04-14,19.233,1
2015-04-15,20.483,1
2015-04-16,19.649,1
2015-04-17,16.818,1
2015-04-18,15.689,1
2015-04-19,13.713,1
2015-04-20,12.18,1
2015-04-21,11.711,1
2015-04-22,13.596,1
2015-04-23,13.283,1
2015-04-24,11.881,1
2015-04-25,12.981,1
2015-04-26,15.816,1
2015-04-27,15.2,1
2015-04-28,14.959,1
2015-04-29,14.27,1
2015-04-30,12.962,1
2015-05-01,14.9,1
2015-05-02,16.22,1
2015-05-03,16.202,1
2015-05-04,17.394,1
2015-05-05,22.913,1
2015-05-06,19.007,1
2015-05-07,14.37,1
2015-05-08,14.032,1
2015-05-09,12.667,1
2015-05-10,11.238,1
2015-05-11,11.445,1
2015-05-12,10.625,1
2015-05-13,9.698,1
2015-05-14,9.542,1
2015-05-15,8.609,1
2015-05-16,7.409,1
2015-05-17,7.531,1
2015-05-18,7.073,1
2015-05-19,7.835,1
2015-05-20,5.938,1
2015-05-21,6.448,1
2015-05-22,6.33,1
2015-05-23,5.755,1
2015-05-24,5.699,1
2015-05-25,4.913,1
2015-05-26,5.781,1
2015-05-27,4.508,1
2015-05-28,4.625,1
2015-05-29,5.033,1
2015-05-30,4.059,1
2015-05-31,5.288,1
2015-06-01,5.006,1
2015-06-02,3.615,1
2015-06-03,4.967,1
2015-06-04,4.141,1
2015-06-05,4.174,1
2015-06-06,3.952,1
2015-06-07,3.895,1
2015-06-08,5.504,1
2015-06-09,3.957,1
2015-06-10,4.722,1
2015-06-11,3.976,1
2015-06-12,4.162,1
2015-06-13,4.311,1
2015-06-14,3.759,1
2015-06-15,3.664,1
2015-06-16,3.698,1
2015-06-17,4.873,1
2015-06-18,3.19,1
2015-06-19,3.653,1
2015-06-20,4.414,1
2015-06-21,2.796,1
2015-06-22,4.209,1
2015-06-23,3.654,1
2015-06-24,3.171,1
2015-06-25,2.617,1
2015-06-26,3.994,1
2015-06-27,3.412,1
2015-06-28,2.663,1
2015-06-29,3.282,1
2015-06-30,2.849,1
2015-07-01,3.397,1
2015-07-02,2.795,1
2015-07-03,2.51,1
2015-07-04,3.239,1
2015-07-05,2.8,1
2015-07-06,2.88,1
2015-07-07,2.514,1
2015-07-08,2.23,1
2015-07-09,3.731,1
2015-07-10,1.999,1
2015-07-11,3.072,1
2015-07-12,2.661,1
2015-07-13,3.167,1
2015-07-14,2.833,1
2015-07-15,2.579,1
2015-07-16,2.073,1
2015-07-17,2.484,1
2015-07-18,2.724,1
2015-07-19,2.895,1
2015-07-20,1.992,1
2015-07-21,2.264,1
2015-07-22,2.668,1
2015-07-23,2.24,1
2015-07-24,1.333,1
2015-07-25,2.386,1
2015-07-26,2.229,1
2015-07-27,2.318,1
2015-07-28,2.867,1
2015-07-29,2.2,1
2015-07-30,2.361,1
2015-07-31,2.715,1
2015-08-01,2.797,1
2015-08-02,2.929,1
2015-08-03,1.967,1
2015-08-04,2.777,1
2015-08-05,1.986,1
2015-08-06,2.106,1
2015-08-07,2.489,1
2015-08-08,1.959,1
2015-08-09,2.098,1
2015-08-10,2.639,1
2015-08-11,1.902,1
2015-08-12,2.221,1
2015-08-13,2.02,1
2015-08-14,2.982,1
2015-08-15,2.232,1
2015-08-16,2.115,1
2015-08-17,1.7,1
2015-08-18,2.142,1
2015-08-19,3.118,1
2015-08-20,2.174,1
2015-08-21,1.592,1
2015-08-22,2.78,1
2015-08-23,2.584,1
2015-08-24,1.562,1
2015-08-25,2.413,1
2015-08-26,1.691,1
2015-08-27,1.983,1
2015-08-28,2.475,1
2015-08-29,1.785,1
2015-08-30,1.853,1
2015-08-31,3.534,1
2015-09-01,1.734,1
2015-09-02,1.894,1
2015-09-03,1.827,1
2015-09-04,1.77,1
2015-09-05,2.211,1
2015-09-06,2.641,1
2015-09-07,2.54,1
2015-09-08,3.283,1
2015-09-09,1.171,1
2015-09-10,2.441,1
2015-09-11,2.044,1
2015-09-12,1.918,1
2015-09-13,3.506,1
2015-09-14,1.111,1
2015-09-15,4.622,1
2015-09-16,4.424,1
2015-09-17,3.907,1
2015-09-18,3.516,1
2015-09-19,3.529,1
2015-09-20,3.532,1
2015-09-21,3.511,1
2015-09-22,3.518,1
2015-09-23,3.547,1
2015-09-24,3.531,1
2015-09-25,2.521,1
2015-09-26,0.869,1
2015-09-27,2.111,1
2015-09-28,1.04,1
2015-09-29,1.924,1
2015-09-30,1.993,1
2015-10-01,2.638,1
2015-10-02,2.482,1
2015-10-03,2.266,1
2015-10-04,1.903,1
2015-10-05,2.927,1
2015-10-06,3.252,1
2015-10-07,3.345,1
2015-10-08,3.555,1
2015-10-09,2.558,1
2015-10-10,2.467,1
2015-10-11,2.678,1
2015-10-12,3.825,1
2015-10-13,6.451,1
2015-10-14,3.807,1
2015-10-15,4.21,1
2015-10-16,2.564,1
2015-10-17,2.606,1
2015-10-18,2.895,1
2015-10-19,4.592,1
2015-10-20,7.395,1
2015-10-21,6.136,1
2015-10-22,4.17,1
2015-10-23,4.323,1
2015-10-24,2.933,1
2015-10-25,3.735,1
2015-10-26,3.647,1
2015-10-27,3.365,1
2015-10-28,4.334,1
2015-10-29,4.731,1
2015-10-30,5.392,1
2015-10-31,4.415,1
2015-11-01,4.039,1
2015-11-02,3.627,1
2015-11-03,4.154,1
2015-11-04,3.545,1
2015-11-05,3.887,1
2015-11-06,3.872,1
2015-11-07,4.005,1
2015-11-08,3.477,1
2015-11-09,3.277,1
2015-11-10,2.87,1
2015-11-11,3.118,1
2015-11-12,1.74,1
2015-11-13,2.763,1
2015-11-14,3.58,1
2015-11-15,3.14,1
2015-11-16,2.089,1
2015-11-17,2.946,1
2015-11-18,2.511,1
2015-11-19,1.949,1
2015-11-20,1.978,1
2015-11-21,3.38,1
2015-11-22,5.079,1
2015-11-23,4.379,1
2015-11-24,4.252,1
2015-11-25,8.067,1
2015-11-26,9.76,1
2015-11-27,14.594,1
2015-11-28,13.982,1
2015-11-29,11.207,1
2015-11-30,8.852,1
2015-12-01,6.871,1
2015-12-02,6.499,1
2015-12-03,5.44,1
2015-12-04,4.827,1
2015-12-05,4.65,1
2015-12-06,4.772,1
2015-12-07,4.224,1
2015-12-08,4.802,1
2015-12-09,4.025,1
2015-12-10,3.834,1
2015-12-11,3.604,1
2015-12-12,3.641,1
2015-12-13,3.332,1
2015-12-14,3.321,1
2015-12-15,2.641,1
2015-12-16,4.911,1
2015-12-17,2.488,1
2015-12-18,3.441,1
2015-12-19,3.462,1
2015-12-20,3.395,1
2015-12-21,3.048,1
2015-12-22,2.804,1
2015-12-23,3.514,1
2015-12-24,2.411,1
2015-12-25,3.356,1
2015-12-26,2.666,1
2015-12-27,2.574,1
2015-12-28,3.239,1
2015-12-29,3.477,1
2015-12-30,3.798,1
2015-12-31,3.321,1
2016-01-01,4.492,1
2016-01-02,3.83,1
2016-01-03,5.053,1
2016-01-04,13.238,1
2016-01-05,13.216,1
2016-01-06,10.28,1
2016-01-07,12.388,1
2016-01-08,20.886,1
2016-01-09,21.826,1
2016-01-10,20.556,1
2016-01-11,20.54,1
2016-01-12,19.838,1
2016-01-13,16.567,1
2016-01-14,20.795,1
2016-01-15,21.706,1
2016-01-16,19.375,1
2016-01-17,16.815,1
2016-01-18,16.496,1
2016-01-19,15.556,1
2016-01-20,13.762,1
2016-01-21,12.213,1
2016-01-22,13.408,1
2016-01-23,16.227,1
2016-01-24,17.297,1
2016-01-25,17.013,1
2016-01-26,14.034,1
2016-01-27,12.153,1
2016-01-28,10.882,1
2016-01-29,10.321,1
2016-01-30,9.746,1
2016-01-31,9.17,1
2016-02-01,8.964,1
2016-02-02,8.897,1
2016-02-03,8.309,1
2016-02-04,7.554,1
2016-02-05,7.339,1
2016-02-06,6.899,1
2016-02-07,7.644,1
2016-02-08,6.714,1
2016-02-09,8.313,1
2016-02-10,17.271,1
2016-02-11,19.337,1
2016-02-12,22.99,1
2016-02-13,23.454,1
2016-02-14,20.609,1
2016-02-15,21.913,1
2016-02-16,21.852,1
2016-02-17,21.512,1
2016-02-18,20.175,1
2016-02-19,17.928,1
2016-02-20,16.632,1
2016-02-21,17.731,1
2016-02-22,18.799,1
2016-02-23,18.648,1
2016-02-24,18.781,1
2016-02-25,18.513,1
2016-02-26,18.91,1
2016-02-27,18.111,1
2016-02-28,18.685,1
2016-02-29,17.618,1
2016-03-01,15.382,1
2016-03-02,16.65,1
2016-03-03,18.587,1
2016-03-04,19.831,1
2016-03-05,20.097,1
2016-03-06,19.018,1
2016-03-07,18.803,1
2016-03-08,19.087,1
2016-03-09,16.683,1
2016-03-10,20.533,1
2016-03-11,21.478,1
2016-03-12,19.773,1
2016-03-13,17.776,1
2016-03-14,17.093,1
2016-03-15,16.066,1
2016-03-16,16.29,1
2016-03-17,15.663,1
2016-03-18,15.231,1
2016-03-19,15.119,1
2016-03-20,16.336,1
2016-03-21,18.016,1
2016-03-22,18.822,1
2016-03-23,17.675,1
2016-03-24,16.29,1
2016-03-25,16.654,1
2016-03-26,18.823,1
2016-03-27,19.78,1
2016-03-28,22.492,1
2016-03-29,22.298,1
2016-03-30,22.663,1
2016-03-31,22.098,1
2016-04-01,22.751,1
2016-04-02,22.322,1
2016-04-03,22.147,1
2016-04-04,22.566,1
2016-04-05,21.729,1
2016-04-06,19.079,1
2016-04-07,19.188,1
2016-04-08,19.083,1
2016-04-09,17.689,1
2016-04-10,17.564,1
2016-04-11,15.864,1
2016-04-12,14.402,1
2016-04-13,13.97,1
2016-04-14,15.517,1
2016-04-15,19.868,1
2016-04-16,21.644,1
2016-04-17,20.149,1
2016-04-18,20.962,1
2016-04-19,22.651,1
2016-04-20,21.701,1
2016-04-21,21.746,1
2016-04-22,21.385,1
2016-04-23,21.734,1
2016-04-24,21.258,1
2016-04-25,21.497,1
2016-04-26,21.432,1
2016-04-27,19.7,1
2016-04-28,17.348,1
2016-04-29,15.7,1
2016-04-30,15.632,1
2016-05-01,13.61,1
2016-05-02,13.251,1
2016-05-03,13.97,1
2016-05-04,14.272,1
2016-05-05,16.082,1
2016-05-06,16.689,1
2016-05-07,17.412,1
2016-05-08,19.933,1
2016-05-09,20.453,1
2016-05-10,17.23,1
2016-05-11,14.898,1
2016-05-12,14.466,1
2016-05-13,15.473,1
2016-05-14,15.799,1
2016-05-15,14.741,1
2016-05-16,13.877,1
2016-05-17,13.74,1
2016-05-18,12.606,1
2016-05-19,12.268,1
2016-05-20,12.043,1
2016-05-21,11.744,1
2016-05-22,12.554,1
2016-05-23,10.244,1
2016-05-24,9.585,1
2016-05-25,9.575,1
2016-05-26,8.808,1
2016-05-27,9.05,1
2016-05-28,8.344,1
2016-05-29,8.698,1
2016-05-30,8.243,1
2016-05-31,6.975,1
2016-06-01,8.081,1
2016-06-02,7.154,1
2016-06-03,7.249,1
2016-06-04,7.446,1
2016-06-05,6.807,1
2016-06-06,7.314,1
2016-06-07,6.105,1
2016-06-08,6.732,1
2016-06-09,6.377,1
2016-06-10,5.845,1
2016-06-11,5.288,1
2016-06-12,5.87,1
2016-06-13,4.905,1
2016-06-14,5.134,1
2016-06-15,5.314,1
2016-06-16,6.139,1
2016-06-17,6.646,1
2016-06-18,7.701,1
2016-06-19,6.694,1
2016-06-20,6.857,1
2016-06-21,5.438,1
2016-06-22,5.871,1
2016-06-23,5.563,1
2016-06-24,5.146,1
2016-06-25,4.97,1
2016-06-26,4.887,1
2016-06-27,4.494,1
2016-06-28,4.483,1
2016-06-29,4.949,1
2016-06-30,4.356,1
2016-07-01,4.04,1
2016-07-02,4.372,1
2016-07-03,4.156,1
2016-07-04,3.198,1
2016-07-05,4.344,1
2016-07-06,4.602,1
2016-07-07,3.845,1
2016-07-08,3.596,1
2016-07-09,3.868,1
2016-07-10,3.742,1
2016-07-11,2.99,1
2016-07-12,3.824,1
2016-07-13,2.848,1
2016-07-14,4.04,1
2016-07-15,3.229,1
2016-07-16,3.466,1
2016-07-17,2.653,1
2016-07-18,2.659,1
2016-07-19,3.067,1
2016-07-20,3.234,1
2016-07-21,2.306,1
2016-07-22,3.569,1
2016-07-23,3.206,1
2016-07-24,2.773,1
2016-07-25,2.555,1
2016-07-26,2.858,1
2016-07-27,2.201,1
2016-07-28,3.34,1
2016-07-29,2.782,1
2016-07-30,2.05,1
2016-07-31,2.037,1
2016-08-01,3.438,1
2016-08-02,3.193,1
2016-08-03,2.031,1
2016-08-04,2.168,1
2016-08-05,2.481,1
2016-08-06,2.371,1
2016-08-07,2.652,1
2016-08-08,2.887,1
2016-08-09,2.268,1
2016-08-10,2.252,1
2016-08-11,3.03,1
2016-08-12,2.518,1
2016-08-13,2.292,1
2016-08-14,2.095,1
2016-08-15,2.459,1
2016-08-16,1.788,1
2016-08-17,3.346,1
2016-08-18,2.067,1
2016-08-19,2.849,1
2016-08-20,1.809,1
2016-08-21,2.315,1
2016-08-22,2.279,1
2016-08-23,2.379,1
2016-08-24,2.962,1
2016-08-25,2.266,1
2016-08-26,1.404,1
2016-08-27,3.666,1
2016-08-28,1.453,1
2016-08-29,2.576,1
2016-08-30,2.806,1
2016-08-31,2.01,1
2016-09-01,2.472,1
2016-09-02,2.096,1
2016-09-03,1.604,1
2016-09-04,1.734,1
2016-09-05,3.264,1
2016-09-06,1.701,1
2016-09-07,2.032,1
2016-09-08,2.029,1
2016-09-09,1.782,1
2016-09-10,3.01,1
2016-09-11,3.034,1
2016-09-12,2.175,1
2016-09-13,2.171,1
2016-09-14,2.171,1
2016-09-15,3.226,1
2016-09-16,4.675,1
2016-09-17,2.835,1
2016-09-18,1.715,1
2016-09-19,2.032,1
2016-09-20,3.491,1
2016-09-21,2.514,1
2016-09-22,3.179,1
2016-09-23,2.292,1
2016-09-24,2.065,1
2016-09-25,2.864,1
2016-09-26,2.481,1
2016-09-27,2.475,1
2016-09-28,1.064,1
2016-09-29,2.523,1
2016-09-30,3.131,1
2016-10-01,2.091,1
2016-10-02,1.97,1
2016-10-03,1.89,1
2016-10-04,2.773,1
2016-10-05,2.059,1
2016-10-06,1.85,1
2016-10-07,2.726,1
2016-10-08,1.747,1
2016-10-09,1.527,1
2016-10-10,2.254,1
2016-10-11,1.507,1
2016-10-12,0.837,1
2016-10-13,2.201,1
2016-10-14,2.075,1
2016-10-15,2.465,1
2016-10-16,3.118,1
2016-10-17,1.972,1
2016-10-18,2.138,1
2016-10-19,2.008,1
2016-10-20,1.485,1
2016-10-21,3.039,1
2016-10-22,2.076,1
2016-10-23,1.867,1
2016-10-24,3.135,1
2016-10-25,2.688,1
2016-10-26,3.134,1
2016-10-27,2.04,1
2016-10-28,2.34,1
2016-10-29,2.258,1
2016-10-30,1.896,1
2016-10-31,2.624,1
2016-11-01,2.518,1
2016-11-02,0.947,1
2016-11-03,2.308,1
2016-11-04,2.542,1
2016-11-05,2.263,1
2016-11-06,4.184,1
2016-11-07,3.64,1
2016-11-08,4.29,1
2016-11-09,8.476,1
2016-11-10,6.593,1
2016-11-11,5.909,1
2016-11-12,5.359,1
2016-11-13,7.622,1
2016-11-14,6.736,1
2016-11-15,5.658,1
2016-11-16,5.543,1
2016-11-17,4.973,1
2016-11-18,4.302,1
2016-11-19,4.641,1
2016-11-20,3.951,1
2016-11-21,8.129,1
2016-11-22,7.235,1
2016-11-23,6.826,1
2016-11-24,6.442,1
2016-11-25,6.623,1
2016-11-26,5.533,1
2016-11-27,5.106,1
2016-11-28,5.893,1
2016-11-29,4.186,1
2016-11-30,4.939,1
2016-12-01,4.909,1
2016-12-02,5.103,1
2016-12-03,4.452,1
2016-12-04,4.183,1
2016-12-05,5.053,1
2016-12-06,4.975,1
2016-12-07,4.917,1
2016-12-08,4.913,1
2016-12-09,4.209,1
2016-12-10,3.185,1
2016-12-11,4.052,1
2016-12-12,4.497,1
2016-12-13,3.597,1
2016-12-14,3.236,1
2016-12-15,3.814,1
2016-12-16,3.091,1
2016-12-17,3.292,1
2016-12-18,4.231,1
2016-12-19,2.691,1
2016-12-20,3.224,1
2016-12-21,3.106,1
2016-12-22,2.521,1
2016-12-23,4.094,1
2016-12-24,2.674,1
2016-12-25,3.727,1
2016-12-26,3.662,1
2016-12-27,3.258,1
2016-12-28,3.297,1
2016-12-29,3.052,1
2016-12-30,2.944,1
2016-12-31,2.742,1
2017-01-01,2.688,1
2017-01-02,2.643,1
2017-01-03,2.316,1
2017-01-04,2.973,1
2017-01-05,2.145,1
2017-01-06,3.065,1
2017-01-07,2.376,1
2017-01-08,1.912,1
2017-01-09,2.132,1
2017-01-10,3.094,1
2017-01-11,2.161,1
2017-01-12,2.609,1
2017-01-13,2.79,1
2017-01-14,2.872,1
2017-01-15,1.997,1
2017-01-16,2.801,1
2017-01-17,5.623,1
2017-01-18,5.333,1
2017-01-19,4.793,1
2017-01-20,4.502,1
2017-01-21,3.131,1
2017-01-22,2.855,1
2017-01-23,4.068,1
2017-01-24,2.838,1
2017-01-25,3.291,1
2017-01-26,3.361,1
2017-01-27,2.531,1
2017-01-28,2.91,1
2017-01-29,3.82,1
2017-01-30,2.931,1
2017-01-31,6.818,1
2017-02-01,5.209,1
2017-02-02,5.659,1
2017-02-03,8.418,1
2017-02-04,17.829,1
2017-02-05,19.959,1
2017-02-06,20.478,1
2017-02-07,22.361,1
2017-02-08,18.422,1
2017-02-09,14.879,1
2017-02-10,12.634,1
2017-02-11,10.159,1
2017-02-12,9.932,1
2017-02-13,14.413,1
2017-02-14,14.325,1
2017-02-15,12.51,1
2017-02-16,11.077,1
2017-02-17,9.951,1
2017-02-18,9.219,1
2017-02-19,8.941,1
2017-02-20,7.623,1
2017-02-21,8.056,1
2017-02-22,6.926,1
2017-02-23,7.705,1
2017-02-24,6.92,1
2017-02-25,6.966,1
2017-02-26,6.769,1
2017-02-27,6.243,1
2017-02-28,6.441,1
2017-03-01,6.405,1
2017-03-02,5.786,1
2017-03-03,6.815,1
2017-03-04,6.702,1
2017-03-05,6.096,1
2017-03-06,11.182,1
2017-03-07,10.419,1
2017-03-08,9.768,1
2017-03-09,8.461,1
2017-03-10,7.531,1
2017-03-11,8.25,1
2017-03-12,8.328,1
2017-03-13,8.853,1
2017-03-14,7.933,1
2017-03-15,7.517,1
2017-03-16,7.777,1
2017-03-17,8.209,1
2017-03-18,6.644,1
2017-03-19,7.512,1
2017-03-20,6.408,1
2017-03-21,6.751,1
2017-03-22,6.883,1
2017-03-23,6.08,1
2017-03-24,6.057,1
2017-03-25,5.137,1
2017-03-26,5.327,1
2017-03-27,5.844,1
2017-03-28,6.618,1
2017-03-29,5.68,1
2017-03-30,6.56,1
2017-03-31,8.138,1
2017-04-01,7.614,1
2017-04-02,6.26,1
2017-04-03,5.766,1
2017-04-04,6.029,1
2017-04-05,5.846,1
2017-04-06,5.052,1
2017-04-07,6.249,1
2017-04-08,5.288,1
2017-04-09,5.76,1
2017-04-10,5.729,1
2017-04-11,5.673,1
2017-04-12,5.37,1
2017-04-13,5.492,1
2017-04-14,4.162,1
2017-04-15,5.757,1
2017-04-16,5.103,1
2017-04-17,4.511,1
2017-04-18,4.623,1
2017-04-19,4.158,1
2017-04-20,4.207,1
2017-04-21,4.61,1
2017-04-22,4.212,1
2017-04-23,2.939,1
2017-04-24,4.481,1
2017-04-25,3.72,1
2017-04-26,4.243,1
2017-04-27,3.649,1
2017-04-28,4.123,1
2017-04-29,3.345,1
2017-04-30,3.164,1
2017-05-01,3.83,1
2017-05-02,3.554,1
2017-05-03,3.589,1
2017-05-04,3.717,1
2017-05-05,3.888,1
2017-05-06,4.503,1
2017-05-07,3.797,1
2017-05-08,3.127,1
2017-05-09,4.221,1
2017-05-10,2.981,1
2017-05-11,4.295,1
2017-05-12,3.863,1
2017-05-13,5.309,1
2017-05-14,5.074,1
2017-05-15,3.772,1
2017-05-16,4.39,1
2017-05-17,4.41,1
2017-05-18,5.108,1
2017-05-19,5.981,1
2017-05-20,4.477,1
2017-05-21,5.47,1
2017-05-22,4.195,1
2017-05-23,4.082,1
2017-05-24,3.858,1
2017-05-25,4.253,1
2017-05-26,3.906,1
2017-05-27,4.911,1
2017-05-28,3.763,1
2017-05-29,4.25,1
2017-05-30,4.223,1
2017-05-31,4.171,1
2017-06-01,2.379,1
2017-06-02,2.269,1
2017-06-03,2.161,1
2017-06-04,2.212,1
2017-06-05,1.972,1
2017-06-06,1.983,1
2017-06-07,1.851,1
2017-06-08,1.691,1
2017-06-09,1.702,1
2017-06-10,1.593,1
2017-06-11,1.59,1
2017-06-12,1.615,1
2017-06-13,1.519,1
2017-06-14,1.526,1
2017-06-15,1.682,1
2017-06-16,1.636,1
2017-06-17,1.691,1
2017-06-18,1.581,1
2017-06-19,1.474,1
2017-06-20,1.512,1
2017-06-21,1.576,1
2017-06-22,1.425,1
2017-06-23,1.417,1
2017-06-24,1.454,1
2017-06-25,1.442,1
2017-06-26,1.43,1
2017-06-27,1.531,1
2017-06-28,1.619,1
2017-06-29,1.503,1
2017-06-30,2.193,1
2017-07-01,3.79,1
2017-07-02,3.523,1
2017-07-03,1.959,1
2017-07-04,3.515,1
2017-07-05,2.834,1
2017-07-06,2.712,1
2017-07-07,2.243,1
2017-07-08,1.634,1
2017-07-09,2.122,1
2017-07-10,1.973,1
2017-07-11,2.21,1
2017-07-12,2.411,1
2017-07-13,2.697,1
2017-07-14,2.582,1
2017-07-15,2.2,1
2017-07-16,2.187,1
2017-07-17,1.857,1
2017-07-18,1.475,1
2017-07-19,2.079,1
2017-07-20,1.67,1
2017-07-21,1.732,1
2017-07-22,2.643,1
2017-07-23,1.671,1
2017-07-24,1.366,1
2017-07-25,2.195,1
2017-07-26,1.699,1
2017-07-27,1.415,1
2017-07-28,1.791,1
2017-07-29,1.703,1
2017-07-30,1.326,1
2017-07-31,1.257,1
2017-08-01,1.457,1
2017-08-02,1.809,1
2017-08-03,2.441,1
2017-08-04,1.264,1
2017-08-05,1.3,1
2017-08-06,1.708,1
2017-08-07,1.702,1
2017-08-08,1.239,1
2017-08-09,2.085,1
2017-08-10,1.561,1
2017-08-11,1.022,1
2017-08-12,1.926,1
2017-08-13,1.741,1
2017-08-14,1.654,1
2017-08-15,0.8,1
2017-08-16,1.767,1
2017-08-17,1.701,1
2017-08-18,1.483,1
2017-08-19,1.2,1
2017-08-20,1.071,1
2017-08-21,1.389,1
2017-08-22,1.553,1
2017-08-23,1.873,1
2017-08-24,1.063,1
2017-08-25,1.133,1
2017-08-26,1.502,1
2017-08-27,2.175,1
2017-08-28,1.708,1
2017-08-29,1.455,1
2017-08-30,1.434,1
2017-08-31,1.983,1
2017-09-01,1.492,1
2017-09-02,1.796,1
2017-09-03,1.317,1
2017-09-04,0.88,1
2017-09-05,2.173,1
2017-09-06,1.414,1
2017-09-07,1.013,1
2017-09-08,1.071,1
2017-09-09,1.666,1
2017-09-10,2.435,1
2017-09-11,1.527,1
2017-09-12,1.417,1
2017-09-13,1.549,1
2017-09-14,1.206,1
2017-09-15,1.569,1
2017-09-16,1.855,1
2017-09-17,1.585,1
2017-09-18,1.411,1
2017-09-19,1.748,1
2017-09-20,1.284,1
2017-09-21,1.675,1
2017-09-22,1.708,1
2017-09-23,1.477,1
2017-09-24,1.535,1
2017-09-25,1.195,1
2017-09-26,1.669,1
2017-09-27,1.527,1
2017-09-28,1.726,1
2017-09-29,1.409,1
2017-09-30,1.59,1
2017-10-01,1.449,1
2017-10-02,1.614,1
2017-10-03,1.311,1
2017-10-04,1.578,1
2017-10-05,1.234,1
2017-10-06,1.452,1
2017-10-07,1.436,1
2017-10-08,1.232,1
2017-10-09,1.513,1
2017-10-10,1.3,1
2017-10-11,1.266,1
2017-10-12,1.336,1
2017-10-13,1.298,1
2017-10-14,1.061,1
2017-10-15,1.516,1
2017-10-16,1.355,1
2017-10-17,1.372,1
2017-10-18,1.274,1
2017-10-19,0.995,1
2017-10-20,1.469,1
2017-10-21,1.509,1
2017-10-22,1.429,1
2017-10-23,1.088,1
2017-10-24,1.551,1
2017-10-25,1.457,1
2017-10-26,1.259,1
2017-10-27,1.263,1
2017-10-28,0.646,1
2017-10-29,1.876,1
2017-10-30,1.401,1
2017-10-31,1.57,1
2017-11-01,1.178,1
2017-11-02,1.315,1
2017-11-03,1.529,1
2017-11-04,1.404,1
2017-11-05,1.633,1
2017-11-06,1.869,1
2017-11-07,1.92,1
2017-11-08,2.491,1
2017-11-09,2.786,1
2017-11-10,3.532,1
2017-11-11,5.005,1
2017-11-12,3.216,1
2017-11-13,2.82,1
2017-11-14,3.104,1
2017-11-15,2.165,1
2017-11-16,2.975,1
2017-11-17,2.234,1
2017-11-18,2.444,1
2017-11-19,2.042,1
2017-11-20,1.878,1
2017-11-21,1.819,1
2017-11-22,2.473,1
2017-11-23,1.145,1
2017-11-24,1.746,1
2017-11-25,3.18,1
2017-11-26,4.25,1
2017-11-27,2.59,1
2017-11-28,2.793,1
2017-11-29,2.524,1
2017-11-30,3.006,1
2017-12-01,3.359,1
2017-12-02,3.628,1
2017-12-03,2.957,1
2017-12-04,2.559,1
2017-12-05,2.922,1
2017-12-06,3.016,1
2017-12-07,2.572,1
2017-12-08,9.438,1
2017-12-09,13.022,1
2017-12-10,14.36,1
2017-12-11,19.549,1
2017-12-12,20.127,1
2017-12-13,16.864,1
2017-12-14,21.501,1
2017-12-15,21.38,1
2017-12-16,18.225,1
2017-12-17,15.464,1
2017-12-18,13.012,1
2017-12-19,22.208,1
2017-12-20,20.269,1
2017-12-21,16.271,1
2017-12-22,13.586,1
2017-12-23,11.789,1
2017-12-24,10.123,1
2017-12-25,9.153,1
2017-12-26,8.979,1
2017-12-27,10.409,1
2017-12-28,14.221,1
2017-12-29,19.908,1
2017-12-30,22.306,1
2017-12-31,19.044,1
2018-01-01,15.734,1
2018-01-02,16.003,1
2018-01-03,18.875,1
2018-01-04,17.129,1
2018-01-05,15.114,1
2018-01-06,12.936,1
2018-01-07,11.554,1
2018-01-08,11.051,1
2018-01-09,10.318,1
2018-01-10,10.991,1
2018-01-11,10.467,1
2018-01-12,10.434,1
2018-01-13,9.996,1
2018-01-14,9.819,1
2018-01-15,8.612,1
2018-01-16,10.724,1
2018-01-17,12.899,1
2018-01-18,11.256,1
2018-01-19,10.587,1
2018-01-20,9.514,1
2018-01-21,9.395,1
2018-01-22,9.036,1
2018-01-23,8.763,1
2018-01-24,7.79,1
2018-01-25,8.491,1
2018-01-26,8.585,1
2018-01-27,9.735,1
2018-01-28,9.39,1
2018-01-29,9.357,1
2018-01-30,9.094,1
2018-01-31,8.831,1
2018-02-01,9.248,1
2018-02-02,9.564,1
2018-02-03,9.767,1
2018-02-04,11.886,1
2018-02-05,11.853,1
2018-02-06,9.967,1
2018-02-07,9.522,1
2018-02-08,9.149,1
2018-02-09,9.575,1
2018-02-10,11.307,1
2018-02-11,13.898,1
2018-02-12,19.352,1
2018-02-13,17.77,1
2018-02-14,21.424,1
2018-02-15,21.758,1
2018-02-16,23.976,1
2018-02-17,22.522,1
2018-02-18,22.71,1
2018-02-19,23.251,1
2018-02-20,22.724,1
2018-02-21,21.409,1
2018-02-22,21.969,1
2018-02-23,18.809,1
2018-02-24,17.126,1
2018-02-25,14.87,1
2018-02-26,14.171,1
2018-02-27,13.612,1
2018-02-28,13.067,1
2018-03-01,13.554,1
2018-03-02,14.973,1
2018-03-03,15.55,1
2018-03-04,14.398,1
2018-03-05,13.583,1
2018-03-06,12.779,1
2018-03-07,12.079,1
2018-03-08,11.156,1
2018-03-09,16.214,1
2018-03-10,20.854,1
2018-03-11,19.947,1
2018-03-12,20.945,1
2018-03-13,17.687,1
2018-03-14,18.148,1
2018-03-15,21.259,1
2018-03-16,19.143,1
2018-03-17,16.93,1
2018-03-18,15.424,1
2018-03-19,14.241,1
2018-03-20,14.365,1
2018-03-21,12.954,1
2018-03-22,13.144,1
2018-03-23,15.747,1
2018-03-24,18.713,1
2018-03-25,19.493,1
2018-03-26,19.752,1
2018-03-27,19.769,1
2018-03-28,20.988,1
2018-03-29,21.623,1
2018-03-30,21.189,1
2018-03-31,19.147,1
2018-04-01,16.766,1
2018-04-02,21.041,1
2018-04-03,21.019,1
2018-04-04,21.207,1
2018-04-05,21.144,1
2018-04-06,20.691,1
2018-04-07,21.19,1
2018-04-08,20.95,1
2018-04-09,20.877,1
2018-04-10,21.153,1
2018-04-11,21.789,1
2018-04-12,19.074,1
2018-04-13,18.424,1
2018-04-14,19.93,1
2018-04-15,20.997,1
2018-04-16,21.093,1
2018-04-17,21.827,1
2018-04-18,21.745,1
2018-04-19,21.829,1
2018-04-20,21.832,1
2018-04-21,21.052,1
2018-04-22,21.345,1
2018-04-23,21.962,1
2018-04-24,22.026,1
2018-04-25,21.283,1
2018-04-26,22.07,1
2018-04-27,19.532,1
2018-04-28,17.676,1
2018-04-29,14.747,1
2018-04-30,13.739,1
2018-05-01,12.477,1
2018-05-02,11.544,1
2018-05-03,14.281,1
2018-05-04,13.743,1
2018-05-05,13.356,1
2018-05-06,13.888,1
2018-05-07,16.62,1
2018-05-08,17.605,1
2018-05-09,16.325,1
2018-05-10,14.755,1
2018-05-11,13.634,1
2018-05-12,13.697,1
2018-05-13,11.657,1
2018-05-14,12.77,1
2018-05-15,13.484,1
2018-05-16,12.575,1
2018-05-17,11.825,1
2018-05-18,11.882,1
2018-05-19,11.211,1
2018-05-20,11.385,1
2018-05-21,11.133,1
2018-05-22,10.473,1
2018-05-23,11.087,1
2018-05-24,11.958,1
2018-05-25,12.578,1
2018-05-26,21.348,1
2018-05-27,21.935,1
2018-05-28,19.381,1
2018-05-29,17.074,1
2018-05-30,17.579,1
2018-05-31,16.009,1
2018-06-01,16.216,1
2018-06-02,17.681,1
2018-06-03,19.176,1
2018-06-04,17.422,1
2018-06-05,16.871,1
2018-06-06,19.134,1
2018-06-07,17.377,1
2018-06-08,19.426,1
2018-06-09,21.167,1
2018-06-10,21.959,1
2018-06-11,22.418,1
2018-06-12,21.942,1
2018-06-13,21.606,1
2018-06-14,17.723,1
2018-06-15,15.971,1
2018-06-16,14.299,1
2018-06-17,12.947,1
2018-06-18,12.01,1
2018-06-19,11.407,1
2018-06-20,10.723,1
2018-06-21,9.998,1
2018-06-22,9.33,1
2018-06-23,8.869,1
2018-06-24,8.721,1
2018-06-25,7.816,1
2018-06-26,8.035,1
2018-06-27,8.005,1
2018-06-28,7.795,1
2018-06-29,7.121,1
2018-06-30,8.03,1
2018-07-01,8.046,1
2018-07-02,7.587,1
2018-07-03,7.234,1
2018-07-04,6.44,1
2018-07-05,7.505,1
2018-07-06,5.92,1
2018-07-07,6.335,1
2018-07-08,6.478,1
2018-07-09,5.501,1
2018-07-10,6.392,1
2018-07-11,5.417,1
2018-07-12,6.212,1
2018-07-13,4.754,1
2018-07-14,5.948,1
2018-07-15,6.943,1
2018-07-16,8.316,1
2018-07-17,6.213,1
2018-07-18,6.133,1
2018-07-19,6.17,1
2018-07-20,6.577,1
2018-07-21,7.181,1
2018-07-22,6.371,1
2018-07-23,5.733,1
2018-07-24,5.634,1
2018-07-25,6.279,1
2018-07-26,5.065,1
2018-07-27,5.76,1
2018-07-28,4.893,1
2018-07-29,4.938,1
2018-07-30,5.204,1
2018-07-31,4.971,1
2018-08-01,4.178,1
2018-08-02,4.716,1
2018-08-03,4.114,1
2018-08-04,3.661,1
2018-08-05,4.947,1
2018-08-06,3.335,1
2018-08-07,4.309,1
2018-08-08,3.532,1
2018-08-09,3.658,1
2018-08-10,4.465,1
2018-08-11,3.26,1
2018-08-12,4.28,1
2018-08-13,3.313,1
2018-08-14,3.187,1
2018-08-15,3.589,1
2018-08-16,2.433,1
2018-08-17,3.623,1
2018-08-18,3.495,1
2018-08-19,3.474,1
2018-08-20,3.392,1
2018-08-21,2.983,1
2018-08-22,3.374,1
2018-08-23,3.331,1
2018-08-24,2.888,1
2018-08-25,2.884,1
2018-08-26,2.846,1
2018-08-27,2.962,1
2018-08-28,2.489,1
2018-08-29,2.934,1
2018-08-30,3.1,1
2018-08-31,2.34,1
2018-09-01,3.581,1
2018-09-02,2.854,1
2018-09-03,2.298,1
2018-09-04,3.02,1
2018-09-05,2.746,1
2018-09-06,2.666,1
2018-09-07,2.656,1
2018-09-08,3.649,1
2018-09-09,2.789,1
2018-09-10,1.995,1
2018-09-11,2.584,1
2018-09-12,3.483,1
2018-09-13,2.814,1
2018-09-14,2.256,1
2018-09-15,2.776,1
2018-09-16,2.912,1
2018-09-17,2.726,1
2018-09-18,2.589,1
2018-09-19,3.732,1
2018-09-20,2.562,1
2018-09-21,2.669,1
2018-09-22,2.604,1
2018-09-23,2.356,1
2018-09-24,2.368,1
2018-09-25,2.417,1
2018-09-26,2.409,1
2018-09-27,2.31,1
2018-09-28,1.91,1
2018-09-29,1.947,1
2018-09-30,2.167,1
2018-10-01,2.181,1
2018-10-02,2.591,1
2018-10-03,2.572,1
2018-10-04,3.071,1
2018-10-05,2.143,1
2018-10-06,2.653,1
2018-10-07,2.444,1
2018-10-08,1.937,1
2018-10-09,2.222,1
2018-10-10,2.239,1
2018-10-11,2.106,1
2018-10-12,2.246,1
2018-10-13,2.351,1
2018-10-14,4.065,1
2018-10-15,4.031,1
2018-10-16,2.689,1
2018-10-17,3.074,1
2018-10-18,2.988,1
2018-10-19,2.372,1
2018-10-20,2.288,1
2018-10-21,2.629,1
2018-10-22,2.89,1
2018-10-23,3.409,1
2018-10-24,2.444,1
2018-10-25,2.344,1
2018-10-26,2.387,1
2018-10-27,3.753,1
2018-10-28,3.974,1
2018-10-29,4.924,1
2018-10-30,4.665,1
2018-10-31,5.503,1
2018-11-01,5.816,1
2018-11-02,13.854,1
2018-11-03,13.382,1
2018-11-04,11.301,1
2018-11-05,15.479,1
2018-11-06,15.999,1
2018-11-07,22.061,1
2018-11-08,17.266,1
2018-11-09,12.851,1
2018-11-10,18.706,1
2018-11-11,20.421,1
2018-11-12,20.423,1
2018-11-13,16.429,1
2018-11-14,12.853,1
2018-11-15,11.817,1
2018-11-16,11.02,1
2018-11-17,10.401,1
2018-11-18,9.674,1
2018-11-19,9.131,1
2018-11-20,8.756,1
2018-11-21,8.283,1
2018-11-22,8.007,1
2018-11-23,6.889,1
2018-11-24,6.582,1
2018-11-25,7.027,1
2018-11-26,7.703,1
2018-11-27,7.972,1
2018-11-28,7.172,1
2018-11-29,7.631,1
2018-11-30,7.105,1
2018-12-01,6.685,1
2018-12-02,7.699,1
2018-12-03,8.125,1
2018-12-04,10.787,1
2018-12-05,8.492,1
2018-12-06,7.714,1
2018-12-07,6.951,1
2018-12-08,6.81,1
2018-12-09,5.948,1
2018-12-10,5.847,1
2018-12-11,5.344,1
2018-12-12,5.258,1
2018-12-13,5.131,1
2018-12-14,5.339,1
2018-12-15,5.345,1
2018-12-16,9.718,1
2018-12-17,8.445,1
2018-12-18,7.715,1
2018-12-19,8.465,1
2018-12-20,7.853,1
2018-12-21,7.875,1
2018-12-22,9.213,1
2018-12-23,7.75,1
2018-12-24,7.271,1
2018-12-25,6.88,1
2018-12-26,6.146,1
2018-12-27,5.926,1
2018-12-28,5.141,1
2018-12-29,5.025,1
2018-12-30,5.196,1
2018-12-31,4.246,1
2019-01-01,5.072,1
2019-01-02,3.905,1
2019-01-03,4.769,1
2019-01-04,4.362,1
2019-01-05,4.563,1
2019-01-06,3.719,1
2019-01-07,3.977,1
2019-01-08,3.267,1
2019-01-09,3.748,1
2019-01-10,4.8,1
2019-01-11,3.75,1
2019-01-12,2.398,1
2019-01-13,4.517,1
2019-01-14,2.888,1
2019-01-15,3.668,1
2019-01-16,3.574,1
2019-01-17,2.974,1
2019-01-18,3.83,1
2019-01-19,3.455,1
2019-01-20,8.201,1
2019-01-21,9.725,1
2019-01-22,9.63,1
2019-01-23,16.975,1
2019-01-24,20.944,1
2019-01-25,20.339,1
2019-01-26,22.028,1
2019-01-27,18.367,1
2019-01-28,17.744,1
2019-01-29,16.579,1
2019-01-30,17.051,1
2019-01-31,23.39,1
2019-02-01,21.292,1
2019-02-02,19.256,1
2019-02-03,20.596,1
2019-02-04,18.78,1
2019-02-05,18.438,1
2019-02-06,18.776,1
2019-02-07,19.256,1
2019-02-08,18.033,1
2019-02-09,17.534,1
2019-02-10,18.742,1
2019-02-11,18.761,1
2019-02-12,16.1,1
2019-02-13,14.647,1
2019-02-14,13.049,1
2019-02-15,12.337,1
2019-02-16,11.506,1
2019-02-17,11.175,1
2019-02-18,10.571,1
2019-02-19,10.749,1
2019-02-20,10.177,1
2019-02-21,8.915,1
2019-02-22,9.179,1
2019-02-23,8.241,1
2019-02-24,9.183,1
2019-02-25,8.159,1
2019-02-26,8.812,1
2019-02-27,9.242,1
2019-02-28,9.083,1
2019-03-01,8.287,1
2019-03-02,8.221,1
2019-03-03,8.025,1
2019-03-04,9.836,1
2019-03-05,8.76,1
2019-03-06,14.113,1
2019-03-07,13.621,1
2019-03-08,11.703,1
2019-03-09,9.993,1
2019-03-10,10.956,1
2019-03-11,11.034,1
2019-03-12,10.653,1
2019-03-13,9.999,1
2019-03-14,9.308,1
2019-03-15,8.77,1
2019-03-16,8.159,1
2019-03-17,8.025,1
2019-03-18,8.017,1
2019-03-19,7.2,1
2019-03-20,6.656,1
2019-03-21,7.225,1
2019-03-22,6.551,1
2019-03-23,6.482,1
2019-03-24,6.813,1
2019-03-25,6.257,1
2019-03-26,6.9,1
2019-03-27,6.216,1
2019-03-28,6.531,1
2019-03-29,5.385,1
2019-03-30,6.5,1
2019-03-31,6.269,1
2019-04-01,6.088,1
2019-04-02,5.723,1
2019-04-03,6.532,1
2019-04-04,5.724,1
2019-04-05,5.417,1
2019-04-06,6.007,1
2019-04-07,4.975,1
2019-04-08,5.762,1
2019-04-09,5.888,1
2019-04-10,5.579,1
2019-04-11,7.141,1
2019-04-12,6.869,1
2019-04-13,6.067,1
2019-04-14,7.693,1
2019-04-15,11.53,1
2019-04-16,10.479,1
2019-04-17,10.172,1
2019-04-18,12.088,1
2019-04-19,13.718,1
2019-04-20,13.541,1
2019-04-21,12.7,1
2019-04-22,10.564,1
2019-04-23,10.277,1
2019-04-24,8.855,1
2019-04-25,8.449,1
2019-04-26,8.789,1
2019-04-27,8.109,1
2019-04-28,9.005,1
2019-04-29,9.233,1
2019-04-30,9.167,1
2019-05-01,9.472,1
2019-05-02,8.02,1
2019-05-03,7.603,1
2019-05-04,6.837,1
2019-05-05,6.682,1
2019-05-06,6.694,1
2019-05-07,6.892,1
2019-05-08,6.638,1
2019-05-09,6.615,1
2019-05-10,7.972,1
2019-05-11,7.757,1
2019-05-12,6.14,1
2019-05-13,5.745,1
2019-05-14,5.929,1
2019-05-15,5.286,1
2019-05-16,5.555,1
2019-05-17,5.792,1
2019-05-18,6.165,1
2019-05-19,6.608,1
2019-05-20,5.953,1
2019-05-21,6.951,1
2019-05-22,6.37,1
2019-05-23,5.603,1
2019-05-24,5.369,1
2019-05-25,5.634,1
2019-05-26,5.229,1
2019-05-27,5.293,1
2019-05-28,4.184,1
2019-05-29,5.119,1
2019-05-30,3.509,1
2019-05-31,4.129,1
2019-06-01,4.758,1
2019-06-02,3.495,1
2019-06-03,4.12,1
2019-06-04,3.815,1
2019-06-05,4.396,1
2019-06-06,3.65,1
2019-06-07,4.185,1
2019-06-08,4.943,1
2019-06-09,3.694,1
2019-06-10,3.441,1
2019-06-11,4.116,1
2019-06-12,4.087,1
2019-06-13,3.159,1
2019-06-14,4.74,1
2019-06-15,3.796,1
2019-06-16,3.36,1
2019-06-17,4.205,1
2019-06-18,3.249,1
2019-06-19,2.815,1
2019-06-20,4.49,1
2019-06-21,4.01,1
2019-06-22,3.051,1
2019-06-23,3.6,1
2019-06-24,5.128,1
2019-06-25,6.019,1
2019-06-26,4.946,1
2019-06-27,4.423,1
2019-06-28,2.716,1
2019-06-29,4.776,1
2019-06-30,3.475,1
2019-07-01,3.365,1
2019-07-02,3.81,1
2019-07-03,3.515,1
2019-07-04,3.3,1
2019-07-05,3.48,1
2019-07-06,3.907,1
2019-07-07,3.218,1
2019-07-08,2.882,1
2019-07-09,3.266,1
2019-07-10,3.572,1
2019-07-11,2.289,1
2019-07-12,3.771,1
2019-07-13,2.889,1
2019-07-14,2.658,1
2019-07-15,2.807,1
2019-07-16,2.299,1
2019-07-17,2.598,1
2019-07-18,3.45,1
2019-07-19,2.02,1
2019-07-20,3.39,1
2019-07-21,1.305,1
2019-07-22,3.53,1
2019-07-23,2.66,1
2019-07-24,2.465,1
2019-07-25,2.367,1
2019-07-26,1.38,1
2019-07-27,2.892,1
2019-07-28,2.808,1
2019-07-29,2.033,1
2019-07-30,3.103,1
2019-07-31,2.418,1
2019-08-01,1.949,1
2019-08-02,1.937,1
2019-08-03,2.147,1
2019-08-04,3.008,1
2019-08-05,2.39,1
2019-08-06,1.601,1
2019-08-07,2.188,1
2019-08-08,1.573,1
2019-08-09,2.38,1
2019-08-10,0.96,1
2019-08-11,2.643,1
2019-08-12,2.773,1
2019-08-13,1.087,1
2019-08-14,1.755,1
2019-08-15,2.47,1
2019-08-16,2.468,1
2019-08-17,1.557,1
2019-08-18,0.936,1
2019-08-19,1.909,1
2019-08-20,2.01,1
2019-08-21,1.614,1
2019-08-22,2.338,1
2019-08-23,1.907,1
2019-08-24,1.578,1
2019-08-25,1.623,1
2019-08-26,3.063,1
2019-08-27,2.124,1
2019-08-28,1.151,1
2019-08-29,1.532,1
2019-08-30,2.997,1
2019-08-31,1.818,1
2019-09-01,1.852,1
2019-09-02,1.337,1
2019-09-03,2.216,1
2019-09-04,1.863,1
2019-09-05,1.951,1
2019-09-06,1.493,1
2019-09-07,2.082,1
2019-09-08,1.591,1
2019-09-09,1.824,1
2019-09-10,1.915,1
2019-09-11,2.324,1
2019-09-12,2.05,1
2019-09-13,1.719,1
2019-09-14,1.562,1
2019-09-15,2.405,1
2019-09-16,1.752,1
2019-09-17,1.61,1
2019-09-18,3.505,1
2019-09-19,1.559,1
2019-09-20,2.089,1
2019-09-21,2.068,1
2019-09-22,1.863,1
2019-09-23,2.921,1
2019-09-24,2.501,1
2019-09-25,1.166,1
2019-09-26,1.867,1
2019-09-27,1.536,1
2019-09-28,2.396,1
2019-09-29,1.845,1
2019-09-30,2.182,1
2019-10-01,1.551,1
2019-10-02,1.826,1
2019-10-03,2.253,1
2019-10-04,1.326,1
2019-10-05,2.477,1
2019-10-06,1.648,1
2019-10-07,1.815,1
2019-10-08,0.667,1
2019-10-09,2.009,1
2019-10-10,2.282,1
2019-10-11,2.587,1
2019-10-12,1.977,1
2019-10-13,2.119,1
2019-10-14,1.801,1
2019-10-15,2.596,1
2019-10-16,2.733,1
2019-10-17,2.212,1
2019-10-18,1.213,1
2019-10-19,3.024,1
2019-10-20,6.971,1
2019-10-21,4.369,1
2019-10-22,4.687,1
2019-10-23,8.35,1
2019-10-24,8.688,1
2019-10-25,8.397,1
2019-10-26,5.551,1
2019-10-27,5.866,1
2019-10-28,3.555,1
2019-10-29,4.05,1
2019-10-30,2.513,1
2019-10-31,3.429,1
2019-11-01,4.059,1
2019-11-02,4.992,1
2019-11-03,6.205,1
2019-11-04,9.202,1
2019-11-05,12.989,1
2019-11-06,14.96,1
2019-11-07,15.933,1
2019-11-08,15.147,1
2019-11-09,14.028,1
2019-11-10,17.183,1
2019-11-11,17.794,1
2019-11-12,57.463,1
2019-11-13,21.794,1
2019-11-14,22.327,1
2019-11-15,20.682,1
2019-11-16,22.794,1
2019-11-17,22.537,1
2019-11-18,22.374,1
2019-11-19,22.699,1
2019-11-20,20.265,1
2019-11-21,19.198,1
2019-11-22,18.99,1
2019-11-23,34.48,1
2019-11-24,27.308,1
2019-11-25,32.478,1
2019-11-26,48.014,1
2019-11-27,46.996,1
2019-11-28,36.769,1
2019-11-29,33.408,1
2019-11-30,29.628,1
2019-12-01,23.932,1
2019-12-02,20.304,1
2019-12-03,19.561,1
2019-12-04,20.493,1
2019-12-05,19.012,1
2019-12-06,17.478,1
2019-12-07,15.706,1
2019-12-08,16.247,1
2019-12-09,18.254,1
2019-12-10,15.094,1
2019-12-11,14.921,1
2019-12-12,25.629,1
2019-12-13,92.358,1
2019-12-14,48.286,1
2019-12-15,41.94,1
2019-12-16,54.963,1
2019-12-17,39.409,1
2019-12-18,30.259,1
2019-12-19,98.692,1
2019-12-20,105.948,1
2019-12-21,71.986,1
2019-12-22,67.263,1
2019-12-23,46.987,1
2019-12-24,41.071,1
2019-12-25,36.068,1
2019-12-26,33.761,1
2019-12-27,21.094,1
2019-12-28,19.219,1
2019-12-29,17.589,1
2019-12-30,16.144,1
2019-12-31,14.905,1
2020-01-01,13.925,1
2020-01-02,12.896,1
2020-01-03,12.362,1
2020-01-04,11.545,1
2020-01-05,10.736,1
2020-01-06,10.351,1
2020-01-07,9.849,1
2020-01-08,9.338,1
2020-01-09,9.133,1
2020-01-10,9.471,1
2020-01-11,8.636,1
2020-01-12,8.345,1
2020-01-13,8.145,1
2020-01-14,7.562,1
2020-01-15,8.469,1
2020-01-16,7.92,1
2020-01-17,10.261,1
2020-01-18,9.091,1
2020-01-19,10.821,1
2020-01-20,9.61,1
2020-01-21,8.882,1
2020-01-22,9.259,1
2020-01-23,8.926,1
2020-01-24,8.206,1
2020-01-25,8.425,1
2020-01-26,8.177,1
2020-01-27,8.597,1
2020-01-28,10.019,1
2020-01-29,11.808,1
2020-01-30,17.667,1
2020-01-31,15.737,1
2020-02-01,17.597,1
2020-02-02,17.993,1
2020-02-03,15.322,1
2020-02-04,12.506,1
2020-02-05,11.481,1
2020-02-06,10.186,1
2020-02-07,9.171,1
2020-02-08,8.535,1
2020-02-09,8.236,1
2020-02-10,8.586,1
2020-02-11,8.441,1
2020-02-12,7.666,1
2020-02-13,7.83,1
2020-02-14,8.051,1
2020-02-15,7.227,1
2020-02-16,6.67,1
2020-02-17,7.902,1
2020-02-18,7.257,1
2020-02-19,6.771,1
2020-02-20,6.201,1
2020-02-21,5.671,1
2020-02-22,5.804,1
2020-02-23,4.701,1
2020-02-24,6.101,1
2020-02-25,4.925,1
2020-02-26,5.625,1
2020-02-27,5.262,1
2020-02-28,5.082,1
2020-02-29,5.042,1
2020-03-01,4.322,1
2020-03-02,10.671,1
2020-03-03,10.473,1
2020-03-04,13.511,1
2020-03-05,16.736,1
2020-03-06,17.537,1
2020-03-07,15.405,1
2020-03-08,14.515,1
2020-03-09,13.507,1
2020-03-10,11.894,1
2020-03-11,11.466,1
2020-03-12,10.811,1
2020-03-13,10.31,1
2020-03-14,9.251,1
2020-03-15,9.305,1
2020-03-16,9.578,1
2020-03-17,9.607,1
2020-03-18,10.769,1
2020-03-19,12.307,1
2020-03-20,12.66,1
2020-03-21,12.017,1
2020-03-22,13.143,1
2020-03-23,11.901,1
2020-03-24,10.91,1
2020-03-25,10.229,1
2020-03-26,9.256,1
2020-03-27,9.385,1
2020-03-28,8.216,1
2020-03-29,7.222,1
2020-03-30,7.46,1
2020-03-31,7.189,1
2020-04-01,7.117,1
2020-04-02,7.52,1
2020-04-03,7.417,1
2020-04-04,7.034,1
2020-04-05,6.858,1
2020-04-06,8.282,1
2020-04-07,8.093,1
2020-04-08,7.642,1
2020-04-09,7.659,1
2020-04-10,7.978,1
2020-04-11,10.333,1
2020-04-12,11.4,1
2020-04-13,10.838,1
2020-04-14,10.211,1
2020-04-15,9.263,1
2020-04-16,9.571,1
2020-04-17,9.823,1
2020-04-18,10.361,1
2020-04-19,14.486,1
2020-04-20,14.541,1
2020-04-21,13.117,1
2020-04-22,11.867,1
2020-04-23,10.304,1
2020-04-24,10.323,1
2020-04-25,11.117,1
2020-04-26,13.345,1
2020-04-27,13.785,1
2020-04-28,12.693,1
2020-04-29,11.471,1
2020-04-30,11.498,1
2020-05-01,11.107,1
2020-05-02,10.808,1
2020-05-03,10.159,1
2020-05-04,9.536,1
2020-05-05,9.383,1
2020-05-06,7.703,1
2020-05-07,7.271,1
2020-05-08,8.203,1
2020-05-09,8.526,1
2020-05-10,8.976,1
2020-05-11,8.968,1
2020-05-12,8.144,1
2020-05-13,9.686,1
2020-05-14,9.829,1
2020-05-15,11.173,1
2020-05-16,12.637,1
2020-05-17,10.977,1
2020-05-18,9.741,1
2020-05-19,8.664,1
2020-05-20,8.347,1
2020-05-21,7.066,1
2020-05-22,7.391,1
2020-05-23,7.074,1
2020-05-24,5.868,1
2020-05-25,6.389,1
2020-05-26,6.087,1
2020-05-27,6.157,1
2020-05-28,5.223,1
2020-05-29,4.576,1
2020-05-30,5.306,1
2020-05-31,5.504,1
2020-06-01,5.026,1
2020-06-02,5.986,1
2020-06-03,4.349,1
2020-06-04,4.268,1
2020-06-05,5.307,1
2020-06-06,4.192,1
2020-06-07,4.489,1
2020-06-08,4.916,1
2020-06-09,4.864,1
2020-06-10,3.455,1
2020-06-11,4.535,1
2020-06-12,5.248,1
2020-06-13,6.545,1
2020-06-14,5.495,1
2020-06-15,5.405,1
2020-06-16,4.758,1
2020-06-17,4.48,1
2020-06-18,5.147,1
2020-06-19,3.94,1
2020-06-20,4.377,1
2020-06-21,4.058,1
2020-06-22,3.497,1
2020-06-23,4.603,1
2020-06-24,3.44,1
2020-06-25,3.769,1
2020-06-26,2.982,1
2020-06-27,4.25,1
2020-06-28,3.233,1
2020-06-29,3.271,1
2020-06-30,3.119,1
2020-07-01,3.046,1
2020-07-02,3.08,1
2020-07-03,3.574,1
2020-07-04,3.254,1
2020-07-05,2.072,1
2020-07-06,3.789,1
2020-07-07,3.447,1
2020-07-08,2.065,1
2020-07-09,3.219,1
2020-07-10,2.127,1
2020-07-11,3.632,1
2020-07-12,2.82,1
2020-07-13,2.542,1
2020-07-14,2.565,1
2020-07-15,3.361,1
2020-07-16,1.736,1
2020-07-17,2.288,1
2020-07-18,3.864,1
2020-07-19,1.931,1
2020-07-20,2.701,1
2020-07-21,3.029,1
2020-07-22,1.928,1
2020-07-23,2.559,1
2020-07-24,2.417,1
2020-07-25,1.841,1
2020-07-26,2.045,1
2020-07-27,2.212,1
2020-07-28,2.322,1
2020-07-29,1.928,1
2020-07-30,2.114,1
2020-07-31,3.135,1
2020-08-01,1.579,1
2020-08-02,2.799,1
2020-08-03,1.662,1
2020-08-04,2.546,1
2020-08-05,1.853,1
2020-08-06,1.94,1
2020-08-07,2.546,1
2020-08-08,2.23,1
2020-08-09,2.16,1
2020-08-10,2.375,1
2020-08-11,2.338,1
2020-08-12,2.132,1
2020-08-13,3.338,1
2020-08-14,2.49,1
2020-08-15,2.035,1
2020-08-16,2.171,1
2020-08-17,2.13,1
2020-08-18,2.561,1
2020-08-19,2.043,1
2020-08-20,2.295,1
2020-08-21,2.695,1
2020-08-22,2.018,1
2020-08-23,1.723,1
2020-08-24,2.322,1
2020-08-25,1.62,1
2020-08-26,2.258,1
2020-08-27,2.278,1
2020-08-28,2.178,1
2020-08-29,1.581,1
2020-08-30,3.525,1
2020-08-31,3.586,1
2020-09-01,1.66,1
2020-09-02,2.934,1
2020-09-03,2.489,1
2020-09-04,1.904,1
2020-09-05,1.958,1
2020-09-06,2.552,1
2020-09-07,1.84,1
2020-09-08,1.787,1
2020-09-09,2.477,1
2020-09-10,2.312,1
2020-09-11,1.739,1
2020-09-12,1.821,1
2020-09-13,2.225,1
2020-09-14,1.807,1
2020-09-15,1.997,1
2020-09-16,1.444,1
2020-09-17,1.261,1
2020-09-18,2.679,1
2020-09-19,2.347,1
2020-09-20,3.232,1
2020-09-21,2.557,1
2020-09-22,3.663,1
2020-09-23,2.878,1
2020-09-24,2.784,1
2020-09-25,2.856,1
2020-09-26,3.806,1
2020-09-27,4.856,1
2020-09-28,4.593,1
2020-09-29,4.028,1
2020-09-30,2.66,1
