date,storage,outflow,type
1962-10-02,2.5,,2
1962-10-09,2.5,,2
1962-10-16,2.3,,2
1962-10-23,2.3,,2
1962-10-30,2.5,,2
1962-11-06,2.5,,2
1962-11-13,2.5,,2
1962-11-20,2.5,,2
1962-11-27,2.5,,2
1962-12-04,2.5,,2
1962-12-11,2.5,,2
1962-12-18,2.5,,2
1962-12-25,2.5,,2
1963-01-01,1.5,,2
1963-01-08,1.3,,2
1963-01-15,2.3,,2
1963-01-22,1.2,,2
1963-01-29,1.4,,2
1963-02-05,1.4,,2
1963-02-12,1.3,,2
1963-02-19,1.3,,2
1963-02-26,0.1,0.0,2
1963-03-05,0.1,,2
1963-03-12,0.1,,2
1963-03-19,0.1,,2
1963-04-02,0.0,,2
1963-04-09,0.0,,2
1963-04-16,0.1,,2
1963-04-23,0.1,,2
1963-04-30,0.2,,2
1963-05-07,0.7,,2
1963-05-14,0.8,,2
1963-05-21,0.8,,2
1963-05-28,0.8,,2
1963-06-01,0.81,3.3,2
1963-06-02,0.73,0.6,2
1963-06-03,0.81,4.0,2
1963-06-04,0.65,4.1,2
1963-06-05,0.58,1.7,2
1963-06-06,0.8,37.5,2
1963-06-07,0.84,45.9,2
1963-06-08,0.84,48.0,2
1963-06-09,0.84,18.2,2
1963-06-10,0.81,34.6,2
1963-06-11,0.84,30.8,2
1963-06-12,0.84,26.6,2
1963-06-13,0.8,3.1,2
1963-06-14,0.68,24.7,2
1963-06-15,0.84,30.2,2
1963-06-16,0.84,4.7,2
1963-06-17,0.65,23.1,2
1963-06-18,0.84,31.5,2
1963-06-19,0.8,20.2,2
1963-06-20,0.84,20.4,2
1963-06-21,0.8,17.9,2
1963-06-22,0.8,8.6,2
1963-06-23,0.8,4.4,2
1963-06-24,0.71,12.8,2
1963-06-25,0.81,21.1,2
1963-06-26,0.79,11.8,2
1963-06-27,0.81,17.1,2
1963-06-28,0.8,11.7,2
1963-06-29,0.81,4.7,2
1963-06-30,0.82,5.1,2
1963-07-01,0.79,23.7,2
1963-07-02,0.79,22.3,2
1963-07-03,0.77,24.7,2
1963-07-04,0.8,23.9,2
1963-07-05,0.8,22.4,2
1963-07-06,0.8,25.1,2
1963-07-07,0.81,6.8,2
1963-07-08,0.8,23.3,2
1963-07-09,0.8,26.4,2
1963-07-10,0.79,28.4,2
1963-07-11,0.8,31.6,2
1963-07-12,0.81,16.5,2
1963-07-13,0.81,32.1,2
1963-07-14,0.79,4.9,2
1963-07-15,0.65,25.8,2
1963-07-16,0.79,32.8,2
1963-07-17,0.81,22.0,2
1963-07-18,0.8,8.8,2
1963-07-19,0.8,28.0,2
1963-07-20,0.79,38.5,2
1963-07-21,0.79,7.2,2
1963-07-22,0.81,31.3,2
1963-07-23,0.81,34.2,2
1963-07-24,0.81,34.3,2
1963-07-25,0.8,6.7,2
1963-07-26,0.81,32.6,2
1963-07-27,0.82,34.7,2
1963-07-28,0.81,6.0,2
1963-07-29,0.81,46.3,2
1963-07-30,0.79,36.9,2
1963-07-31,0.81,37.1,2
1963-08-01,0.83,25.2,2
1963-08-02,0.79,27.6,2
1963-08-03,0.81,28.8,2
1963-08-04,0.79,4.1,2
1963-08-05,0.79,25.8,2
1963-08-06,0.8,31.7,2
1963-08-07,0.8,23.2,2
1963-08-08,0.8,2.8,2
1963-08-09,0.76,3.7,2
1963-08-10,0.79,3.2,2
1963-08-11,0.7,9.1,2
1963-08-12,0.72,31.5,2
1963-08-13,0.78,29.5,2
1963-08-14,0.8,19.4,2
1963-08-15,0.8,0.7,2
1963-08-16,0.8,22.0,2
1963-08-17,0.8,24.4,2
1963-08-18,0.78,0.9,2
1963-08-19,0.81,23.9,2
1963-08-20,0.7,24.1,2
1963-08-21,0.79,36.7,2
1963-08-22,0.79,27.7,2
1963-08-23,0.79,28.9,2
1963-08-24,0.79,23.8,2
1963-08-25,0.78,5.5,2
1963-08-26,0.64,23.7,2
1963-08-27,0.79,11.7,2
1963-08-28,0.79,33.9,2
1963-08-29,0.79,28.9,2
1963-08-30,0.79,30.4,2
1963-08-31,0.8,30.5,2
1963-09-01,0.79,5.3,2
1963-09-02,0.67,31.4,2
1963-09-03,0.8,37.5,2
1963-09-04,0.78,36.4,2
1963-09-05,0.79,36.5,2
1963-09-06,0.79,29.6,2
1963-09-07,0.8,32.5,2
1963-09-08,0.8,6.8,2
1963-09-09,0.77,38.5,2
1963-09-10,0.81,39.9,2
1963-09-11,0.79,33.4,2
1963-09-12,0.79,30.3,2
1963-09-13,0.77,13.3,2
1963-09-14,0.7,13.5,2
1963-09-15,0.81,6.2,2
1963-09-16,0.51,38.2,2
1963-09-17,0.41,34.4,2
1963-09-18,0.8,41.4,2
1963-09-19,0.79,49.7,2
1963-09-20,0.79,47.5,2
1963-09-21,0.79,39.7,2
1963-09-22,0.81,1.1,2
1963-09-23,0.79,38.1,2
1963-09-24,0.76,35.4,2
1963-09-25,0.24,32.0,2
1963-09-26,0.07,33.2,2
1963-09-27,0.3,36.3,2
1963-09-28,0.08,27.3,2
1963-09-29,0.06,5.6,2
1963-09-30,0.3,32.4,2
1963-10-01,0.69,40.9,2
1963-10-02,0.84,32.9,2
1963-10-03,0.765,57.9,2
1963-10-04,0.84,52.1,2
1963-10-05,0.84,47.7,2
1963-10-06,0.765,3.9,2
1963-10-07,0.765,37.0,2
1963-10-08,0.84,52.5,2
1963-10-09,0.84,60.3,2
1963-10-10,0.84,39.7,2
1963-10-11,0.84,37.7,2
1963-10-12,0.857,3.0,2
1963-10-13,0.64,11.8,2
1963-10-14,0.72,57.3,2
1963-10-15,0.575,45.1,2
1963-10-16,0.414,60.2,2
1963-10-17,0.395,49.0,2
1963-10-18,0.4,55.3,2
1963-10-19,0.415,50.8,2
1963-10-20,0.789,44.8,2
1963-10-21,0.84,54.9,2
1963-10-22,0.338,51.1,2
1963-10-23,0.505,46.6,2
1963-10-24,0.84,53.9,2
1963-10-25,0.391,51.9,2
1963-10-26,0.84,49.6,2
1963-10-27,0.84,42.8,2
1963-10-28,0.84,51.3,2
1963-10-29,0.84,40.7,2
1963-10-30,0.84,41.0,2
1963-10-31,0.84,50.7,2
1963-11-01,0.805,57.9,2
1963-11-02,0.84,57.6,2
1963-11-03,0.84,48.0,2
1963-11-04,0.84,59.1,2
1963-11-05,0.84,61.1,2
1963-11-06,0.84,35.9,2
1963-11-07,0.84,15.0,2
1963-11-08,0.834,21.2,2
1963-11-09,0.84,31.6,2
1963-11-10,0.783,20.3,2
1963-11-11,0.84,5.0,2
1963-11-12,0.632,2.0,2
1963-11-13,0.634,5.6,2
1963-11-14,0.7,1.2,2
1963-11-15,0.704,2.4,2
1963-11-16,0.648,2.0,2
1963-11-17,0.799,1.7,2
1963-11-18,0.65,1.7,2
1963-11-19,0.612,0.0,2
1963-11-20,0.648,1.6,2
1963-11-21,0.505,1.2,2
1963-11-22,0.399,1.1,2
1963-11-23,0.304,1.0,2
1963-11-24,0.218,0.9,2
1963-11-25,0.302,7.1,2
1963-11-26,0.819,1.4,2
1963-11-27,0.693,1.3,2
1963-11-28,0.582,1.2,2
1963-11-29,0.481,0.0,2
1963-11-30,0.699,1.1,2
1963-12-01,0.607,1.1,2
1963-12-02,0.515,1.0,2
1963-12-03,0.425,0.9,2
1963-12-04,0.345,0.9,2
1963-12-05,0.27,0.0,2
1963-12-06,0.484,0.0,2
1963-12-07,0.484,0.0,2
1963-12-08,0.484,0.5,2
1963-12-09,0.443,1.8,2
1963-12-10,0.628,0.9,2
1963-12-11,0.55,0.8,2
1963-12-12,0.478,0.0,2
1963-12-13,0.478,11.8,2
1963-12-14,0.84,1.1,2
1963-12-15,0.821,0.7,2
1963-12-16,0.762,5.5,2
1963-12-17,0.813,0.3,2
1963-12-18,0.783,9.1,2
1963-12-19,0.815,14.1,2
1963-12-20,0.84,8.2,2
1963-12-21,0.813,0.0,2
1963-12-22,0.813,1.0,2
1963-12-23,0.817,20.0,2
1963-12-24,0.819,17.1,2
1963-12-25,0.823,0.8,2
1963-12-26,0.756,8.0,2
1963-12-27,0.823,4.2,2
1963-12-28,0.821,3.1,2
1963-12-29,0.823,0.8,2
1963-12-30,0.75,7.3,2
1963-12-31,,14.0,2
1964-01-01,0.836,0.8,2
1964-01-02,0.765,29.3,2
1964-01-03,0.84,50.2,2
1964-01-04,0.791,30.2,2
1964-01-05,0.759,7.5,2
1964-01-06,0.753,1.7,2
1964-01-07,0.664,33.8,2
1964-01-08,0.765,49.4,2
1964-01-09,0.832,28.6,2
1964-01-10,0.799,27.5,2
1964-01-11,0.815,26.4,2
1964-01-12,0.809,0.7,2
1964-01-13,0.744,21.3,2
1964-01-14,0.832,24.0,2
1964-01-15,0.832,23.8,2
1964-01-16,0.707,8.8,2
1964-01-17,0.795,24.4,2
1964-01-18,0.714,22.1,2
1964-01-19,0.779,0.7,2
1964-01-20,0.714,29.4,2
1964-01-21,0.677,22.0,2
1964-01-22,0.762,24.4,2
1964-01-23,0.7,26.3,2
1964-01-24,0.685,23.4,2
1964-01-25,0.692,25.5,2
1964-01-26,0.723,3.2,2
1964-01-27,0.801,21.1,2
1964-01-28,0.685,29.2,2
1964-01-29,0.681,30.7,2
1964-01-30,0.695,30.8,2
1964-01-31,0.777,28.9,2
1964-02-01,0.75,30.7,2
1964-02-02,0.805,2.4,2
1964-02-03,0.68,37.2,2
1964-02-04,0.805,39.2,2
1964-02-05,0.836,36.8,2
1964-02-06,0.805,38.6,2
1964-02-07,0.801,34.6,2
1964-02-08,0.805,21.8,2
1964-02-09,0.817,2.8,2
1964-02-10,0.575,55.1,2
1964-02-11,0.728,25.1,2
1964-02-12,0.656,37.4,2
1964-02-13,0.696,29.2,2
1964-02-14,0.784,39.5,2
1964-02-15,0.793,28.8,2
1964-02-16,0.84,1.4,2
1964-02-17,0.714,13.3,2
1964-02-18,0.791,1.7,2
1964-02-19,0.835,1.6,2
1964-02-20,0.695,9.6,2
1964-02-21,0.813,7.3,2
1964-02-22,0.484,3.9,2
1964-02-23,0.484,0.0,2
1964-02-24,0.499,0.0,2
1964-02-25,0.659,0.0,2
1964-02-26,0.706,0.1,2
1964-02-27,0.759,1.6,2
1964-02-28,0.716,0.0,2
1964-02-29,0.742,1.3,2
1964-03-01,0.669,0.9,2
1964-03-02,0.591,1.0,2
1964-03-03,0.505,1.1,2
1964-03-04,0.413,0.9,2
1964-03-05,0.331,1.3,2
1964-03-06,0.299,1.3,2
1964-03-07,0.375,2.2,2
1964-03-08,0.649,1.0,2
1964-03-09,0.561,18.3,2
1964-03-10,0.631,15.6,2
1964-03-11,0.695,15.6,2
1964-03-12,0.76,4.3,2
1964-03-13,0.513,0.6,2
1964-03-14,0.459,3.2,2
1964-03-15,0.827,1.3,2
1964-03-16,0.715,15.8,2
1964-03-17,0.838,17.0,2
1964-03-18,0.79,13.5,2
1964-03-19,0.84,17.6,2
1964-03-20,0.84,75.0,2
1964-03-21,0.84,104.9,2
1964-03-22,0.84,87.7,2
1964-03-23,0.84,87.7,2
1964-03-24,0.84,77.7,2
1964-03-25,0.84,74.6,2
1964-03-26,0.84,57.3,2
1964-03-27,0.84,34.3,2
1964-03-28,0.832,51.8,2
1964-03-29,0.84,39.3,2
1964-03-30,0.823,48.0,2
1964-03-31,0.84,47.7,2
1964-04-01,0.84,19.1,2
1964-04-02,0.825,30.9,2
1964-04-03,0.84,32.5,2
1964-04-04,0.84,33.3,2
1964-04-05,0.837,1.3,2
1964-04-06,0.722,23.2,2
1964-04-07,0.84,35.7,2
1964-04-08,0.84,58.0,2
1964-04-09,0.84,56.9,2
1964-04-10,0.84,48.6,2
1964-04-11,0.84,56.5,2
1964-04-12,0.84,3.1,2
1964-04-13,0.8,25.0,2
1964-04-14,0.835,23.8,2
1964-04-15,0.83,16.8,2
1964-04-16,0.822,24.8,2
1964-04-17,0.84,56.7,2
1964-04-18,0.84,53.1,2
1964-04-19,0.84,9.8,2
1964-04-20,0.84,44.2,2
1964-04-21,0.84,38.2,2
1964-04-22,0.79,24.9,2
1964-04-23,0.665,16.6,2
1964-04-24,0.695,17.2,2
1964-04-25,0.715,17.1,2
1964-04-26,0.747,2.9,2
1964-04-27,0.495,12.7,2
1964-04-28,0.813,30.4,2
1964-04-29,0.84,48.7,2
1964-04-30,0.84,50.7,2
1964-05-01,0.84,14.2,2
1964-05-02,0.775,49.7,2
1964-05-03,0.84,15.2,2
1964-05-04,0.795,52.6,2
1964-05-05,0.84,54.9,2
1964-05-06,0.77,33.9,2
1964-05-07,0.82,4.3,2
1964-05-08,0.447,18.3,2
1964-05-09,0.767,17.7,2
1964-05-10,0.797,3.9,2
1964-05-11,0.457,17.2,2
1964-05-12,0.807,24.6,2
1964-05-13,0.84,21.1,2
1964-05-14,0.807,20.0,2
1964-05-15,0.79,19.8,2
1964-05-16,0.797,16.6,2
1964-05-17,0.817,5.2,2
1964-05-18,0.629,15.9,2
1964-05-19,0.797,19.2,2
1964-05-20,0.78,19.2,2
1964-05-21,0.795,14.5,2
1964-05-22,0.795,13.3,2
1964-05-23,0.792,12.8,2
1964-05-24,0.802,8.6,2
1964-05-25,0.765,19.1,2
1964-05-26,0.755,11.7,2
1964-05-27,0.74,6.0,2
1964-05-28,0.74,7.7,2
1964-05-29,0.645,4.0,2
1964-05-30,0.727,7.2,2
1964-05-31,0.802,4.1,2
1964-06-01,0.649,6.4,2
1964-06-02,0.835,20.2,2
1964-06-03,0.84,69.1,2
1964-06-04,0.84,39.5,2
1964-06-05,0.84,38.6,2
1964-06-06,0.84,34.6,2
1964-06-07,0.84,22.0,2
1964-06-08,0.79,24.9,2
1964-06-09,0.84,26.3,2
1964-06-10,0.787,16.9,2
1964-06-11,0.82,23.7,2
1964-06-12,0.835,5.7,2
1964-06-13,0.785,8.0,2
1964-06-14,0.745,6.4,2
1964-06-15,0.827,12.2,2
1964-06-16,0.79,16.6,2
1964-06-17,0.657,14.3,2
1964-06-18,0.72,13.3,2
1964-06-19,0.669,15.7,2
1964-06-20,0.715,14.9,2
1964-06-21,0.807,6.7,2
1964-06-22,0.795,14.2,2
1964-06-23,0.765,14.2,2
1964-06-24,0.757,14.1,2
1964-06-25,0.742,16.4,2
1964-06-26,0.725,17.0,2
1964-06-27,0.593,10.1,2
1964-06-28,0.83,5.9,2
1964-06-29,0.825,10.1,2
1964-06-30,0.745,11.9,2
1964-07-01,0.84,14.0,2
1964-07-02,0.595,37.1,2
1964-07-03,0.727,19.2,2
1964-07-04,0.84,18.5,2
1964-07-05,0.8,3.2,2
1964-07-06,0.77,20.4,2
1964-07-07,0.84,28.3,2
1964-07-08,0.605,28.3,2
1964-07-09,0.605,27.0,2
1964-07-10,0.76,27.4,2
1964-07-11,0.727,24.9,2
1964-07-12,0.84,6.5,2
1964-07-13,0.76,21.8,2
1964-07-14,0.84,27.9,2
1964-07-15,0.777,27.4,2
1964-07-16,0.717,30.4,2
1964-07-17,0.835,28.9,2
1964-07-18,0.81,5.7,2
1964-07-19,0.677,5.1,2
1964-07-20,0.647,33.1,2
1964-07-21,0.84,32.4,2
1964-07-22,0.84,34.2,2
1964-07-23,0.84,32.0,2
1964-07-24,0.84,30.1,2
1964-07-25,0.84,6.2,2
1964-07-26,0.84,6.7,2
1964-07-27,0.84,21.8,2
1964-07-28,0.84,34.3,2
1964-07-29,0.84,32.6,2
1964-07-30,0.84,28.8,2
1964-07-31,0.84,27.6,2
1964-08-01,0.84,30.2,2
1964-08-02,0.84,7.8,2
1964-08-03,0.8,24.3,2
1964-08-04,0.84,32.2,2
1964-08-05,0.84,33.0,2
1964-08-06,0.84,29.0,2
1964-08-07,0.84,30.7,2
1964-08-08,0.84,31.9,2
1964-08-09,0.765,19.9,2
1964-08-10,0.665,30.0,2
1964-08-11,0.665,32.7,2
1964-08-12,0.84,31.6,2
1964-08-13,0.84,40.9,2
1964-08-14,0.84,25.5,2
1964-08-15,0.84,7.4,2
1964-08-16,0.81,8.4,2
1964-08-17,0.84,39.3,2
1964-08-18,0.84,34.4,2
1964-08-19,0.84,39.9,2
1964-08-20,0.84,32.7,2
1964-08-21,0.84,43.0,2
1964-08-22,0.8,36.0,2
1964-08-23,0.79,7.4,2
1964-08-24,0.734,48.1,2
1964-08-25,0.84,48.0,2
1964-08-26,0.84,51.2,2
1964-08-27,0.84,43.7,2
1964-08-28,0.84,44.0,2
1964-08-29,0.84,47.2,2
1964-08-30,0.84,8.1,2
1964-08-31,0.84,39.7,2
1964-09-01,0.84,46.6,2
1964-09-02,0.84,37.5,2
1964-09-03,0.84,43.8,2
1964-09-04,0.84,39.6,2
1964-09-05,0.84,42.0,2
1964-09-06,0.84,5.2,2
1964-09-07,0.84,41.8,2
1964-09-08,0.84,44.3,2
1964-09-09,0.84,44.3,2
1964-09-10,0.84,49.3,2
1964-09-11,0.84,42.3,2
1964-09-12,0.84,43.6,2
1964-09-13,0.84,4.8,2
1964-09-14,0.84,41.2,2
1964-09-15,0.84,42.7,2
1964-09-16,0.84,42.5,2
1964-09-17,0.84,41.6,2
1964-09-18,0.84,43.4,2
1964-09-19,0.84,42.0,2
1964-09-20,0.84,4.0,2
1964-09-21,0.84,42.6,2
1964-09-22,0.84,43.8,2
1964-09-23,0.84,44.6,2
1964-09-24,0.84,41.2,2
1964-09-25,0.84,42.5,2
1964-09-26,0.84,27.5,2
1964-09-27,0.84,6.6,2
1964-09-28,0.84,44.5,2
1964-09-29,0.84,44.1,2
1964-09-30,0.84,45.7,2
1964-10-01,0.8,42.3,2
1964-10-02,0.8,39.7,2
1964-10-03,0.8,37.2,2
1964-10-04,0.8,5.0,2
1964-10-05,0.8,34.8,2
1964-10-06,0.8,37.5,2
1964-10-07,0.8,37.5,2
1964-10-08,0.8,18.9,2
1964-10-09,0.8,10.3,2
1964-10-10,0.8,4.3,2
1964-10-11,0.8,4.0,2
1964-10-12,0.8,2.1,2
1964-10-13,0.8,13.9,2
1964-10-14,0.8,13.5,2
1964-10-15,0.8,21.5,2
1964-10-16,0.8,11.5,2
1964-10-17,0.8,23.4,2
1964-10-18,0.8,15.0,2
1964-10-19,0.8,18.9,2
1964-10-20,0.8,15.2,2
1964-10-21,0.8,15.2,2
1964-10-22,0.8,33.4,2
1964-10-23,0.8,33.1,2
1964-10-24,0.8,44.3,2
1964-10-25,0.8,4.1,2
1964-10-26,0.8,23.9,2
1964-10-27,0.8,5.7,2
1964-10-28,0.8,3.1,2
1964-10-29,0.8,3.1,2
1964-10-30,0.8,4.4,2
1964-10-31,0.8,2.6,2
1964-11-01,0.8,2.8,2
1964-11-02,0.8,22.9,2
1964-11-03,0.8,3.9,2
1964-11-04,0.8,3.5,2
1964-11-05,0.8,3.9,2
1964-11-06,0.8,10.9,2
1964-11-07,0.8,12.6,2
1964-11-08,0.8,3.3,2
1964-11-09,0.8,24.4,2
1964-11-10,0.8,8.0,2
1964-11-11,0.8,10.0,2
1964-11-12,0.8,17.2,2
1964-11-13,0.8,15.1,2
1964-11-14,0.8,13.0,2
1964-11-15,0.8,3.7,2
1964-11-16,0.8,14.3,2
1964-11-17,0.8,11.7,2
1964-11-18,0.8,11.0,2
1964-11-19,0.8,7.3,2
1964-11-20,0.8,9.6,2
1964-11-21,0.8,6.9,2
1964-11-22,0.8,3.3,2
1964-11-23,0.8,6.3,2
1964-11-24,0.8,6.1,2
1964-11-25,0.8,6.4,2
1964-11-26,0.8,7.4,2
1964-11-27,0.8,7.7,2
1964-11-28,0.8,8.5,2
1964-11-29,0.8,1.8,2
1964-11-30,0.8,9.4,2
1964-12-01,0.8,8.4,2
1964-12-02,0.8,8.8,2
1964-12-03,0.8,8.5,2
1964-12-04,0.8,13.4,2
1964-12-05,0.8,8.0,2
1964-12-06,0.8,4.5,2
1964-12-07,0.8,3.1,2
1964-12-08,0.7,3.3,2
1964-12-09,0.8,4.2,2
1964-12-10,0.8,1.7,2
1964-12-11,0.8,3.1,2
1964-12-12,0.8,3.1,2
1964-12-13,0.8,3.2,2
1964-12-14,0.8,4.1,2
1964-12-15,0.8,4.1,2
1964-12-16,0.8,8.1,2
1964-12-17,0.8,8.9,2
1964-12-18,0.8,11.8,2
1964-12-19,0.6,9.0,2
1964-12-20,0.8,0.8,2
1964-12-21,0.8,9.3,2
1964-12-22,0.8,10.9,2
1964-12-23,0.8,11.3,2
1964-12-24,0.8,9.3,2
1964-12-25,0.8,3.4,2
1964-12-26,0.8,9.9,2
1964-12-27,0.8,1.7,2
1964-12-28,0.8,10.6,2
1964-12-29,0.8,10.7,2
1964-12-30,0.8,8.9,2
1964-12-31,0.8,11.6,2
1965-01-01,0.8,2.4,2
1965-01-02,0.8,4.7,2
1965-01-03,0.8,2.3,2
1965-01-04,0.8,2.6,2
1965-01-05,0.8,1.9,2
1965-01-06,0.8,7.7,2
1965-01-07,0.8,2.3,2
1965-01-08,0.8,9.3,2
1965-01-09,0.8,9.5,2
1965-01-10,0.8,3.2,2
1965-01-11,0.8,5.2,2
1965-01-12,0.8,4.8,2
1965-01-13,0.8,6.8,2
1965-01-14,0.8,2.1,2
1965-01-15,0.8,3.8,2
1965-01-16,0.8,1.9,2
1965-01-17,0.8,3.1,2
1965-01-18,0.8,1.0,2
1965-01-19,0.7,7.3,2
1965-01-20,0.8,1.9,2
1965-01-21,0.8,2.5,2
1965-01-22,0.8,2.9,2
1965-01-23,0.8,0.6,2
1965-01-24,0.8,1.7,2
1965-01-25,0.8,4.4,2
1965-01-26,0.7,0.7,2
1965-01-27,0.8,1.4,2
1965-01-28,0.8,0.4,2
1965-01-29,0.8,8.9,2
1965-01-30,0.8,37.0,2
1965-01-31,0.8,1.3,2
1965-02-01,0.7,2.5,2
1965-02-02,0.8,7.1,2
1965-02-03,0.8,1.9,2
1965-02-04,0.8,1.9,2
1965-02-05,0.8,18.2,2
1965-02-06,0.8,15.2,2
1965-02-07,0.8,1.1,2
1965-02-08,0.8,17.6,2
1965-02-09,0.8,15.6,2
1965-02-10,0.8,16.6,2
1965-02-11,0.8,29.7,2
1965-02-12,0.8,31.0,2
1965-02-13,0.8,17.5,2
1965-02-14,0.7,2.1,2
1965-02-15,0.7,20.4,2
1965-02-16,0.7,12.0,2
1965-02-17,0.8,18.5,2
1965-02-18,0.7,13.9,2
1965-02-19,0.8,10.4,2
1965-02-20,0.8,16.6,2
1965-02-21,0.8,19.7,2
1965-02-22,0.8,32.9,2
1965-02-23,0.8,31.2,2
1965-02-24,0.8,18.9,2
1965-02-25,0.8,17.2,2
1965-02-26,0.8,26.9,2
1965-02-27,0.8,30.9,2
1965-02-28,0.8,3.0,2
1965-03-01,0.7,9.9,2
1965-03-02,0.8,15.9,2
1965-03-03,0.8,16.9,2
1965-03-04,0.8,13.7,2
1965-03-05,0.8,14.8,2
1965-03-06,0.8,13.8,2
1965-03-07,0.8,1.9,2
1965-03-08,0.8,17.2,2
1965-03-09,0.8,18.8,2
1965-03-10,0.8,16.5,2
1965-03-11,0.8,12.4,2
1965-03-12,0.8,15.1,2
1965-03-13,0.8,23.0,2
1965-03-14,0.8,1.9,2
1965-03-15,0.6,5.3,2
1965-03-16,0.8,2.2,2
1965-03-17,0.8,6.8,2
1965-03-18,0.8,3.3,2
1965-03-19,0.8,1.1,2
1965-03-20,0.7,1.1,2
1965-03-21,0.7,0.0,2
1965-03-22,0.7,1.9,2
1965-03-23,0.5,0.3,2
1965-03-24,0.8,14.6,2
1965-03-25,0.8,16.8,2
1965-03-26,0.8,17.0,2
1965-03-27,0.7,26.3,2
1965-03-28,0.5,10.9,2
1965-03-29,0.8,29.4,2
1965-03-30,0.7,21.8,2
1965-03-31,0.8,20.9,2
1965-04-01,0.5,29.1,2
1965-04-02,0.5,36.0,2
1965-04-03,0.5,41.6,2
1965-04-04,0.7,21.2,2
1965-04-05,0.3,32.6,2
1965-04-06,0.8,48.8,2
1965-04-07,0.8,37.5,2
1965-04-08,0.8,38.5,2
1965-04-09,0.5,43.2,2
1965-04-10,0.7,22.0,2
1965-04-11,0.8,45.2,2
1965-04-12,0.5,37.1,2
1965-04-13,0.6,46.2,2
1965-04-14,0.5,45.9,2
1965-04-15,0.5,40.0,2
1965-04-16,0.5,7.1,2
1965-04-17,0.6,23.8,2
1965-04-18,0.7,2.5,2
1965-04-19,0.8,26.5,2
1965-04-20,0.5,20.3,2
1965-04-21,0.8,28.4,2
1965-04-22,0.7,28.1,2
1965-04-23,0.7,24.4,2
1965-04-24,0.5,26.1,2
1965-04-25,0.8,2.7,2
1965-04-26,0.7,18.2,2
1965-04-27,0.8,24.7,2
1965-04-28,0.8,24.6,2
1965-04-29,0.8,24.2,2
1965-04-30,0.8,15.5,2
1965-05-01,0.8,10.0,2
1965-05-02,0.8,2.6,2
1965-05-03,0.8,21.3,2
1965-05-04,0.8,23.3,2
1965-05-05,0.8,22.3,2
1965-05-06,0.8,22.2,2
1965-05-07,0.8,24.3,2
1965-05-08,0.8,24.6,2
1965-05-09,0.8,9.3,2
1965-05-10,0.7,23.1,2
1965-05-11,0.8,22.5,2
1965-05-12,0.8,31.9,2
1965-05-13,0.8,25.9,2
1965-05-14,0.8,30.7,2
1965-05-15,0.8,28.0,2
1965-05-16,0.8,7.9,2
1965-05-17,0.8,33.3,2
1965-05-18,0.8,30.1,2
1965-05-19,0.8,28.9,2
1965-05-20,0.8,8.0,2
1965-05-21,0.7,6.1,2
1965-05-22,0.7,19.1,2
1965-05-23,0.8,6.6,2
1965-05-24,0.8,22.7,2
1965-05-25,0.8,33.0,2
1965-05-26,0.8,35.5,2
1965-05-27,0.8,6.5,2
1965-05-28,0.8,11.1,2
1965-05-29,0.8,26.1,2
1965-05-30,0.8,8.9,2
1965-05-31,0.7,25.2,2
1965-06-01,0.8,16.4,2
1965-06-02,0.8,27.2,2
1965-06-03,0.8,29.6,2
1965-06-04,0.8,19.7,2
1965-06-05,0.8,21.3,2
1965-06-06,0.8,5.7,2
1965-06-07,0.7,13.2,2
1965-06-08,0.8,14.6,2
1965-06-09,0.8,17.3,2
1965-06-10,0.8,26.2,2
1965-06-11,0.8,22.3,2
1965-06-12,0.8,20.8,2
1965-06-13,0.8,5.7,2
1965-06-14,0.8,19.9,2
1965-06-15,0.8,19.3,2
1965-06-16,0.8,11.8,2
1965-06-17,0.8,5.5,2
1965-06-18,0.7,6.8,2
1965-06-19,0.8,6.3,2
1965-06-20,0.8,6.9,2
1965-06-21,0.7,7.3,2
1965-06-22,0.7,5.9,2
1965-06-23,0.8,7.0,2
1965-06-24,0.8,7.8,2
1965-06-25,0.8,6.6,2
1965-06-26,0.8,6.4,2
1965-06-27,0.7,7.5,2
1965-06-28,0.8,21.7,2
1965-06-29,0.8,22.0,2
1965-06-30,0.8,11.6,2
1965-07-01,0.8,9.1,2
1965-07-02,0.8,17.2,2
1965-07-03,0.8,18.9,2
1965-07-04,0.8,7.2,2
1965-07-05,0.8,6.6,2
1965-07-06,0.8,6.4,2
1965-07-07,0.8,7.2,2
1965-07-08,0.8,7.3,2
1965-07-09,0.8,6.8,2
1965-07-10,0.8,6.9,2
1965-07-11,0.8,6.9,2
1965-07-12,0.7,7.3,2
1965-07-13,0.8,7.3,2
1965-07-14,0.8,6.3,2
1965-07-15,0.8,7.1,2
1965-07-16,0.8,7.3,2
1965-07-17,0.8,10.8,2
1965-07-18,0.8,6.3,2
1965-07-19,0.8,7.3,2
1965-07-20,0.8,9.0,2
1965-07-21,0.8,27.6,2
1965-07-22,0.8,22.2,2
1965-07-23,0.8,16.8,2
1965-07-24,0.8,17.8,2
1965-07-25,0.8,10.1,2
1965-07-26,0.8,29.9,2
1965-07-27,0.8,22.2,2
1965-07-28,0.8,30.4,2
1965-07-29,0.8,7.7,2
1965-07-30,0.8,17.6,2
1965-07-31,0.8,17.6,2
1965-08-01,0.8,12.8,2
1965-08-02,0.8,16.0,2
1965-08-03,0.8,14.2,2
1965-08-04,0.8,12.1,2
1965-08-05,0.8,7.6,2
1965-08-06,0.8,10.8,2
1965-08-07,0.8,13.7,2
1965-08-08,0.8,7.8,2
1965-08-09,0.8,13.5,2
1965-08-10,0.8,12.6,2
1965-08-11,0.8,9.3,2
1965-08-12,0.8,10.3,2
1965-08-13,0.8,7.5,2
1965-08-14,0.8,15.0,2
1965-08-15,0.8,14.3,2
1965-08-16,0.8,21.5,2
1965-08-17,0.8,21.2,2
1965-08-18,0.8,30.3,2
1965-08-19,0.8,27.5,2
1965-08-20,0.8,29.6,2
1965-08-21,0.8,25.0,2
1965-08-22,0.8,12.7,2
1965-08-23,0.8,28.0,2
1965-08-24,0.8,29.4,2
1965-08-25,0.8,32.3,2
1965-08-26,0.8,26.9,2
1965-08-27,0.8,31.7,2
1965-08-28,0.8,32.4,2
1965-08-29,0.8,7.1,2
1965-08-30,0.8,18.0,2
1965-08-31,0.8,17.4,2
1965-09-01,0.8,23.5,2
1965-09-02,0.8,33.1,2
1965-09-03,0.8,29.8,2
1965-09-04,0.8,38.5,2
1965-09-05,0.8,8.2,2
1965-09-06,0.8,27.6,2
1965-09-07,0.8,30.2,2
1965-09-08,0.8,20.1,2
1965-09-09,0.8,25.0,2
1965-09-10,0.8,28.5,2
1965-09-11,0.8,27.1,2
1965-09-12,0.8,13.6,2
1965-09-13,0.8,24.6,2
1965-09-14,0.8,20.3,2
1965-09-15,0.8,54.9,2
1965-09-16,0.8,31.2,2
1965-09-17,0.8,31.2,2
1965-09-18,0.8,33.3,2
1965-09-19,0.8,6.2,2
1965-09-20,0.8,38.6,2
1965-09-21,0.8,23.3,2
1965-09-22,0.8,29.8,2
1965-09-23,0.8,33.1,2
1965-09-24,0.8,29.5,2
1965-09-25,0.8,9.9,2
1965-09-26,0.8,4.1,2
1965-09-27,0.8,15.4,2
1965-09-28,0.8,10.6,2
1965-09-29,0.8,2.7,2
1965-09-30,0.8,23.2,2
1965-10-01,0.81,2.48,2
1965-10-02,0.8,0.53,2
1965-10-03,0.82,0.67,2
1965-10-04,0.76,14.69,2
1965-10-05,0.75,2.82,2
1965-10-06,0.69,15.8,2
1965-10-07,0.77,4.8,2
1965-10-08,0.81,3.97,2
1965-10-09,0.81,5.66,2
1965-10-10,0.84,11.11,2
1965-10-11,0.84,15.03,2
1965-10-12,0.81,11.6,2
1965-10-13,0.84,17.07,2
1965-10-14,0.8,25.24,2
1965-10-15,0.83,27.79,2
1965-10-16,0.84,28.28,2
1965-10-17,0.81,1.25,2
1965-10-18,0.81,21.09,2
1965-10-19,0.81,25.45,2
1965-10-20,0.81,8.16,2
1965-10-21,0.84,18.89,2
1965-10-22,0.8,26.59,2
1965-10-23,0.84,17.49,2
1965-10-24,0.81,0.67,2
1965-10-25,0.75,14.0,2
1965-10-26,0.8,14.57,2
1965-10-27,0.79,15.51,2
1965-10-28,0.3,19.24,2
1965-10-29,0.83,19.66,2
1965-10-30,0.84,27.04,2
1965-10-31,0.81,2.62,2
1965-11-01,0.75,2.16,2
1965-11-02,0.81,27.36,2
1965-11-03,0.81,23.04,2
1965-11-04,0.79,7.75,2
1965-11-05,0.8,10.88,2
1965-11-06,0.77,13.96,2
1965-11-07,0.8,3.04,2
1965-11-08,0.82,22.86,2
1965-11-09,0.53,16.33,2
1965-11-10,0.53,8.53,2
1965-11-11,0.26,4.42,2
1965-11-12,0.22,0.06,2
1965-11-13,0.21,8.23,2
1965-11-14,0.24,0.6,2
1965-11-15,0.21,2.07,2
1965-11-16,0.2,11.86,2
1965-11-17,0.22,5.94,2
1965-11-18,0.22,5.08,2
1965-11-19,0.22,2.31,2
1965-11-20,0.21,38.4,2
1965-11-21,0.22,12.62,2
1965-11-22,0.22,5.68,2
1965-11-23,0.23,3.41,2
1965-11-24,0.23,4.07,2
1965-11-25,0.23,2.96,2
1965-11-26,0.24,4.35,2
1965-11-27,0.22,15.07,2
1965-11-28,0.24,1.0,2
1965-11-29,0.23,1.86,2
1965-11-30,0.22,13.89,2
1965-12-01,0.26,12.53,2
1965-12-02,0.27,17.45,2
1965-12-03,0.28,6.6,2
1965-12-04,0.24,0.34,2
1965-12-05,0.24,1.97,2
1965-12-06,0.17,7.96,2
1965-12-07,0.27,9.48,2
1965-12-08,0.29,0.98,2
1965-12-09,0.26,10.38,2
1965-12-10,0.84,40.64,2
1965-12-11,0.8,33.87,2
1965-12-12,0.84,42.82,2
1965-12-13,0.81,42.26,2
1965-12-14,0.84,34.0,2
1965-12-15,0.8,35.22,2
1965-12-16,0.84,42.28,2
1965-12-17,0.84,48.82,2
1965-12-18,0.84,52.99,2
1965-12-19,0.84,15.13,2
1965-12-20,0.84,53.37,2
1965-12-21,0.84,74.42,2
1965-12-22,0.84,55.72,2
1965-12-23,0.84,53.04,2
1965-12-24,0.84,39.75,2
1965-12-25,0.84,20.37,2
1965-12-26,0.81,0.19,2
1965-12-27,0.84,52.49,2
1965-12-28,0.84,57.5,2
1965-12-29,0.84,65.36,2
1965-12-30,0.84,65.56,2
1965-12-31,0.84,66.25,2
1966-01-01,0.84,20.96,2
1966-01-02,0.84,19.34,2
1966-01-03,0.84,76.08,2
1966-01-04,0.84,73.5,2
1966-01-05,0.84,47.72,2
1966-01-06,0.84,44.9,2
1966-01-07,0.81,26.86,2
1966-01-08,0.81,48.22,2
1966-01-09,0.81,13.63,2
1966-01-10,0.16,6.66,2
1966-01-11,0.19,31.19,2
1966-01-12,0.19,55.07,2
1966-01-13,0.19,67.51,2
1966-01-14,0.19,67.97,2
1966-01-15,0.19,77.42,2
1966-01-16,0.21,45.49,2
1966-01-17,0.23,75.0,2
1966-01-18,0.23,62.08,2
1966-01-19,0.23,41.12,2
1966-01-20,0.23,56.72,2
1966-01-21,0.23,59.5,2
1966-01-22,0.23,121.23,2
1966-01-23,0.27,145.43,2
1966-01-24,0.27,133.5,2
1966-01-25,0.27,145.37,2
1966-01-26,0.3,114.2,2
1966-01-27,0.84,89.18,2
1966-01-28,0.24,72.07,2
1966-01-29,0.24,73.4,2
1966-01-30,0.24,85.56,2
1966-01-31,0.24,105.21,2
1966-02-01,0.24,94.75,2
1966-02-02,0.24,84.98,2
1966-02-03,0.24,90.84,2
1966-02-04,0.24,69.54,2
1966-02-05,0.24,68.02,2
1966-02-06,0.24,14.66,2
1966-02-07,0.24,41.11,2
1966-02-08,0.24,58.48,2
1966-02-09,0.24,49.41,2
1966-02-10,0.24,128.31,2
1966-02-11,0.84,127.88,2
1966-02-12,0.84,69.27,2
1966-02-13,0.84,101.91,2
1966-02-14,0.84,88.08,2
1966-02-15,0.84,77.84,2
1966-02-16,0.84,152.38,2
1966-02-17,0.84,102.84,2
1966-02-18,0.24,90.08,2
1966-02-19,0.24,161.04,2
1966-02-20,0.24,196.09,2
1966-02-21,0.24,101.79,2
1966-02-22,0.84,105.32,2
1966-02-23,0.13,82.4,2
1966-02-24,0.11,78.59,2
1966-02-25,0.1,73.45,2
1966-02-26,0.5,132.49,2
1966-02-27,0.5,116.84,2
1966-02-28,0.5,84.06,2
1966-03-01,0.5,72.19,2
1966-03-02,0.5,75.07,2
1966-03-03,0.84,74.14,2
1966-03-04,0.8,69.71,2
1966-03-05,0.84,69.91,2
1966-03-06,0.84,19.73,2
1966-03-07,0.24,51.99,2
1966-03-08,0.1,48.7,2
1966-03-09,0.1,52.08,2
1966-03-10,0.1,51.2,2
1966-03-11,0.09,53.59,2
1966-03-12,0.09,48.3,2
1966-03-13,0.09,6.39,2
1966-03-14,0.24,51.55,2
1966-03-15,0.24,60.95,2
1966-03-16,0.24,43.33,2
1966-03-17,0.84,50.38,2
1966-03-18,0.84,47.53,2
1966-03-19,0.84,54.58,2
1966-03-20,0.78,2.3,2
1966-03-21,0.63,6.3,2
1966-03-22,0.09,0.98,2
1966-03-23,0.1,0.16,2
1966-03-24,0.08,0.37,2
1966-03-25,0.05,2.41,2
1966-03-26,0.08,4.58,2
1966-03-27,0.19,3.8,2
1966-03-28,0.1,9.77,2
1966-03-29,0.18,6.94,2
1966-03-30,0.27,9.32,2
1966-03-31,0.4,27.81,2
1966-04-01,0.41,35.0,2
1966-04-02,0.47,32.55,2
1966-04-03,0.84,2.81,2
1966-04-04,0.66,27.15,2
1966-04-05,0.71,20.54,2
1966-04-06,0.33,10.01,2
1966-04-07,0.33,11.25,2
1966-04-08,0.3,1.5,2
1966-04-09,0.3,16.79,2
1966-04-10,0.34,1.42,2
1966-04-11,0.22,14.19,2
1966-04-12,0.33,23.46,2
1966-04-13,0.41,54.87,2
1966-04-14,0.84,62.89,2
1966-04-15,0.57,38.55,2
1966-04-16,0.68,75.56,2
1966-04-17,0.81,69.32,2
1966-04-18,0.84,92.16,2
1966-04-19,0.84,84.83,2
1966-04-20,0.84,88.03,2
1966-04-21,0.84,68.85,2
1966-04-22,0.71,68.5,2
1966-04-23,0.57,55.51,2
1966-04-24,0.57,25.02,2
1966-04-25,0.48,51.98,2
1966-04-26,0.84,77.74,2
1966-04-27,0.84,45.27,2
1966-04-28,0.8,43.87,2
1966-04-29,0.77,42.41,2
1966-04-30,0.76,42.18,2
1966-05-01,0.84,3.82,2
1966-05-02,0.61,24.78,2
1966-05-03,0.82,29.17,2
1966-05-04,0.82,36.86,2
1966-05-05,0.84,43.45,2
1966-05-06,0.82,23.26,2
1966-05-07,0.83,23.43,2
1966-05-08,0.83,2.74,2
1966-05-09,0.59,22.57,2
1966-05-10,0.82,21.91,2
1966-05-11,0.82,38.48,2
1966-05-12,0.64,28.12,2
1966-05-13,0.71,27.78,2
1966-05-14,0.82,28.38,2
1966-05-15,0.82,3.96,2
1966-05-16,0.79,10.97,2
1966-05-17,0.81,17.7,2
1966-05-18,0.83,32.52,2
1966-05-19,0.84,5.24,2
1966-05-20,0.46,21.2,2
1966-05-21,0.82,22.08,2
1966-05-22,0.82,6.74,2
1966-05-23,0.39,28.26,2
1966-05-24,0.26,27.49,2
1966-05-25,0.55,31.39,2
1966-05-26,0.77,35.95,2
1966-05-27,0.79,29.81,2
1966-05-28,0.78,32.51,2
1966-05-29,0.79,6.04,2
1966-05-30,0.46,29.47,2
1966-05-31,0.81,30.43,2
1966-06-01,0.81,18.45,2
1966-06-02,0.81,20.45,2
1966-06-03,0.8,15.42,2
1966-06-04,0.83,8.94,2
1966-06-05,0.68,3.99,2
1966-06-06,0.33,16.57,2
1966-06-07,0.81,19.73,2
1966-06-08,0.83,23.19,2
1966-06-09,0.82,4.62,2
1966-06-10,0.64,16.41,2
1966-06-11,0.83,2.49,2
1966-06-12,0.72,3.04,2
1966-06-13,0.71,6.27,2
1966-06-14,0.81,10.75,2
1966-06-15,0.83,21.87,2
1966-06-16,0.82,2.82,2
1966-06-17,0.83,25.23,2
1966-06-18,0.83,27.11,2
1966-06-19,0.83,2.95,2
1966-06-20,0.72,27.37,2
1966-06-21,0.81,34.64,2
1966-06-22,0.84,37.55,2
1966-06-23,0.84,43.03,2
1966-06-24,0.84,39.43,2
1966-06-25,0.8,35.82,2
1966-06-26,0.82,3.51,2
1966-06-27,0.85,29.85,2
1966-06-28,0.82,28.46,2
1966-06-29,0.84,7.09,2
1966-06-30,0.43,25.58,2
1966-07-01,0.78,47.26,2
1966-07-02,0.76,47.48,2
1966-07-03,0.81,6.94,2
1966-07-04,0.52,34.2,2
1966-07-05,0.6,36.4,2
1966-07-06,0.84,41.4,2
1966-07-07,0.77,35.02,2
1966-07-08,0.79,40.86,2
1966-07-09,0.84,41.81,2
1966-07-10,0.79,6.52,2
1966-07-11,0.52,48.1,2
1966-07-12,0.64,51.66,2
1966-07-13,0.79,48.22,2
1966-07-14,0.84,32.2,2
1966-07-15,0.8,34.28,2
1966-07-16,0.8,39.59,2
1966-07-17,0.8,9.12,2
1966-07-18,0.66,22.48,2
1966-07-19,0.65,44.53,2
1966-07-20,0.65,39.97,2
1966-07-21,0.64,41.67,2
1966-07-22,0.64,44.83,2
1966-07-23,0.63,38.19,2
1966-07-24,0.82,6.19,2
1966-07-25,0.59,13.95,2
1966-07-26,0.58,39.95,2
1966-07-27,0.8,40.74,2
1966-07-28,0.8,35.75,2
1966-07-29,0.8,42.91,2
1966-07-30,0.81,39.36,2
1966-07-31,0.84,16.38,2
1966-08-01,0.6,41.55,2
1966-08-02,0.8,45.69,2
1966-08-03,0.69,48.0,2
1966-08-04,0.55,52.04,2
1966-08-05,0.53,46.9,2
1966-08-06,0.71,43.25,2
1966-08-07,0.79,6.08,2
1966-08-08,0.59,31.7,2
1966-08-09,0.79,30.37,2
1966-08-10,0.76,34.86,2
1966-08-11,0.8,32.44,2
1966-08-12,0.81,28.04,2
1966-08-13,0.81,31.46,2
1966-08-14,0.76,11.31,2
1966-08-15,0.82,8.43,2
1966-08-16,0.65,31.24,2
1966-08-17,0.84,19.72,2
1966-08-18,0.78,34.42,2
1966-08-19,0.79,32.91,2
1966-08-20,0.81,33.44,2
1966-08-21,0.79,7.64,2
1966-08-22,0.79,22.35,2
1966-08-23,0.81,26.56,2
1966-08-24,0.83,20.98,2
1966-08-25,0.81,27.29,2
1966-08-26,0.81,22.78,2
1966-08-27,0.81,28.72,2
1966-08-28,0.83,4.75,2
1966-08-29,0.71,32.14,2
1966-08-30,0.78,27.89,2
1966-08-31,0.78,28.32,2
1966-09-01,0.78,26.89,2
1966-09-02,0.79,32.01,2
1966-09-03,0.8,30.52,2
1966-09-04,0.8,6.84,2
1966-09-05,0.71,21.03,2
1966-09-06,0.79,25.45,2
1966-09-07,0.79,26.33,2
1966-09-08,0.72,38.39,2
1966-09-09,0.78,33.94,2
1966-09-10,0.84,36.04,2
1966-09-11,0.78,16.04,2
1966-09-12,0.78,19.8,2
1966-09-13,0.78,29.63,2
1966-09-14,0.81,38.31,2
1966-09-15,0.76,25.59,2
1966-09-16,0.74,1.98,2
1966-09-17,0.57,3.81,2
1966-09-18,0.61,6.46,2
1966-09-19,0.7,9.07,2
1966-09-20,0.83,7.96,2
1966-09-21,0.71,39.44,2
1966-09-22,0.83,19.54,2
1966-09-23,0.8,17.44,2
1966-09-24,0.8,15.88,2
1966-09-25,0.79,12.47,2
1966-09-26,0.82,25.24,2
1966-09-27,0.84,26.05,2
1966-09-28,0.84,31.78,2
1966-09-29,0.82,27.35,2
1966-09-30,0.83,26.11,2
1966-10-01,0.84,29.06,2
1966-10-02,0.84,12.64,2
1966-10-03,0.73,39.06,2
1966-10-04,0.84,39.51,2
1966-10-05,0.84,42.15,2
1966-10-06,0.84,31.56,2
1966-10-07,0.84,22.22,2
1966-10-08,0.83,21.08,2
1966-10-09,0.84,20.51,2
1966-10-10,0.84,34.98,2
1966-10-11,0.84,31.33,2
1966-10-12,0.84,19.14,2
1966-10-13,0.83,29.19,2
1966-10-14,0.85,26.05,2
1966-10-15,0.84,31.32,2
1966-10-16,0.84,7.16,2
1966-10-17,0.84,13.37,2
1966-10-18,0.84,28.06,2
1966-10-19,0.85,27.55,2
1966-10-20,0.84,14.2,2
1966-10-21,0.83,40.51,2
1966-10-22,0.84,32.16,2
1966-10-23,0.84,20.74,2
1966-10-24,0.83,26.75,2
1966-10-25,0.81,117.63,2
1966-10-26,0.56,35.19,2
1966-10-27,0.83,57.75,2
1966-10-28,0.84,14.71,2
1966-10-29,0.84,28.19,2
1966-10-30,0.8,35.93,2
1966-10-31,0.84,35.21,2
1966-11-01,0.84,8.87,2
1966-11-02,0.84,34.68,2
1966-11-03,0.84,41.94,2
1966-11-04,0.84,30.93,2
1966-11-05,0.83,154.25,2
1966-11-06,0.84,100.94,2
1966-11-07,0.84,78.01,2
1966-11-08,0.84,76.3,2
1966-11-09,0.84,38.99,2
1966-11-10,0.83,34.63,2
1966-11-11,0.83,34.72,2
1966-11-12,0.83,23.31,2
1966-11-13,0.84,29.59,2
1966-11-14,0.84,35.34,2
1966-11-15,0.7,49.22,2
1966-11-16,0.79,54.91,2
1966-11-17,0.76,3.98,2
1966-11-18,0.83,41.9,2
1966-11-19,0.84,44.25,2
1966-11-20,0.58,29.57,2
1966-11-21,0.61,27.86,2
1966-11-22,0.8,45.08,2
1966-11-23,0.83,50.03,2
1966-11-24,0.78,49.24,2
1966-11-25,0.76,42.31,2
1966-11-26,0.76,39.33,2
1966-11-27,0.75,38.14,2
1966-11-28,0.81,38.33,2
1966-11-29,0.78,36.26,2
1966-11-30,0.79,44.11,2
1966-12-01,0.74,57.59,2
1966-12-02,0.74,53.26,2
1966-12-03,0.75,19.85,2
1966-12-04,0.81,28.83,2
1966-12-05,0.83,49.46,2
1966-12-06,0.73,47.66,2
1966-12-07,0.73,59.26,2
1966-12-08,0.76,26.6,2
1966-12-09,0.84,47.66,2
1966-12-10,0.74,40.09,2
1966-12-11,0.54,33.29,2
1966-12-12,0.55,37.25,2
1966-12-13,0.67,42.52,2
1966-12-14,0.75,49.18,2
1966-12-15,0.57,31.78,2
1966-12-16,0.73,34.72,2
1966-12-17,0.74,41.12,2
1966-12-18,0.75,30.79,2
1966-12-19,0.71,39.65,2
1966-12-20,0.71,40.67,2
1966-12-21,0.74,41.18,2
1966-12-22,0.66,50.12,2
1966-12-23,0.76,43.06,2
1966-12-24,0.7,39.5,2
1966-12-25,0.71,22.06,2
1966-12-26,0.54,34.29,2
1966-12-27,0.67,38.65,2
1966-12-28,0.76,62.97,2
1966-12-29,0.79,36.47,2
1966-12-30,0.79,47.94,2
1966-12-31,0.76,23.87,2
1967-01-01,0.83,13.21,2
1967-01-02,0.71,34.36,2
1967-01-03,0.76,36.71,2
1967-01-04,0.74,22.84,2
1967-01-05,0.62,36.32,2
1967-01-06,0.63,34.06,2
1967-01-07,0.84,25.21,2
1967-01-08,0.74,35.21,2
1967-01-09,0.55,27.06,2
1967-01-10,0.84,37.64,2
1967-01-11,0.84,31.92,2
1967-01-12,0.77,26.7,2
1967-01-13,0.65,21.55,2
1967-01-14,0.6,34.4,2
1967-01-15,0.63,15.94,2
1967-01-16,0.27,21.78,2
1967-01-17,0.31,28.7,2
1967-01-18,0.33,31.78,2
1967-01-19,0.36,23.94,2
1967-01-20,0.32,32.58,2
1967-01-21,0.33,31.55,2
1967-01-22,0.35,37.2,2
1967-01-23,0.83,24.4,2
1967-01-24,0.76,57.13,2
1967-01-25,0.84,48.07,2
1967-01-26,0.85,49.34,2
1967-01-27,0.84,18.92,2
1967-01-28,0.84,47.11,2
1967-01-29,0.84,38.1,2
1967-01-30,0.84,35.39,2
1967-01-31,0.84,31.41,2
1967-02-01,0.84,32.29,2
1967-02-02,0.84,31.13,2
1967-02-03,0.84,25.22,2
1967-02-04,0.84,14.49,2
1967-02-05,0.84,27.31,2
1967-02-06,0.84,13.62,2
1967-02-07,0.84,28.98,2
1967-02-08,0.82,27.86,2
1967-02-09,0.82,31.99,2
1967-02-10,0.79,21.5,2
1967-02-11,0.83,23.48,2
1967-02-12,0.83,22.08,2
1967-02-13,0.84,21.1,2
1967-02-14,0.61,38.87,2
1967-02-15,0.75,33.18,2
1967-02-16,0.8,23.89,2
1967-02-17,0.84,35.45,2
1967-02-18,0.84,41.26,2
1967-02-19,0.84,51.33,2
1967-02-20,0.85,118.02,2
1967-02-21,0.84,133.12,2
1967-02-22,0.84,101.41,2
1967-02-23,0.84,85.96,2
1967-02-24,0.84,81.38,2
1967-02-25,0.84,69.72,2
1967-02-26,0.79,65.49,2
1967-02-27,0.84,59.49,2
1967-02-28,0.84,49.37,2
1967-03-01,0.84,31.87,2
1967-03-02,0.84,66.03,2
1967-03-03,0.47,30.81,2
1967-03-04,0.47,61.85,2
1967-03-05,0.25,23.78,2
1967-03-06,0.24,31.12,2
1967-03-07,0.56,40.74,2
1967-03-08,0.62,40.06,2
1967-03-09,0.66,92.08,2
1967-03-10,0.59,39.46,2
1967-03-11,0.64,38.56,2
1967-03-12,0.61,66.44,2
1967-03-13,0.84,34.32,2
1967-03-14,0.62,34.86,2
1967-03-15,0.76,76.57,2
1967-03-16,0.86,62.96,2
1967-03-17,0.86,55.36,2
1967-03-18,0.86,55.32,2
1967-03-19,0.86,50.22,2
1967-03-20,0.78,110.21,2
1967-03-21,0.86,52.7,2
1967-03-22,0.86,53.45,2
1967-03-23,0.77,42.3,2
1967-03-24,0.55,29.02,2
1967-03-25,0.23,37.31,2
1967-03-26,0.72,25.07,2
1967-03-27,0.43,37.01,2
1967-03-28,0.48,46.4,2
1967-03-29,0.63,39.53,2
1967-03-30,0.77,53.61,2
1967-03-31,0.79,51.86,2
1967-04-01,0.75,49.19,2
1967-04-02,0.84,35.86,2
1967-04-03,0.18,31.89,2
1967-04-04,0.73,45.01,2
1967-04-05,0.67,44.83,2
1967-04-06,0.68,45.03,2
1967-04-07,0.7,44.5,2
1967-04-08,0.68,44.64,2
1967-04-09,0.7,29.35,2
1967-04-10,0.23,47.65,2
1967-04-11,0.75,51.77,2
1967-04-12,0.69,29.75,2
1967-04-13,0.2,28.51,2
1967-04-14,0.21,22.52,2
1967-04-15,0.37,27.58,2
1967-04-16,0.22,22.7,2
1967-04-17,0.29,29.76,2
1967-04-18,0.47,28.45,2
1967-04-19,0.48,29.47,2
1967-04-20,0.49,27.36,2
1967-04-21,0.49,28.0,2
1967-04-22,0.48,26.9,2
1967-04-23,0.55,9.87,2
1967-04-24,0.47,25.53,2
1967-04-25,0.59,35.68,2
1967-04-26,0.67,33.32,2
1967-04-27,0.64,28.8,2
1967-04-28,0.62,28.36,2
1967-04-29,0.74,32.51,2
1967-04-30,0.8,23.85,2
1967-05-01,0.6,24.13,2
1967-05-02,0.57,8.77,2
1967-05-03,0.76,26.03,2
1967-05-04,0.79,24.2,2
1967-05-05,0.66,13.4,2
1967-05-06,0.79,20.86,2
1967-05-07,0.8,31.63,2
1967-05-08,0.76,23.72,2
1967-05-09,0.78,35.97,2
1967-05-10,0.76,37.55,2
1967-05-11,0.81,40.76,2
1967-05-12,0.81,36.1,2
1967-05-13,0.77,24.33,2
1967-05-14,0.76,23.34,2
1967-05-15,0.71,65.37,2
1967-05-16,0.84,40.42,2
1967-05-17,0.6,81.91,2
1967-05-18,0.76,48.59,2
1967-05-19,0.84,55.9,2
1967-05-20,0.84,57.72,2
1967-05-21,0.79,57.91,2
1967-05-22,0.2,52.09,2
1967-05-23,0.62,38.84,2
1967-05-24,0.72,44.77,2
1967-05-25,0.73,42.06,2
1967-05-26,0.43,40.82,2
1967-05-27,0.72,42.49,2
1967-05-28,0.72,44.18,2
1967-05-29,0.46,38.69,2
1967-05-30,0.79,40.16,2
1967-05-31,0.6,42.34,2
1967-06-01,0.6,27.73,2
1967-06-02,0.6,25.79,2
1967-06-03,0.76,24.91,2
1967-06-04,0.64,9.37,2
1967-06-05,0.72,35.44,2
1967-06-06,0.7,38.66,2
1967-06-07,0.7,36.75,2
1967-06-08,0.7,22.82,2
1967-06-09,0.77,25.06,2
1967-06-10,0.79,27.59,2
1967-06-11,0.67,17.03,2
1967-06-12,0.75,24.98,2
1967-06-13,0.77,32.86,2
1967-06-14,0.76,32.42,2
1967-06-15,0.78,29.44,2
1967-06-16,0.76,25.1,2
1967-06-17,0.82,28.34,2
1967-06-18,0.57,10.93,2
1967-06-19,0.7,36.79,2
1967-06-20,0.73,32.29,2
1967-06-21,0.8,27.2,2
1967-06-22,0.81,23.87,2
1967-06-23,0.81,24.47,2
1967-06-24,0.68,35.67,2
1967-06-25,0.78,8.1,2
1967-06-26,0.8,26.68,2
1967-06-27,0.8,36.22,2
1967-06-28,0.64,37.4,2
1967-06-29,0.64,8.46,2
1967-06-30,0.79,37.42,2
1967-07-01,0.79,16.55,2
1967-07-02,0.7,9.2,2
1967-07-03,0.84,28.87,2
1967-07-04,0.78,36.0,2
1967-07-05,0.77,33.14,2
1967-07-06,0.77,30.3,2
1967-07-07,0.77,27.81,2
1967-07-08,0.76,33.24,2
1967-07-09,0.79,10.07,2
1967-07-10,0.8,37.33,2
1967-07-11,0.8,20.2,2
1967-07-12,0.81,8.41,2
1967-07-13,0.78,6.6,2
1967-07-14,0.68,7.31,2
1967-07-15,0.74,10.24,2
1967-07-16,0.67,11.02,2
1967-07-17,0.81,13.99,2
1967-07-18,0.77,3.6,2
1967-07-19,0.78,12.78,2
1967-07-20,0.73,12.06,2
1967-07-21,0.84,12.38,2
1967-07-22,0.8,12.94,2
1967-07-23,0.82,8.92,2
1967-07-24,0.8,38.41,2
1967-07-25,0.84,10.69,2
1967-07-26,0.33,39.33,2
1967-07-27,0.79,38.25,2
1967-07-28,0.81,40.46,2
1967-07-29,0.81,40.6,2
1967-07-30,0.72,7.19,2
1967-07-31,0.77,42.95,2
1967-08-01,0.79,46.25,2
1967-08-02,0.81,19.12,2
1967-08-03,0.78,12.14,2
1967-08-04,0.79,12.93,2
1967-08-05,0.65,6.05,2
1967-08-06,0.67,7.89,2
1967-08-07,0.67,13.33,2
1967-08-08,0.77,6.45,2
1967-08-09,0.73,14.79,2
1967-08-10,0.7,19.56,2
1967-08-11,0.77,20.16,2
1967-08-12,0.76,16.84,2
1967-08-13,0.75,19.47,2
1967-08-14,0.76,18.7,2
1967-08-15,0.77,22.14,2
1967-08-16,0.84,20.27,2
1967-08-17,0.84,18.09,2
1967-08-18,0.84,7.07,2
1967-08-19,0.78,8.24,2
1967-08-20,0.65,6.68,2
1967-08-21,0.73,33.59,2
1967-08-22,0.84,28.11,2
1967-08-23,0.73,40.49,2
1967-08-24,0.78,37.42,2
1967-08-25,0.77,41.87,2
1967-08-26,0.84,34.59,2
1967-08-27,0.7,38.11,2
1967-08-28,0.75,38.16,2
1967-08-29,0.72,45.5,2
1967-08-30,0.73,43.38,2
1967-08-31,0.79,48.11,2
1967-09-01,0.76,49.33,2
1967-09-02,0.77,49.33,2
1967-09-03,0.81,44.19,2
1967-09-04,0.84,36.87,2
1967-09-05,0.76,44.4,2
1967-09-06,0.78,46.52,2
1967-09-07,0.78,45.03,2
1967-09-08,0.77,47.57,2
1967-09-09,0.8,46.26,2
1967-09-10,0.77,21.35,2
1967-09-11,0.84,35.09,2
1967-09-12,0.76,40.28,2
1967-09-13,0.79,40.65,2
1967-09-14,0.76,37.94,2
1967-09-15,0.79,45.25,2
1967-09-16,0.68,38.44,2
1967-09-17,0.81,42.69,2
1967-09-18,0.76,45.32,2
1967-09-19,0.84,44.69,2
1967-09-20,0.84,48.66,2
1967-09-21,0.84,45.56,2
1967-09-22,0.84,50.21,2
1967-09-23,0.8,48.41,2
1967-09-24,0.76,5.27,2
1967-09-25,0.84,49.25,2
1967-09-26,0.75,40.15,2
1967-09-27,0.78,38.65,2
1967-09-28,0.78,39.62,2
1967-09-29,0.66,37.92,2
1967-09-30,0.72,37.91,2
1967-10-01,0.76,33.51,2
1967-10-02,0.84,28.65,2
1967-10-03,0.84,26.85,2
1967-10-04,0.8,31.08,2
1967-10-05,0.81,32.26,2
1967-10-06,0.79,27.2,2
1967-10-07,0.78,28.14,2
1967-10-08,0.64,25.71,2
1967-10-09,0.71,30.37,2
1967-10-10,0.64,20.43,2
1967-10-11,0.71,28.62,2
1967-10-12,0.77,20.78,2
1967-10-13,0.71,32.28,2
1967-10-14,0.61,23.15,2
1967-10-15,0.65,6.37,2
1967-10-16,0.72,23.21,2
1967-10-17,0.65,29.27,2
1967-10-18,0.7,31.03,2
1967-10-19,0.84,28.36,2
1967-10-20,0.81,34.87,2
1967-10-21,0.78,34.34,2
1967-10-22,0.74,11.5,2
1967-10-23,0.7,34.94,2
1967-10-24,0.77,28.67,2
1967-10-25,0.76,29.55,2
1967-10-26,0.74,25.72,2
1967-10-27,0.53,23.81,2
1967-10-28,0.51,11.05,2
1967-10-29,0.5,2.18,2
1967-10-30,0.49,2.01,2
1967-10-31,0.49,2.75,2
1967-11-01,0.5,1.86,2
1967-11-02,0.51,2.0,2
1967-11-03,0.5,2.33,2
1967-11-04,0.52,10.43,2
1967-11-05,0.46,11.85,2
1967-11-06,0.42,7.53,2
1967-11-07,0.41,7.49,2
1967-11-08,0.41,7.58,2
1967-11-09,0.41,5.93,2
1967-11-10,0.41,6.0,2
1967-11-11,0.41,6.0,2
1967-11-12,0.41,6.0,2
1967-11-13,0.41,4.75,2
1967-11-14,0.41,4.57,2
1967-11-15,0.41,11.19,2
1967-11-16,0.41,8.68,2
1967-11-17,0.41,8.9,2
1967-11-18,0.41,8.99,2
1967-11-19,0.41,7.0,2
1967-11-20,0.41,6.3,2
1967-11-21,0.41,8.1,2
1967-11-22,0.41,8.23,2
1967-11-23,0.41,8.44,2
1967-11-24,0.41,5.75,2
1967-11-25,0.41,5.0,2
1967-11-26,0.41,5.0,2
1967-11-27,0.41,5.0,2
1967-11-28,0.41,5.0,2
1967-11-29,0.41,5.0,2
1967-11-30,0.41,3.24,2
1967-12-01,0.8,30.28,2
1967-12-02,0.76,42.4,2
1967-12-03,0.49,33.7,2
1967-12-04,0.51,25.97,2
1967-12-05,0.54,24.93,2
1967-12-06,0.71,18.84,2
1967-12-07,0.84,19.87,2
1967-12-08,0.68,15.57,2
1967-12-09,0.77,31.01,2
1967-12-10,0.6,12.88,2
1967-12-11,0.6,25.86,2
1967-12-12,0.57,16.59,2
1967-12-13,0.7,21.06,2
1967-12-14,0.74,31.2,2
1967-12-15,0.63,16.34,2
1967-12-16,0.7,25.0,2
1967-12-17,0.78,15.44,2
1967-12-18,0.66,21.84,2
1967-12-19,0.62,19.65,2
1967-12-20,0.71,21.44,2
1967-12-21,0.57,96.45,2
1967-12-22,0.53,3.7,2
1967-12-23,0.79,12.23,2
1967-12-24,0.7,16.3,2
1967-12-25,0.58,2.06,2
1967-12-26,0.7,18.15,2
1967-12-27,0.6,10.07,2
1967-12-28,0.57,0.89,2
1967-12-29,0.65,15.09,2
1967-12-30,0.77,9.55,2
1967-12-31,0.57,6.26,2
1968-01-01,0.53,14.17,2
1968-01-02,0.62,33.02,2
1968-01-03,0.57,36.87,2
1968-01-04,0.66,18.47,2
1968-01-05,0.61,21.02,2
1968-01-06,0.65,5.25,2
1968-01-07,0.52,22.7,2
1968-01-08,0.71,29.59,2
1968-01-09,0.65,39.17,2
1968-01-10,0.66,32.06,2
1968-01-11,0.7,39.77,2
1968-01-12,0.77,37.07,2
1968-01-13,0.76,36.1,2
1968-01-14,0.53,18.22,2
1968-01-15,0.69,32.13,2
1968-01-16,0.72,38.03,2
1968-01-17,0.75,37.71,2
1968-01-18,0.61,37.53,2
1968-01-19,0.62,28.03,2
1968-01-20,0.78,27.57,2
1968-01-21,0.45,15.24,2
1968-01-22,0.76,25.62,2
1968-01-23,0.73,53.9,2
1968-01-24,0.73,34.2,2
1968-01-25,0.67,38.77,2
1968-01-26,0.77,37.18,2
1968-01-27,0.77,37.85,2
1968-01-28,0.46,19.11,2
1968-01-29,0.65,29.75,2
1968-01-30,0.7,42.25,2
1968-01-31,0.66,37.16,2
1968-02-01,0.68,37.01,2
1968-02-02,0.84,33.31,2
1968-02-03,0.79,4.04,2
1968-02-04,0.54,15.29,2
1968-02-05,0.64,35.28,2
1968-02-06,0.7,50.16,2
1968-02-07,0.72,42.4,2
1968-02-08,0.51,32.89,2
1968-02-09,0.77,27.97,2
1968-02-10,0.6,40.03,2
1968-02-11,0.49,40.23,2
1968-02-12,0.47,39.83,2
1968-02-13,0.57,27.57,2
1968-02-14,0.57,27.73,2
1968-02-15,0.5,28.8,2
1968-02-16,0.47,23.51,2
1968-02-17,0.66,19.05,2
1968-02-18,0.55,21.13,2
1968-02-19,0.71,39.76,2
1968-02-20,0.5,23.44,2
1968-02-21,0.52,22.14,2
1968-02-22,0.58,23.97,2
1968-02-23,0.55,36.45,2
1968-02-24,0.58,21.81,2
1968-02-25,0.48,26.22,2
1968-02-26,0.76,45.19,2
1968-02-27,0.47,30.07,2
1968-02-28,0.49,22.43,2
1968-02-29,0.7,29.97,2
1968-03-01,0.73,8.33,2
1968-03-02,0.73,32.33,2
1968-03-03,0.63,18.5,2
1968-03-04,0.75,36.49,2
1968-03-05,0.61,34.37,2
1968-03-06,0.62,29.85,2
1968-03-07,0.62,30.49,2
1968-03-08,0.7,32.82,2
1968-03-09,0.76,30.05,2
1968-03-10,0.78,13.12,2
1968-03-11,0.76,35.95,2
1968-03-12,0.63,37.66,2
1968-03-13,0.63,40.54,2
1968-03-14,0.67,39.65,2
1968-03-15,0.74,35.57,2
1968-03-16,0.72,38.46,2
1968-03-17,0.61,53.97,2
1968-03-18,0.6,22.26,2
1968-03-19,0.5,9.44,2
1968-03-20,0.62,28.11,2
1968-03-21,0.63,29.91,2
1968-03-22,0.5,30.5,2
1968-03-23,0.71,35.16,2
1968-03-24,0.61,14.03,2
1968-03-25,0.63,12.19,2
1968-03-26,0.6,12.89,2
1968-03-27,0.62,12.18,2
1968-03-28,0.64,11.75,2
1968-03-29,0.62,23.97,2
1968-03-30,0.62,12.0,2
1968-03-31,0.62,15.27,2
1968-04-01,0.62,10.5,2
1968-04-02,0.61,10.57,2
1968-04-03,0.62,10.43,2
1968-04-04,0.62,10.5,2
1968-04-05,0.67,10.96,2
1968-04-06,0.75,10.22,2
1968-04-07,0.65,11.11,2
1968-04-08,0.65,10.05,2
1968-04-09,0.66,9.88,2
1968-04-10,0.7,8.77,2
1968-04-11,0.71,8.97,2
1968-04-12,0.68,9.27,2
1968-04-13,0.73,8.48,2
1968-04-14,0.64,10.79,2
1968-04-15,0.7,8.75,2
1968-04-16,0.64,10.25,2
1968-04-17,0.76,31.61,2
1968-04-18,0.63,18.67,2
1968-04-19,0.59,17.45,2
1968-04-20,0.59,18.08,2
1968-04-21,0.51,18.04,2
1968-04-22,0.49,15.27,2
1968-04-23,0.48,14.09,2
1968-04-24,0.48,14.0,2
1968-04-25,0.48,12.88,2
1968-04-26,0.47,12.13,2
1968-04-27,0.66,11.98,2
1968-04-28,0.66,15.0,2
1968-04-29,0.65,13.75,2
1968-04-30,0.61,20.24,2
1968-05-01,0.68,14.78,2
1968-05-02,0.66,27.62,2
1968-05-03,0.65,25.17,2
1968-05-04,0.66,30.08,2
1968-05-05,0.73,29.49,2
1968-05-06,0.72,31.06,2
1968-05-07,0.64,29.28,2
1968-05-08,0.72,27.93,2
1968-05-09,0.63,43.58,2
1968-05-10,0.59,36.2,2
1968-05-11,0.84,40.65,2
1968-05-12,0.63,29.72,2
1968-05-13,0.68,17.37,2
1968-05-14,0.61,16.79,2
1968-05-15,0.57,42.8,2
1968-05-16,0.6,31.57,2
1968-05-17,0.7,35.13,2
1968-05-18,0.6,13.08,2
1968-05-19,0.66,10.82,2
1968-05-20,0.7,37.57,2
1968-05-21,0.67,39.13,2
1968-05-22,0.61,41.4,2
1968-05-23,0.49,11.82,2
1968-05-24,0.78,45.75,2
1968-05-25,0.66,52.74,2
1968-05-26,0.55,10.52,2
1968-05-27,0.57,36.37,2
1968-05-28,0.52,43.01,2
1968-05-29,0.76,52.49,2
1968-05-30,0.65,44.69,2
1968-05-31,0.66,34.58,2
1968-06-01,0.82,28.3,2
1968-06-02,0.61,36.62,2
1968-06-03,0.62,17.09,2
1968-06-04,0.59,17.63,2
1968-06-05,0.59,17.95,2
1968-06-06,0.79,11.76,2
1968-06-07,0.78,12.59,2
1968-06-08,0.8,15.08,2
1968-06-09,0.73,25.76,2
1968-06-10,0.71,14.47,2
1968-06-11,0.81,9.07,2
1968-06-12,0.81,11.26,2
1968-06-13,0.71,24.95,2
1968-06-14,0.73,17.08,2
1968-06-15,0.81,8.32,2
1968-06-16,0.78,12.14,2
1968-06-17,0.77,15.5,2
1968-06-18,0.71,10.46,2
1968-06-19,0.74,11.5,2
1968-06-20,0.8,11.11,2
1968-06-21,0.79,13.46,2
1968-06-22,0.79,13.43,2
1968-06-23,0.81,23.74,2
1968-06-24,0.77,14.57,2
1968-06-25,0.79,10.62,2
1968-06-26,0.76,11.17,2
1968-06-27,0.76,10.88,2
1968-06-28,0.84,11.16,2
1968-06-29,0.84,20.34,2
1968-06-30,0.76,30.41,2
1968-07-01,0.79,42.18,2
1968-07-02,0.59,44.49,2
1968-07-03,0.82,42.49,2
1968-07-04,0.77,40.66,2
1968-07-05,0.59,45.13,2
1968-07-06,0.81,37.25,2
1968-07-07,0.76,10.14,2
1968-07-08,0.8,43.95,2
1968-07-09,0.8,41.01,2
1968-07-10,0.74,39.84,2
1968-07-11,0.77,37.48,2
1968-07-12,0.77,38.75,2
1968-07-13,0.78,38.7,2
1968-07-14,0.76,9.92,2
1968-07-15,0.76,40.35,2
1968-07-16,0.77,42.09,2
1968-07-17,0.76,48.89,2
1968-07-18,0.77,19.86,2
1968-07-19,0.78,42.29,2
1968-07-20,0.79,43.3,2
1968-07-21,0.66,13.67,2
1968-07-22,0.78,47.3,2
1968-07-23,0.73,47.85,2
1968-07-24,0.84,48.06,2
1968-07-25,0.69,11.7,2
1968-07-26,0.78,48.25,2
1968-07-27,0.84,47.65,2
1968-07-28,0.71,17.56,2
1968-07-29,0.78,48.46,2
1968-07-30,0.77,48.46,2
1968-07-31,0.78,46.15,2
1968-08-01,0.8,51.05,2
1968-08-02,0.81,20.03,2
1968-08-03,0.79,7.2,2
1968-08-04,0.76,7.31,2
1968-08-05,0.77,8.61,2
1968-08-06,0.79,8.28,2
1968-08-07,0.62,17.94,2
1968-08-08,0.76,9.27,2
1968-08-09,0.65,9.05,2
1968-08-10,0.84,10.37,2
1968-08-11,0.81,10.24,2
1968-08-12,0.79,14.29,2
1968-08-13,0.82,13.66,2
1968-08-14,0.73,14.07,2
1968-08-15,0.61,14.37,2
1968-08-16,0.69,15.13,2
1968-08-17,0.6,14.05,2
1968-08-18,0.72,13.65,2
1968-08-19,0.67,13.6,2
1968-08-20,0.66,14.12,2
1968-08-21,0.73,14.28,2
1968-08-22,0.7,14.28,2
1968-08-23,0.7,13.02,2
1968-08-24,0.77,15.3,2
1968-08-25,0.62,13.76,2
1968-08-26,0.78,25.22,2
1968-08-27,0.73,25.74,2
1968-08-28,0.73,18.04,2
1968-08-29,0.84,18.8,2
1968-08-30,0.8,8.37,2
1968-08-31,0.78,18.37,2
1968-09-01,0.7,6.82,2
1968-09-02,0.73,46.03,2
1968-09-03,0.77,48.44,2
1968-09-04,0.77,49.41,2
1968-09-05,0.8,48.81,2
1968-09-06,0.84,34.51,2
1968-09-07,0.79,37.6,2
1968-09-08,0.79,22.13,2
1968-09-09,0.7,43.54,2
1968-09-10,0.81,50.58,2
1968-09-11,0.78,41.71,2
1968-09-12,0.77,52.84,2
1968-09-13,0.81,41.12,2
1968-09-14,0.8,41.85,2
1968-09-15,0.82,28.74,2
1968-09-16,0.82,41.59,2
1968-09-17,0.84,38.41,2
1968-09-18,0.84,39.18,2
1968-09-19,0.78,44.72,2
1968-09-20,0.84,4.06,2
1968-09-21,0.84,43.44,2
1968-09-22,0.84,52.95,2
1968-09-23,0.84,45.83,2
1968-09-24,0.84,52.57,2
1968-09-25,0.84,47.14,2
1968-09-26,0.84,44.2,2
1968-09-27,0.84,31.25,2
1968-09-28,0.84,53.87,2
1968-09-29,0.84,31.78,2
1968-09-30,0.84,42.33,2
1968-10-01,0.84,46.6,2
1968-10-02,0.84,33.81,2
1968-10-03,0.84,52.37,2
1968-10-04,0.84,64.94,2
1968-10-05,0.84,62.19,2
1968-10-06,0.84,30.72,2
1968-10-07,0.84,42.69,2
1968-10-08,0.84,53.08,2
1968-10-09,0.84,56.28,2
1968-10-10,0.84,42.63,2
1968-10-11,0.56,41.77,2
1968-10-12,0.77,29.27,2
1968-10-13,0.77,19.19,2
1968-10-14,0.84,38.76,2
1968-10-15,0.84,42.29,2
1968-10-16,0.84,84.07,2
1968-10-17,0.84,68.38,2
1968-10-18,0.84,83.75,2
1968-10-19,0.84,59.73,2
1968-10-20,0.84,40.47,2
1968-10-21,0.84,55.17,2
1968-10-22,0.84,51.94,2
1968-10-23,0.84,49.61,2
1968-10-24,0.84,50.2,2
1968-10-25,0.84,50.51,2
1968-10-26,0.84,57.36,2
1968-10-27,0.84,108.51,2
1968-10-28,0.84,54.25,2
1968-10-29,0.84,48.09,2
1968-10-30,0.84,47.06,2
1968-10-31,0.84,57.42,2
1968-11-01,0.71,34.32,2
1968-11-02,0.79,40.57,2
1968-11-03,0.84,23.82,2
1968-11-04,0.84,43.98,2
1968-11-05,0.84,28.04,2
1968-11-06,0.77,29.57,2
1968-11-07,0.79,24.93,2
1968-11-08,0.76,39.76,2
1968-11-09,0.8,33.73,2
1968-11-10,0.79,27.22,2
1968-11-11,0.79,20.53,2
1968-11-12,0.78,16.05,2
1968-11-13,0.8,13.48,2
1968-11-14,0.78,13.47,2
1968-11-15,0.51,19.98,2
1968-11-16,0.52,12.97,2
1968-11-17,0.66,15.25,2
1968-11-18,0.53,11.77,2
1968-11-19,0.62,8.67,2
1968-11-20,0.82,6.9,2
1968-11-21,0.82,8.99,2
1968-11-22,0.82,8.99,2
1968-11-23,0.81,9.13,2
1968-11-24,0.8,9.13,2
1968-11-25,0.81,29.8,2
1968-11-26,0.63,27.93,2
1968-11-27,0.63,25.8,2
1968-11-28,0.62,9.55,2
1968-11-29,0.63,24.07,2
1968-11-30,0.62,16.13,2
1968-12-01,0.62,43.65,2
1968-12-02,0.84,19.46,2
1968-12-03,0.71,24.49,2
1968-12-04,0.8,28.92,2
1968-12-05,0.84,41.01,2
1968-12-06,0.65,36.94,2
1968-12-07,0.8,24.36,2
1968-12-08,0.76,29.06,2
1968-12-09,0.79,30.97,2
1968-12-10,0.79,32.13,2
1968-12-11,0.8,32.74,2
1968-12-12,0.77,29.65,2
1968-12-13,0.62,14.7,2
1968-12-14,0.7,31.01,2
1968-12-15,0.67,12.3,2
1968-12-16,0.78,30.14,2
1968-12-17,0.71,49.34,2
1968-12-18,0.77,47.79,2
1968-12-19,0.73,56.55,2
1968-12-20,0.71,46.91,2
1968-12-21,0.71,48.5,2
1968-12-22,0.71,48.5,2
1968-12-23,0.71,51.83,2
1968-12-24,0.71,48.5,2
1968-12-25,0.7,48.14,2
1968-12-26,0.61,46.48,2
1968-12-27,0.63,47.87,2
1968-12-28,0.7,61.32,2
1968-12-29,0.67,39.79,2
1968-12-30,0.67,49.18,2
1968-12-31,0.62,54.55,2
1969-01-01,0.23,39.37,2
1969-01-02,0.41,40.82,2
1969-01-03,0.77,49.47,2
1969-01-04,0.66,51.05,2
1969-01-05,0.4,25.31,2
1969-01-06,0.63,48.19,2
1969-01-07,0.62,41.89,2
1969-01-08,0.71,42.3,2
1969-01-09,0.75,50.34,2
1969-01-10,0.78,52.13,2
1969-01-11,0.77,51.92,2
1969-01-12,0.67,23.66,2
1969-01-13,0.84,39.03,2
1969-01-14,0.84,51.98,2
1969-01-15,0.8,51.16,2
1969-01-16,0.81,61.2,2
1969-01-17,0.81,52.16,2
1969-01-18,0.81,48.56,2
1969-01-19,0.69,49.85,2
1969-01-20,0.78,47.5,2
1969-01-21,0.78,48.44,2
1969-01-22,0.84,47.28,2
1969-01-23,0.78,62.73,2
1969-01-24,0.84,77.62,2
1969-01-25,0.81,74.64,2
1969-01-26,0.78,58.41,2
1969-01-27,0.8,63.04,2
1969-01-28,0.79,67.25,2
1969-01-29,0.8,71.93,2
1969-01-30,0.78,71.72,2
1969-01-31,0.82,72.52,2
1969-02-01,0.79,71.05,2
1969-02-02,0.78,52.82,2
1969-02-03,0.73,49.33,2
1969-02-04,0.78,56.02,2
1969-02-05,0.77,54.99,2
1969-02-06,0.77,55.78,2
1969-02-07,0.79,55.52,2
1969-02-08,0.84,56.97,2
1969-02-09,0.71,37.49,2
1969-02-10,0.8,53.81,2
1969-02-11,0.77,56.34,2
1969-02-12,0.79,56.16,2
1969-02-13,0.81,52.97,2
1969-02-14,0.8,45.43,2
1969-02-15,0.79,51.82,2
1969-02-16,0.84,55.72,2
1969-02-17,0.84,79.41,2
1969-02-18,0.84,81.74,2
1969-02-19,0.8,78.09,2
1969-02-20,0.84,97.89,2
1969-02-21,0.84,91.28,2
1969-02-22,0.84,57.81,2
1969-02-23,0.84,55.93,2
1969-02-24,0.67,54.94,2
1969-02-25,0.78,55.5,2
1969-02-26,0.81,50.45,2
1969-02-27,0.79,91.13,2
1969-02-28,0.8,72.4,2
1969-03-01,0.8,57.53,2
1969-03-02,0.81,37.69,2
1969-03-03,0.84,52.8,2
1969-03-04,0.84,52.37,2
1969-03-05,0.82,71.31,2
1969-03-06,0.79,77.72,2
1969-03-07,0.84,56.2,2
1969-03-08,0.84,53.65,2
1969-03-09,0.8,37.44,2
1969-03-10,0.84,18.77,2
1969-03-11,0.82,35.74,2
1969-03-12,0.71,42.22,2
1969-03-13,0.8,47.14,2
1969-03-14,0.8,49.48,2
1969-03-15,0.84,76.68,2
1969-03-16,0.84,103.25,2
1969-03-17,0.84,199.13,2
1969-03-18,0.84,220.38,2
1969-03-19,0.84,151.85,2
1969-03-20,0.84,138.23,2
1969-03-21,0.84,100.02,2
1969-03-22,0.84,93.0,2
1969-03-23,0.84,93.03,2
1969-03-24,0.84,101.25,2
1969-03-25,0.84,82.12,2
1969-03-26,0.84,90.25,2
1969-03-27,0.84,90.28,2
1969-03-28,0.84,91.35,2
1969-03-29,0.84,91.75,2
1969-03-30,0.8,58.29,2
1969-03-31,0.79,75.3,2
1969-04-01,0.76,55.54,2
1969-04-02,0.84,52.18,2
1969-04-03,0.84,59.93,2
1969-04-04,0.65,41.84,2
1969-04-05,0.81,49.02,2
1969-04-06,0.66,44.0,2
1969-04-07,0.77,53.03,2
1969-04-08,0.84,58.18,2
1969-04-09,0.82,56.99,2
1969-04-10,0.84,50.63,2
1969-04-11,0.8,59.25,2
1969-04-12,0.84,54.58,2
1969-04-13,0.21,24.63,2
1969-04-14,0.68,35.38,2
1969-04-15,0.76,48.72,2
1969-04-16,0.67,49.57,2
1969-04-17,0.7,48.58,2
1969-04-18,0.75,49.29,2
1969-04-19,0.66,35.81,2
1969-04-20,0.43,14.65,2
1969-04-21,0.69,31.59,2
1969-04-22,0.74,46.89,2
1969-04-23,0.76,54.77,2
1969-04-24,0.79,56.03,2
1969-04-25,0.84,80.13,2
1969-04-26,0.84,77.6,2
1969-04-27,0.71,55.23,2
1969-04-28,0.82,58.63,2
1969-04-29,0.77,63.51,2
1969-04-30,0.77,62.99,2
1969-05-01,0.82,54.32,2
1969-05-02,0.79,59.7,2
1969-05-03,0.8,48.99,2
1969-05-04,0.81,77.84,2
1969-05-05,0.84,89.66,2
1969-05-06,0.84,84.54,2
1969-05-07,0.84,111.13,2
1969-05-08,0.84,69.22,2
1969-05-09,0.84,87.56,2
1969-05-10,0.82,62.63,2
1969-05-11,0.78,53.62,2
1969-05-12,0.79,64.8,2
1969-05-13,0.79,37.47,2
1969-05-14,0.79,67.3,2
1969-05-15,0.84,32.12,2
1969-05-16,0.84,75.47,2
1969-05-17,0.84,42.12,2
1969-05-18,0.77,23.04,2
1969-05-19,0.73,38.04,2
1969-05-20,0.49,53.1,2
1969-05-21,0.58,43.54,2
1969-05-22,0.84,48.24,2
1969-05-23,0.52,60.78,2
1969-05-24,0.77,33.74,2
1969-05-25,0.53,19.0,2
1969-05-26,0.8,61.28,2
1969-05-27,0.84,51.16,2
1969-05-28,0.84,72.25,2
1969-05-29,0.84,63.32,2
1969-05-30,0.84,71.2,2
1969-05-31,0.84,32.51,2
1969-06-01,0.84,12.77,2
1969-06-02,0.84,41.53,2
1969-06-03,0.77,69.1,2
1969-06-04,0.84,52.53,2
1969-06-05,0.84,22.21,2
1969-06-06,0.84,46.22,2
1969-06-07,0.76,34.79,2
1969-06-08,0.61,20.96,2
1969-06-09,0.7,65.19,2
1969-06-10,0.7,42.11,2
1969-06-11,0.78,50.07,2
1969-06-12,0.68,47.97,2
1969-06-13,0.8,36.56,2
1969-06-14,0.78,42.94,2
1969-06-15,0.7,60.86,2
1969-06-16,0.84,55.93,2
1969-06-17,0.84,61.28,2
1969-06-18,0.84,52.65,2
1969-06-19,0.82,72.49,2
1969-06-20,0.84,56.31,2
1969-06-21,0.84,59.34,2
1969-06-22,0.52,20.66,2
1969-06-23,0.79,31.94,2
1969-06-24,0.8,32.4,2
1969-06-25,0.71,52.4,2
1969-06-26,0.84,52.01,2
1969-06-27,0.72,61.33,2
1969-06-28,0.81,33.3,2
1969-06-29,0.61,17.18,2
1969-06-30,0.7,7.51,2
1969-07-01,0.79,58.08,2
1969-07-02,0.78,60.51,2
1969-07-03,0.76,59.18,2
1969-07-04,0.71,52.73,2
1969-07-05,0.7,36.38,2
1969-07-06,0.7,60.6,2
1969-07-07,0.78,43.31,2
1969-07-08,0.78,40.94,2
1969-07-09,0.8,44.24,2
1969-07-10,0.84,44.18,2
1969-07-11,0.84,42.64,2
1969-07-12,0.81,44.86,2
1969-07-13,0.81,36.83,2
1969-07-14,0.82,64.19,2
1969-07-15,0.81,43.85,2
1969-07-16,0.81,43.69,2
1969-07-17,0.84,43.31,2
1969-07-18,0.84,24.72,2
1969-07-19,0.84,44.75,2
1969-07-20,0.84,25.61,2
1969-07-21,0.79,47.35,2
1969-07-22,0.84,44.27,2
1969-07-23,0.84,55.24,2
1969-07-24,0.84,56.25,2
1969-07-25,0.76,38.85,2
1969-07-26,0.78,53.24,2
1969-07-27,0.76,32.75,2
1969-07-28,0.8,49.72,2
1969-07-29,0.84,58.87,2
1969-07-30,0.79,60.9,2
1969-07-31,0.81,63.03,2
1969-08-01,0.84,60.98,2
1969-08-02,0.82,60.53,2
1969-08-03,0.75,32.57,2
1969-08-04,0.84,61.72,2
1969-08-05,0.79,64.88,2
1969-08-06,0.8,64.18,2
1969-08-07,0.77,65.72,2
1969-08-08,0.79,65.82,2
1969-08-09,0.79,67.45,2
1969-08-10,0.81,60.57,2
1969-08-11,0.84,72.57,2
1969-08-12,0.79,65.37,2
1969-08-13,0.75,65.74,2
1969-08-14,0.79,66.08,2
1969-08-15,0.7,66.37,2
1969-08-16,0.79,66.16,2
1969-08-17,0.66,64.1,2
1969-08-18,0.84,63.98,2
1969-08-19,0.84,69.87,2
1969-08-20,0.84,70.86,2
1969-08-21,0.84,70.89,2
1969-08-22,0.84,70.17,2
1969-08-23,0.84,63.52,2
1969-08-24,0.84,65.88,2
1969-08-25,0.84,65.61,2
1969-08-26,0.84,64.92,2
1969-08-27,0.84,63.96,2
1969-08-28,0.84,62.91,2
1969-08-29,0.84,63.15,2
1969-08-30,0.84,64.69,2
1969-08-31,0.84,62.36,2
1969-09-01,0.84,61.59,2
1969-09-02,0.84,65.47,2
1969-09-03,0.68,51.71,2
1969-09-04,0.77,49.1,2
1969-09-05,0.75,54.32,2
1969-09-06,0.71,48.67,2
1969-09-07,0.72,39.46,2
1969-09-08,0.71,48.75,2
1969-09-09,0.76,40.91,2
1969-09-10,0.84,49.97,2
1969-09-11,0.74,17.26,2
1969-09-12,0.82,4.81,2
1969-09-13,0.84,5.78,2
1969-09-14,0.84,8.0,2
1969-09-15,0.84,5.8,2
1969-09-16,0.84,4.4,2
1969-09-17,0.84,4.8,2
1969-09-18,0.84,5.6,2
1969-09-19,0.84,6.0,2
1969-09-20,0.84,5.3,2
1969-09-21,0.84,4.7,2
1969-09-22,0.84,4.5,2
1969-09-23,0.84,4.5,2
1969-09-24,0.84,5.75,2
1969-09-25,0.75,3.91,2
1969-09-26,0.78,5.27,2
1969-09-27,0.76,5.36,2
1969-09-28,0.84,5.73,2
1969-09-29,0.84,5.0,2
1969-09-30,0.82,5.38,2
1969-10-01,0.76,8.2,2
1969-10-02,0.72,15.4,2
1969-10-03,0.7,32.9,2
1969-10-04,0.8,45.6,2
1969-10-05,0.7,5.0,2
1969-10-06,0.77,49.4,2
1969-10-07,0.84,54.1,2
1969-10-08,0.8,54.6,2
1969-10-09,0.76,52.6,2
1969-10-10,0.72,11.5,2
1969-10-11,0.84,53.5,2
1969-10-12,0.72,55.8,2
1969-10-13,0.78,55.5,2
1969-10-14,0.84,54.6,2
1969-10-15,0.84,56.9,2
1969-10-16,0.84,56.2,2
1969-10-17,0.84,50.2,2
1969-10-18,0.81,48.1,2
1969-10-19,0.81,2.9,2
1969-10-20,0.73,38.3,2
1969-10-21,0.75,40.7,2
1969-10-22,0.75,43.0,2
1969-10-23,0.76,43.9,2
1969-10-24,0.78,44.7,2
1969-10-25,0.82,49.3,2
1969-10-26,0.64,20.4,2
1969-10-27,0.73,45.7,2
1969-10-28,0.7,48.1,2
1969-10-29,0.76,48.0,2
1969-10-30,0.76,47.9,2
1969-10-31,0.84,45.9,2
1969-11-01,0.71,1.5,2
1969-11-02,0.62,1.4,2
1969-11-03,0.76,5.0,2
1969-11-04,0.84,9.2,2
1969-11-05,0.84,16.8,2
1969-11-06,0.84,6.4,2
1969-11-07,0.84,4.5,2
1969-11-08,0.82,3.6,2
1969-11-09,0.76,1.4,2
1969-11-10,0.84,2.5,2
1969-11-11,0.84,2.4,2
1969-11-12,0.84,10.5,2
1969-11-13,0.84,9.0,2
1969-11-14,0.84,35.6,2
1969-11-15,0.84,25.1,2
1969-11-16,0.84,10.7,2
1969-11-17,0.84,8.3,2
1969-11-18,0.84,7.2,2
1969-11-19,0.84,6.0,2
1969-11-20,0.84,20.8,2
1969-11-21,0.84,13.0,2
1969-11-22,0.84,33.9,2
1969-11-23,0.84,24.9,2
1969-11-24,0.84,26.3,2
1969-11-25,0.44,11.7,2
1969-11-26,0.84,8.7,2
1969-11-27,0.84,3.0,2
1969-11-28,0.84,17.0,2
1969-11-29,0.84,1.0,2
1969-11-30,0.84,2.5,2
1969-12-01,0.84,10.1,2
1969-12-02,0.84,2.8,2
1969-12-03,0.84,9.1,2
1969-12-04,0.84,5.2,2
1969-12-05,0.84,5.7,2
1969-12-06,0.84,24.3,2
1969-12-07,0.84,5.0,2
1969-12-08,0.84,5.0,2
1969-12-09,0.84,12.7,2
1969-12-10,0.84,20.5,2
1969-12-11,0.84,21.6,2
1969-12-12,0.84,5.0,2
1969-12-13,0.84,13.1,2
1969-12-14,0.84,6.5,2
1969-12-15,0.84,19.5,2
1969-12-16,0.84,33.2,2
1969-12-17,0.84,26.7,2
1969-12-18,0.84,23.4,2
1969-12-19,0.84,14.7,2
1969-12-20,0.84,5.2,2
1969-12-21,0.84,24.1,2
1969-12-22,0.84,21.2,2
1969-12-23,0.84,38.8,2
1969-12-24,0.84,6.9,2
1969-12-25,0.84,5.7,2
1969-12-26,0.84,27.2,2
1969-12-27,0.84,15.4,2
1969-12-28,0.84,8.1,2
1969-12-29,0.84,36.7,2
1969-12-30,0.84,86.1,2
1969-12-31,0.84,49.0,2
1970-01-01,0.84,18.9,2
1970-01-02,0.84,21.4,2
1970-01-03,0.84,28.8,2
1970-01-04,0.84,17.1,2
1970-01-05,0.84,42.0,2
1970-01-06,0.84,48.1,2
1970-01-07,0.84,36.1,2
1970-01-08,0.79,49.7,2
1970-01-09,0.78,52.0,2
1970-01-10,0.84,59.4,2
1970-01-11,0.47,46.4,2
1970-01-12,0.65,51.9,2
1970-01-13,0.6,54.2,2
1970-01-14,0.69,47.5,2
1970-01-15,0.84,54.3,2
1970-01-16,0.77,54.0,2
1970-01-17,0.67,55.7,2
1970-01-18,0.84,49.6,2
1970-01-19,0.84,52.5,2
1970-01-20,0.77,53.8,2
1970-01-21,0.84,56.4,2
1970-01-22,0.73,57.2,2
1970-01-23,0.73,60.2,2
1970-01-24,0.71,55.4,2
1970-01-25,0.8,39.8,2
1970-01-26,0.81,53.2,2
1970-01-27,0.84,57.6,2
1970-01-28,0.81,61.4,2
1970-01-29,0.81,62.8,2
1970-01-30,0.82,55.1,2
1970-01-31,0.77,56.2,2
1970-02-01,0.72,56.9,2
1970-02-02,0.79,54.6,2
1970-02-03,0.77,58.9,2
1970-02-04,0.77,60.3,2
1970-02-05,0.8,48.6,2
1970-02-06,0.78,56.0,2
1970-02-07,0.82,60.2,2
1970-02-08,0.87,41.3,2
1970-02-09,0.79,48.2,2
1970-02-10,0.8,55.7,2
1970-02-11,0.8,55.5,2
1970-02-12,0.79,56.3,2
1970-02-13,0.81,56.9,2
1970-02-14,0.77,55.5,2
1970-02-15,0.84,59.0,2
1970-02-16,0.79,51.3,2
1970-02-17,0.76,56.8,2
1970-02-18,0.84,56.2,2
1970-02-19,0.79,52.6,2
1970-02-20,0.81,55.6,2
1970-02-21,0.81,57.1,2
1970-02-22,0.8,58.4,2
1970-02-23,0.8,45.1,2
1970-02-24,0.81,56.2,2
1970-02-25,0.79,57.0,2
1970-02-26,0.8,59.7,2
1970-02-27,0.78,55.6,2
1970-02-28,0.81,58.7,2
1970-03-01,0.81,52.2,2
1970-03-02,0.84,49.3,2
1970-03-03,0.84,54.2,2
1970-03-04,0.79,53.3,2
1970-03-05,0.84,58.9,2
1970-03-06,0.84,56.9,2
1970-03-07,0.77,54.0,2
1970-03-08,0.84,40.5,2
1970-03-09,0.84,53.7,2
1970-03-10,0.84,52.9,2
1970-03-11,0.84,56.2,2
1970-03-12,0.84,54.1,2
1970-03-13,0.84,56.9,2
1970-03-14,0.84,47.6,2
1970-03-15,0.84,56.1,2
1970-03-16,0.84,52.7,2
1970-03-17,0.84,56.4,2
1970-03-18,0.84,50.2,2
1970-03-19,0.84,37.3,2
1970-03-20,0.84,54.4,2
1970-03-21,0.84,50.3,2
1970-03-22,0.84,25.3,2
1970-03-23,0.84,57.5,2
1970-03-24,0.84,53.6,2
1970-03-25,0.84,46.5,2
1970-03-26,0.84,30.9,2
1970-03-27,0.84,29.3,2
1970-03-28,0.84,37.8,2
1970-03-29,0.84,37.2,2
1970-03-30,0.84,39.4,2
1970-03-31,0.84,42.2,2
1970-04-01,0.84,32.9,2
1970-04-02,0.84,39.2,2
1970-04-03,0.84,39.6,2
1970-04-04,0.84,33.8,2
1970-04-05,0.84,8.6,2
1970-04-06,0.84,37.0,2
1970-04-07,0.84,39.2,2
1970-04-08,0.84,36.1,2
1970-04-09,0.84,27.2,2
1970-04-10,0.84,32.6,2
1970-04-11,0.84,35.1,2
1970-04-12,0.84,9.5,2
1970-04-13,0.84,29.5,2
1970-04-14,0.84,11.1,2
1970-04-15,0.84,21.3,2
1970-04-16,0.84,15.9,2
1970-04-17,0.84,11.9,2
1970-04-18,0.84,83.2,2
1970-04-19,0.84,6.0,2
1970-04-20,0.84,6.0,2
1970-04-21,0.84,21.6,2
1970-04-22,0.84,6.0,2
1970-04-23,0.84,6.0,2
1970-04-24,0.84,6.0,2
1970-04-25,0.84,6.0,2
1970-04-26,0.84,6.0,2
1970-04-27,0.84,6.9,2
1970-04-28,0.84,6.9,2
1970-04-29,0.84,6.9,2
1970-04-30,0.84,6.9,2
1970-05-01,0.84,6.9,2
1970-05-02,0.84,6.9,2
1970-05-03,0.8,6.8,2
1970-05-04,0.84,11.3,2
1970-05-05,0.84,34.8,2
1970-05-06,0.84,11.6,2
1970-05-07,0.84,13.8,2
1970-05-08,0.84,35.6,2
1970-05-09,0.84,4.5,2
1970-05-10,0.84,6.2,2
1970-05-11,0.84,7.9,2
1970-05-12,0.84,9.5,2
1970-05-13,0.84,13.4,2
1970-05-14,0.84,20.6,2
1970-05-15,0.84,29.2,2
1970-05-16,0.84,17.9,2
1970-05-17,0.84,17.8,2
1970-05-18,0.84,17.0,2
1970-05-19,0.42,18.9,2
1970-05-20,0.84,36.1,2
1970-05-21,0.84,39.7,2
1970-05-22,0.84,34.6,2
1970-05-23,0.84,21.1,2
1970-05-24,0.84,10.0,2
1970-05-25,0.84,10.0,2
1970-05-26,0.84,10.0,2
1970-05-27,0.84,17.6,2
1970-05-28,0.84,4.6,2
1970-05-29,0.84,49.4,2
1970-05-30,0.46,8.3,2
1970-05-31,0.5,31.0,2
1970-06-01,0.7,29.5,2
1970-06-02,0.81,32.8,2
1970-06-03,0.84,47.1,2
1970-06-04,0.78,38.7,2
1970-06-05,0.84,47.1,2
1970-06-06,0.84,55.9,2
1970-06-07,0.76,54.9,2
1970-06-08,0.84,43.6,2
1970-06-09,0.82,44.4,2
1970-06-10,0.84,18.8,2
1970-06-11,0.84,15.4,2
1970-06-12,0.84,18.7,2
1970-06-13,0.57,22.4,2
1970-06-14,0.57,18.9,2
1970-06-15,0.84,14.4,2
1970-06-16,0.84,15.3,2
1970-06-17,0.84,20.3,2
1970-06-18,0.84,20.6,2
1970-06-19,0.84,15.2,2
1970-06-20,0.68,26.7,2
1970-06-21,0.48,22.6,2
1970-06-22,0.84,8.2,2
1970-06-23,0.84,13.9,2
1970-06-24,0.84,13.2,2
1970-06-25,0.78,23.0,2
1970-06-26,0.82,16.4,2
1970-06-27,0.84,20.4,2
1970-06-28,0.71,23.3,2
1970-06-29,0.5,13.1,2
1970-06-30,0.84,9.0,2
1970-07-01,0.84,60.4,2
1970-07-02,0.84,61.3,2
1970-07-03,0.84,61.8,2
1970-07-04,0.84,61.5,2
1970-07-05,0.71,22.2,2
1970-07-06,0.84,24.1,2
1970-07-07,0.67,9.6,2
1970-07-08,0.84,13.9,2
1970-07-09,0.84,32.5,2
1970-07-10,0.84,32.5,2
1970-07-11,0.76,13.7,2
1970-07-12,0.81,8.4,2
1970-07-13,0.84,16.4,2
1970-07-14,0.8,17.7,2
1970-07-15,0.84,32.9,2
1970-07-16,0.84,41.9,2
1970-07-17,0.84,43.4,2
1970-07-18,0.84,12.7,2
1970-07-19,0.84,14.1,2
1970-07-20,0.84,40.1,2
1970-07-21,0.84,57.7,2
1970-07-22,0.77,54.7,2
1970-07-23,0.84,61.8,2
1970-07-24,0.84,66.0,2
1970-07-25,0.57,26.6,2
1970-07-26,0.57,20.5,2
1970-07-27,0.84,51.0,2
1970-07-28,0.84,57.8,2
1970-07-29,0.84,64.7,2
1970-07-30,0.84,64.9,2
1970-07-31,0.84,65.5,2
1970-08-01,0.84,64.8,2
1970-08-02,0.84,64.6,2
1970-08-03,0.84,68.6,2
1970-08-04,0.84,55.7,2
1970-08-05,0.84,65.6,2
1970-08-06,0.84,63.5,2
1970-08-07,0.84,58.0,2
1970-08-08,0.84,58.2,2
1970-08-09,0.84,58.2,2
1970-08-10,0.84,56.7,2
1970-08-11,0.84,56.8,2
1970-08-12,0.84,67.8,2
1970-08-13,0.84,41.1,2
1970-08-14,0.84,41.6,2
1970-08-15,0.71,24.7,2
1970-08-16,0.71,23.8,2
1970-08-17,0.84,42.5,2
1970-08-18,0.84,40.5,2
1970-08-19,0.84,40.0,2
1970-08-20,0.84,58.4,2
1970-08-21,0.84,60.8,2
1970-08-22,0.84,65.6,2
1970-08-23,0.84,27.7,2
1970-08-24,0.84,44.9,2
1970-08-25,0.84,40.5,2
1970-08-26,0.84,41.1,2
1970-08-27,0.79,10.2,2
1970-08-28,0.84,8.4,2
1970-08-29,0.84,10.0,2
1970-08-30,0.83,9.0,2
1970-08-31,0.84,9.5,2
1970-09-01,0.84,10.2,2
1970-09-02,0.84,9.0,2
1970-09-03,0.84,9.1,2
1970-09-04,0.84,10.0,2
1970-09-05,0.84,10.4,2
1970-09-06,0.84,9.5,2
1970-09-07,0.84,10.4,2
1970-09-08,0.84,10.8,2
1970-09-09,0.84,10.9,2
1970-09-10,0.84,14.2,2
1970-09-11,0.84,11.1,2
1970-09-12,0.84,9.6,2
1970-09-13,0.84,10.6,2
1970-09-14,0.84,8.6,2
1970-09-15,0.84,10.4,2
1970-09-16,0.84,10.2,2
1970-09-17,0.84,10.2,2
1970-09-18,0.84,10.6,2
1970-09-19,0.84,10.6,2
1970-09-20,0.84,10.3,2
1970-09-21,0.84,10.2,2
1970-09-22,0.84,10.8,2
1970-09-23,0.84,11.1,2
1970-09-24,0.81,11.1,2
1970-09-25,0.8,11.3,2
1970-09-26,0.84,13.1,2
1970-09-27,0.64,12.9,2
1970-09-28,0.84,7.3,2
1970-09-29,0.84,9.6,2
1970-09-30,0.81,10.2,2
1970-10-01,0.84,10.1,2
1970-10-02,0.84,10.8,2
1970-10-03,0.84,10.8,2
1970-10-04,0.84,12.3,2
1970-10-05,0.84,11.5,2
1970-10-06,0.81,11.3,2
1970-10-07,0.84,11.3,2
1970-10-08,0.84,11.0,2
1970-10-09,0.81,9.4,2
1970-10-10,0.84,11.4,2
1970-10-11,0.84,10.4,2
1970-10-12,0.82,10.6,2
1970-10-13,0.82,10.7,2
1970-10-14,0.84,10.5,2
1970-10-15,0.82,14.1,2
1970-10-16,0.82,6.6,2
1970-10-17,0.81,6.6,2
1970-10-18,0.81,10.0,2
1970-10-19,0.84,10.3,2
1970-10-20,0.81,11.4,2
1970-10-21,0.81,11.4,2
1970-10-22,0.82,11.2,2
1970-10-23,0.62,12.3,2
1970-10-24,0.84,8.3,2
1970-10-25,0.84,10.6,2
1970-10-26,0.34,10.2,2
1970-10-27,0.84,10.2,2
1970-10-28,0.84,9.8,2
1970-10-29,0.82,9.6,2
1970-10-30,0.84,8.7,2
1970-10-31,0.84,9.7,2
1970-11-01,0.84,9.8,2
1970-11-02,0.84,10.4,2
1970-11-03,0.84,9.5,2
1970-11-04,0.84,9.4,2
1970-11-05,0.84,9.4,2
1970-11-06,0.84,9.1,2
1970-11-07,0.82,9.3,2
1970-11-08,0.84,9.7,2
1970-11-09,0.8,8.9,2
1970-11-10,0.84,6.7,2
1970-11-11,0.81,7.7,2
1970-11-12,0.84,9.4,2
1970-11-13,0.84,8.0,2
1970-11-14,0.84,8.3,2
1970-11-15,0.84,13.5,2
1970-11-16,0.84,12.3,2
1970-11-17,0.84,14.2,2
1970-11-18,0.84,14.2,2
1970-11-19,0.84,13.5,2
1970-11-20,0.81,13.4,2
1970-11-21,0.84,9.7,2
1970-11-22,0.77,6.4,2
1970-11-23,0.84,12.9,2
1970-11-24,0.81,14.2,2
1970-11-25,0.82,14.6,2
1970-11-26,0.84,15.2,2
1970-11-27,0.84,17.2,2
1970-11-28,0.84,19.0,2
1970-11-29,0.84,24.0,2
1970-11-30,0.84,24.7,2
1970-12-01,0.84,19.2,2
1970-12-02,0.84,6.0,2
1970-12-03,0.84,5.2,2
1970-12-04,0.84,16.1,2
1970-12-05,0.84,25.0,2
1970-12-06,0.84,24.2,2
1970-12-07,0.84,18.1,2
1970-12-08,0.84,20.3,2
1970-12-09,0.84,26.2,2
1970-12-10,0.84,36.8,2
1970-12-11,0.84,40.0,2
1970-12-12,0.84,35.4,2
1970-12-13,0.84,30.3,2
1970-12-14,0.84,44.3,2
1970-12-15,0.84,47.7,2
1970-12-16,0.84,52.0,2
1970-12-17,0.84,54.3,2
1970-12-18,0.84,42.4,2
1970-12-19,0.84,31.4,2
1970-12-20,0.84,19.6,2
1970-12-21,0.75,15.0,2
1970-12-22,0.84,39.4,2
1970-12-23,0.84,15.5,2
1970-12-24,0.84,15.7,2
1970-12-25,0.84,16.0,2
1970-12-26,0.84,20.1,2
1970-12-27,0.84,16.3,2
1970-12-28,0.84,11.5,2
1970-12-29,0.84,7.3,2
1970-12-30,0.84,9.1,2
1970-12-31,0.84,10.4,2
1971-01-01,0.84,6.1,2
1971-01-02,0.84,7.8,2
1971-01-03,0.84,10.0,2
1971-01-04,0.84,7.9,2
1971-01-05,0.84,10.2,2
1971-01-06,0.84,13.3,2
1971-01-07,0.84,8.9,2
1971-01-08,0.84,9.0,2
1971-01-09,0.84,12.0,2
1971-01-10,0.84,9.0,2
1971-01-11,0.84,9.4,2
1971-01-12,0.84,10.2,2
1971-01-13,0.84,9.6,2
1971-01-14,0.84,12.7,2
1971-01-15,0.84,11.9,2
1971-01-16,0.84,12.0,2
1971-01-17,0.84,10.8,2
1971-01-18,0.84,11.9,2
1971-01-19,0.84,38.4,2
1971-01-20,0.84,60.4,2
1971-01-21,0.84,69.8,2
1971-01-22,0.84,59.7,2
1971-01-23,0.84,77.2,2
1971-01-24,0.84,86.9,2
1971-01-25,0.81,84.4,2
1971-01-26,0.81,88.6,2
1971-01-27,0.81,98.1,2
1971-01-28,0.84,92.8,2
1971-01-29,0.84,84.4,2
1971-01-30,0.84,76.6,2
1971-01-31,0.84,36.9,2
1971-02-01,0.84,36.1,2
1971-02-02,0.84,46.4,2
1971-02-03,0.84,24.4,2
1971-02-04,0.84,16.0,2
1971-02-05,0.84,30.9,2
1971-02-06,0.84,32.3,2
1971-02-07,0.84,15.0,2
1971-02-08,0.84,15.0,2
1971-02-09,0.84,15.0,2
1971-02-10,0.84,15.0,2
1971-02-11,0.84,28.5,2
1971-02-12,0.84,23.7,2
1971-02-13,0.84,17.5,2
1971-02-14,0.84,17.9,2
1971-02-15,0.84,6.9,2
1971-02-16,0.84,24.2,2
1971-02-17,0.84,45.1,2
1971-02-18,0.84,60.0,2
1971-02-19,0.84,25.2,2
1971-02-20,0.84,20.0,2
1971-02-21,0.84,20.0,2
1971-02-22,0.84,18.1,2
1971-02-23,0.84,16.1,2
1971-02-24,0.84,15.0,2
1971-02-25,0.84,15.0,2
1971-02-26,0.84,14.0,2
1971-02-27,0.84,14.0,2
1971-02-28,0.84,14.0,2
1971-03-01,0.84,14.0,2
1971-03-02,0.84,14.0,2
1971-03-03,0.84,13.0,2
1971-03-04,0.84,13.0,2
1971-03-05,0.84,13.0,2
1971-03-06,0.84,11.0,2
1971-03-07,0.84,9.4,2
1971-03-08,0.84,8.0,2
1971-03-09,0.84,8.0,2
1971-03-10,0.84,8.0,2
1971-03-11,0.84,8.0,2
1971-03-12,0.84,31.5,2
1971-03-13,0.84,6.4,2
1971-03-14,0.84,2.5,2
1971-03-15,0.84,13.3,2
1971-03-16,0.84,9.0,2
1971-03-17,0.84,10.6,2
1971-03-18,0.84,22.8,2
1971-03-19,0.84,33.3,2
1971-03-20,0.84,26.2,2
1971-03-21,0.84,25.9,2
1971-03-22,0.84,24.1,2
1971-03-23,0.84,23.0,2
1971-03-24,0.84,23.0,2
1971-03-25,0.84,23.0,2
1971-03-26,0.84,25.8,2
1971-03-27,0.84,27.5,2
1971-03-28,0.84,28.8,2
1971-03-29,0.84,28.0,2
1971-03-30,0.84,28.5,2
1971-03-31,0.84,21.4,2
1971-04-01,0.84,20.0,2
1971-04-02,0.84,20.9,2
1971-04-03,0.84,24.4,2
1971-04-04,0.84,26.3,2
1971-04-05,0.84,43.1,2
1971-04-06,0.84,53.9,2
1971-04-07,0.84,49.2,2
1971-04-08,0.84,48.4,2
1971-04-09,0.84,43.4,2
1971-04-10,0.81,45.1,2
1971-04-11,0.84,40.6,2
1971-04-12,0.84,43.1,2
1971-04-13,0.84,37.3,2
1971-04-14,0.84,32.3,2
1971-04-15,0.84,51.7,2
1971-04-16,0.84,28.0,2
1971-04-17,0.84,29.3,2
1971-04-18,0.84,25.8,2
1971-04-19,0.84,35.9,2
1971-04-20,0.84,51.2,2
1971-04-21,0.84,56.5,2
1971-04-22,0.84,56.8,2
1971-04-23,0.84,55.9,2
1971-04-24,0.84,55.7,2
1971-04-25,0.84,55.9,2
1971-04-26,0.84,54.4,2
1971-04-27,0.84,52.7,2
1971-04-28,0.84,52.9,2
1971-04-29,0.84,61.0,2
1971-04-30,0.84,79.2,2
1971-05-01,0.84,97.8,2
1971-05-02,0.84,83.4,2
1971-05-03,0.84,81.8,2
1971-05-04,0.84,81.4,2
1971-05-05,0.84,100.0,2
1971-05-06,0.84,137.2,2
1971-05-07,0.84,124.0,2
1971-05-08,0.84,101.2,2
1971-05-09,0.84,25.1,2
1971-05-10,0.84,74.4,2
1971-05-11,0.84,82.6,2
1971-05-12,0.84,86.8,2
1971-05-13,0.84,108.2,2
1971-05-14,0.77,114.9,2
1971-05-15,0.84,113.7,2
1971-05-16,0.84,81.5,2
1971-05-17,0.77,75.4,2
1971-05-18,0.8,54.1,2
1971-05-19,0.84,83.4,2
1971-05-20,0.84,31.7,2
1971-05-21,0.84,60.8,2
1971-05-22,0.84,69.8,2
1971-05-23,0.84,18.4,2
1971-05-24,0.84,66.0,2
1971-05-25,0.84,120.7,2
1971-05-26,0.84,134.8,2
1971-05-27,0.84,131.4,2
1971-05-28,0.84,109.3,2
1971-05-29,0.81,106.1,2
1971-05-30,0.84,81.8,2
1971-05-31,0.84,81.8,2
1971-06-01,0.84,58.8,2
1971-06-02,0.84,62.6,2
1971-06-03,0.84,86.9,2
1971-06-04,0.84,58.0,2
1971-06-05,0.84,55.0,2
1971-06-06,0.84,57.1,2
1971-06-07,0.84,60.2,2
1971-06-08,0.84,64.1,2
1971-06-09,0.84,57.6,2
1971-06-10,0.84,45.5,2
1971-06-11,0.84,66.7,2
1971-06-12,0.84,61.6,2
1971-06-13,0.84,54.1,2
1971-06-14,0.84,61.7,2
1971-06-15,0.84,57.8,2
1971-06-16,0.84,58.1,2
1971-06-17,0.84,61.0,2
1971-06-18,0.84,60.3,2
1971-06-19,0.84,59.4,2
1971-06-20,0.84,59.5,2
1971-06-21,0.84,58.9,2
1971-06-22,0.84,60.3,2
1971-06-23,0.84,60.1,2
1971-06-24,0.84,46.1,2
1971-06-25,0.84,39.9,2
1971-06-26,0.84,49.4,2
1971-06-27,0.84,37.5,2
1971-06-28,0.84,61.2,2
1971-06-29,0.84,59.6,2
1971-06-30,0.84,58.7,2
1971-07-01,0.84,51.3,2
1971-07-02,0.84,38.4,2
1971-07-03,0.84,33.6,2
1971-07-04,0.84,36.1,2
1971-07-05,0.84,39.0,2
1971-07-06,0.84,37.4,2
1971-07-07,0.84,23.6,2
1971-07-08,0.84,25.6,2
1971-07-09,0.84,23.4,2
1971-07-10,0.84,26.7,2
1971-07-11,0.84,10.0,2
1971-07-12,0.84,25.7,2
1971-07-13,0.84,30.8,2
1971-07-14,0.84,27.9,2
1971-07-15,0.84,29.7,2
1971-07-16,0.84,28.2,2
1971-07-17,0.84,23.4,2
1971-07-18,0.84,15.7,2
1971-07-19,0.84,23.8,2
1971-07-20,0.84,18.3,2
1971-07-21,0.84,24.8,2
1971-07-22,0.84,22.5,2
1971-07-23,0.84,24.3,2
1971-07-24,0.84,21.4,2
1971-07-25,0.84,17.6,2
1971-07-26,0.84,18.4,2
1971-07-27,0.84,25.6,2
1971-07-28,0.84,31.7,2
1971-07-29,0.84,28.7,2
1971-07-30,0.84,26.4,2
1971-07-31,0.84,11.6,2
1971-08-01,0.84,10.0,2
1971-08-02,0.84,26.2,2
1971-08-03,0.84,38.9,2
1971-08-04,0.84,39.9,2
1971-08-05,0.84,24.5,2
1971-08-06,0.84,35.4,2
1971-08-07,0.84,28.9,2
1971-08-08,0.84,4.5,2
1971-08-09,0.84,31.7,2
1971-08-10,0.84,46.8,2
1971-08-11,0.84,51.9,2
1971-08-12,0.84,51.5,2
1971-08-13,0.84,52.5,2
1971-08-14,0.82,45.0,2
1971-08-15,0.63,5.7,2
1971-08-16,0.84,42.5,2
1971-08-17,0.84,53.4,2
1971-08-18,0.84,53.5,2
1971-08-19,0.84,54.9,2
1971-08-20,0.84,61.2,2
1971-08-21,0.84,56.2,2
1971-08-22,0.66,5.6,2
1971-08-23,0.84,43.1,2
1971-08-24,0.84,61.9,2
1971-08-25,0.84,63.2,2
1971-08-26,0.84,63.4,2
1971-08-27,0.8,52.8,2
1971-08-28,0.84,61.2,2
1971-08-29,0.84,63.0,2
1971-08-30,0.84,63.5,2
1971-08-31,0.84,65.5,2
1971-09-01,0.84,64.4,2
1971-09-02,0.84,62.5,2
1971-09-03,0.84,63.9,2
1971-09-04,0.84,50.5,2
1971-09-05,0.67,6.6,2
1971-09-06,0.84,43.6,2
1971-09-07,0.84,42.5,2
1971-09-08,0.84,43.4,2
1971-09-09,0.84,49.8,2
1971-09-10,0.84,36.2,2
1971-09-11,0.08,40.5,2
1971-09-12,0.84,19.3,2
1971-09-13,0.84,40.4,2
1971-09-14,0.84,41.4,2
1971-09-15,0.84,42.2,2
1971-09-16,0.84,38.7,2
1971-09-17,0.84,40.6,2
1971-09-18,0.84,32.6,2
1971-09-19,0.84,24.5,2
1971-09-20,0.84,32.5,2
1971-09-21,0.84,24.5,2
1971-09-22,0.84,30.7,2
1971-09-23,0.84,49.2,2
1971-09-24,0.84,39.1,2
1971-09-25,0.84,63.0,2
1971-09-26,0.84,48.4,2
1971-09-27,0.84,49.9,2
1971-09-28,0.84,48.7,2
1971-09-29,0.84,34.6,2
1971-09-30,0.84,32.2,2
1971-10-01,0.8,32.1,2
1971-10-02,0.84,42.1,2
1971-10-03,0.84,57.5,2
1971-10-04,0.84,53.0,2
1971-10-05,0.84,43.3,2
1971-10-06,0.8,41.5,2
1971-10-07,0.79,30.4,2
1971-10-08,0.8,22.2,2
1971-10-09,0.79,21.6,2
1971-10-10,0.84,23.3,2
1971-10-11,0.81,21.4,2
1971-10-12,0.84,22.0,2
1971-10-13,0.82,22.4,2
1971-10-14,0.84,25.1,2
1971-10-15,0.82,19.1,2
1971-10-16,0.84,27.6,2
1971-10-17,0.84,27.2,2
1971-10-18,0.82,20.5,2
1971-10-19,0.82,29.0,2
1971-10-20,0.82,26.2,2
1971-10-21,0.84,26.3,2
1971-10-22,0.84,32.8,2
1971-10-23,0.84,30.1,2
1971-10-24,0.84,28.7,2
1971-10-25,0.84,32.9,2
1971-10-26,0.53,8.3,2
1971-10-27,0.84,13.3,2
1971-10-28,0.84,35.4,2
1971-10-29,0.84,32.1,2
1971-10-30,0.84,25.8,2
1971-10-31,0.62,8.3,2
1971-11-01,0.62,1.8,2
1971-11-02,0.69,29.8,2
1971-11-03,0.67,28.9,2
1971-11-04,0.66,24.2,2
1971-11-05,0.78,30.7,2
1971-11-06,0.84,29.5,2
1971-11-07,0.84,25.3,2
1971-11-08,0.84,27.1,2
1971-11-09,0.84,33.1,2
1971-11-10,0.81,34.8,2
1971-11-11,0.81,35.1,2
1971-11-12,0.84,38.0,2
1971-11-13,0.84,52.9,2
1971-11-14,0.87,9.5,2
1971-11-15,0.84,49.1,2
1971-11-16,0.84,44.9,2
1971-11-17,0.84,47.2,2
1971-11-18,0.82,47.6,2
1971-11-19,0.79,36.7,2
1971-11-20,0.84,31.9,2
1971-11-21,0.78,30.2,2
1971-11-22,0.84,33.2,2
1971-11-23,0.84,38.4,2
1971-11-24,0.84,36.3,2
1971-11-25,0.84,30.8,2
1971-11-26,0.84,39.6,2
1971-11-27,0.84,20.9,2
1971-11-28,0.84,22.7,2
1971-11-29,0.84,24.8,2
1971-11-30,0.84,30.1,2
1971-12-01,0.84,22.7,2
1971-12-02,0.84,19.0,2
1971-12-03,0.84,19.2,2
1971-12-04,0.84,20.4,2
1971-12-05,0.84,17.0,2
1971-12-06,0.84,18.9,2
1971-12-07,0.84,16.0,2
1971-12-08,0.84,17.6,2
1971-12-09,0.84,18.6,2
1971-12-10,0.84,19.6,2
1971-12-11,0.84,18.4,2
1971-12-12,0.84,11.9,2
1971-12-13,0.84,18.1,2
1971-12-14,0.84,19.3,2
1971-12-15,0.84,18.5,2
1971-12-16,0.84,16.7,2
1971-12-17,0.84,17.2,2
1971-12-18,0.84,23.7,2
1971-12-19,0.84,10.0,2
1971-12-20,0.84,18.4,2
1971-12-21,0.84,14.9,2
1971-12-22,0.84,17.6,2
1971-12-23,0.84,18.7,2
1971-12-24,0.84,24.9,2
1971-12-25,0.84,21.9,2
1971-12-26,0.84,6.9,2
1971-12-27,0.84,26.2,2
1971-12-28,0.84,26.9,2
1971-12-29,0.84,27.2,2
1971-12-30,0.84,24.2,2
1971-12-31,0.84,17.9,2
1972-01-01,0.84,19.0,2
1972-01-02,0.84,7.4,2
1972-01-03,0.84,23.8,2
1972-01-04,0.84,28.7,2
1972-01-05,0.84,25.2,2
1972-01-06,0.84,6.9,2
1972-01-07,0.84,21.8,2
1972-01-08,0.84,13.7,2
1972-01-09,0.84,9.4,2
1972-01-10,0.84,26.2,2
1972-01-11,0.84,24.3,2
1972-01-12,0.84,35.3,2
1972-01-13,0.84,33.6,2
1972-01-14,0.84,14.8,2
1972-01-15,0.84,14.0,2
1972-01-16,0.84,19.1,2
1972-01-17,0.84,14.0,2
1972-01-18,0.84,41.0,2
1972-01-19,0.84,29.5,2
1972-01-20,0.84,24.4,2
1972-01-21,0.84,20.8,2
1972-01-22,0.84,17.0,2
1972-01-23,0.84,23.4,2
1972-01-24,0.84,35.3,2
1972-01-25,0.84,27.1,2
1972-01-26,0.84,26.9,2
1972-01-27,0.84,27.9,2
1972-01-28,0.84,17.8,2
1972-01-29,0.84,18.1,2
1972-01-30,0.84,17.1,2
1972-01-31,0.84,27.5,2
1972-02-01,0.84,17.5,2
1972-02-02,0.84,17.9,2
1972-02-03,0.84,18.5,2
1972-02-04,0.84,0.0,2
1972-02-05,0.84,19.4,2
1972-02-06,0.84,26.5,2
1972-02-07,0.84,28.2,2
1972-02-08,0.84,19.2,2
1972-02-09,0.84,23.3,2
1972-02-10,0.84,39.0,2
1972-02-11,0.84,49.0,2
1972-02-12,0.84,49.0,2
1972-02-13,0.84,49.0,2
1972-02-14,0.84,49.0,2
1972-02-15,0.84,49.0,2
1972-02-16,0.84,49.0,2
1972-02-17,0.84,45.0,2
1972-02-18,0.84,43.5,2
1972-02-19,0.84,36.7,2
1972-02-20,0.84,28.7,2
1972-02-21,0.84,24.7,2
1972-02-22,0.84,24.0,2
1972-02-23,0.84,24.0,2
1972-02-24,0.84,39.2,2
1972-02-25,0.84,35.6,2
1972-02-26,0.84,13.2,2
1972-02-27,0.84,23.0,2
1972-02-28,0.84,38.4,2
1972-02-29,0.84,50.2,2
1972-03-01,0.84,60.3,2
1972-03-02,0.84,61.2,2
1972-03-03,0.84,62.5,2
1972-03-04,0.84,62.7,2
1972-03-05,0.84,41.7,2
1972-03-06,0.84,54.4,2
1972-03-07,0.84,51.0,2
1972-03-08,0.84,52.9,2
1972-03-09,0.84,56.4,2
1972-03-10,0.84,61.7,2
1972-03-11,0.84,49.0,2
1972-03-12,0.84,54.1,2
1972-03-13,0.84,51.5,2
1972-03-14,0.84,55.4,2
1972-03-15,0.84,55.1,2
1972-03-16,0.84,56.5,2
1972-03-17,0.84,58.2,2
1972-03-18,0.84,58.4,2
1972-03-19,0.84,60.8,2
1972-03-20,0.84,52.0,2
1972-03-21,0.84,47.1,2
1972-03-22,0.84,34.6,2
1972-03-23,0.84,23.0,2
1972-03-24,0.84,28.5,2
1972-03-25,0.84,42.9,2
1972-03-26,0.84,45.0,2
1972-03-27,0.84,63.3,2
1972-03-28,0.84,66.0,2
1972-03-29,0.84,63.2,2
1972-03-30,0.84,63.2,2
1972-03-31,0.84,40.0,2
1972-04-01,0.84,61.0,2
1972-04-02,0.84,28.0,2
1972-04-03,0.84,59.3,2
1972-04-04,0.84,61.1,2
1972-04-05,0.84,44.7,2
1972-04-06,0.84,25.9,2
1972-04-07,0.84,22.3,2
1972-04-08,0.84,23.3,2
1972-04-09,0.84,23.1,2
1972-04-10,0.84,41.0,2
1972-04-11,0.84,43.5,2
1972-04-12,0.84,52.9,2
1972-04-13,0.84,56.8,2
1972-04-14,0.84,57.1,2
1972-04-15,0.84,58.4,2
1972-04-16,0.84,60.1,2
1972-04-17,0.84,60.1,2
1972-04-18,0.84,60.5,2
1972-04-19,0.84,67.6,2
1972-04-20,0.84,54.5,2
1972-04-21,0.84,62.5,2
1972-04-22,0.84,59.4,2
1972-04-23,0.84,47.3,2
1972-04-24,0.84,56.7,2
1972-04-25,0.84,60.5,2
1972-04-26,0.84,43.5,2
1972-04-27,0.84,43.9,2
1972-04-28,0.84,44.6,2
1972-04-29,0.84,57.4,2
1972-04-30,0.84,19.4,2
1972-05-01,0.84,17.0,2
1972-05-02,0.84,27.7,2
1972-05-03,0.84,17.0,2
1972-05-04,0.84,19.1,2
1972-05-05,0.84,16.0,2
1972-05-06,0.84,23.7,2
1972-05-07,0.84,16.0,2
1972-05-08,0.84,20.8,2
1972-05-09,0.84,20.0,2
1972-05-10,0.84,18.9,2
1972-05-11,0.84,7.8,2
1972-05-12,0.84,12.0,2
1972-05-13,0.84,14.8,2
1972-05-14,0.84,15.0,2
1972-05-15,0.84,28.5,2
1972-05-16,0.84,38.9,2
1972-05-17,0.84,49.8,2
1972-05-18,0.84,43.9,2
1972-05-19,0.84,43.7,2
1972-05-20,0.84,49.1,2
1972-05-21,0.84,20.0,2
1972-05-22,0.84,55.1,2
1972-05-23,0.84,63.9,2
1972-05-24,0.84,69.9,2
1972-05-25,0.84,70.5,2
1972-05-26,0.84,72.1,2
1972-05-27,0.84,82.4,2
1972-05-28,0.84,65.4,2
1972-05-29,0.84,67.5,2
1972-05-30,0.84,62.5,2
1972-05-31,0.84,0.6,2
1972-06-01,0.84,50.9,2
1972-06-02,0.84,65.7,2
1972-06-03,0.84,69.4,2
1972-06-04,0.84,48.3,2
1972-06-05,0.84,68.4,2
1972-06-06,0.84,67.5,2
1972-06-07,0.84,67.8,2
1972-06-08,0.84,44.6,2
1972-06-09,0.84,45.4,2
1972-06-10,0.84,44.2,2
1972-06-11,0.81,14.7,2
1972-06-12,0.84,45.6,2
1972-06-13,0.84,45.0,2
1972-06-14,0.84,66.3,2
1972-06-15,0.84,45.1,2
1972-06-16,0.84,60.0,2
1972-06-17,0.84,47.1,2
1972-06-18,0.79,16.5,2
1972-06-19,0.84,52.4,2
1972-06-20,0.84,57.3,2
1972-06-21,0.84,56.1,2
1972-06-22,0.84,44.2,2
1972-06-23,0.84,44.8,2
1972-06-24,0.84,35.6,2
1972-06-25,0.84,13.9,2
1972-06-26,0.84,45.0,2
1972-06-27,0.84,46.9,2
1972-06-28,0.81,55.4,2
1972-06-29,0.84,13.6,2
1972-06-30,0.82,40.7,2
1972-07-01,0.84,46.3,2
1972-07-02,0.84,66.4,2
1972-07-03,0.8,48.4,2
1972-07-04,0.83,48.1,2
1972-07-05,0.84,52.1,2
1972-07-06,0.84,58.8,2
1972-07-07,0.84,64.0,2
1972-07-08,0.84,70.1,2
1972-07-09,0.84,71.8,2
1972-07-10,0.84,95.6,2
1972-07-11,0.84,71.4,2
1972-07-12,0.84,70.7,2
1972-07-13,0.84,71.4,2
1972-07-14,0.84,71.3,2
1972-07-15,0.84,71.4,2
1972-07-16,0.84,71.9,2
1972-07-17,0.84,70.3,2
1972-07-18,0.78,15.2,2
1972-07-19,0.84,66.5,2
1972-07-20,0.84,71.8,2
1972-07-21,0.84,68.6,2
1972-07-22,0.84,75.5,2
1972-07-23,0.84,59.6,2
1972-07-24,0.84,69.7,2
1972-07-25,0.84,49.8,2
1972-07-26,0.84,60.1,2
1972-07-27,0.84,68.1,2
1972-07-28,0.84,65.9,2
1972-07-29,0.84,64.6,2
1972-07-30,0.84,67.4,2
1972-07-31,0.84,66.4,2
1972-08-01,0.84,70.1,2
1972-08-02,0.84,66.6,2
1972-08-03,0.84,70.1,2
1972-08-04,0.84,67.2,2
1972-08-05,0.84,66.8,2
1972-08-06,0.84,58.2,2
1972-08-07,0.84,63.7,2
1972-08-08,0.84,67.2,2
1972-08-09,0.84,65.6,2
1972-08-10,0.84,67.7,2
1972-08-11,0.84,65.2,2
1972-08-12,0.84,68.2,2
1972-08-13,0.83,10.3,2
1972-08-14,0.84,13.4,2
1972-08-15,0.83,10.7,2
1972-08-16,0.83,16.7,2
1972-08-17,0.84,10.3,2
1972-08-18,0.83,12.4,2
1972-08-19,0.84,15.7,2
1972-08-20,0.83,10.0,2
1972-08-21,0.83,17.5,2
1972-08-22,0.84,15.6,2
1972-08-23,0.84,17.9,2
1972-08-24,0.83,8.9,2
1972-08-25,0.83,12.1,2
1972-08-26,0.84,11.3,2
1972-08-27,0.83,6.4,2
1972-08-28,0.83,10.8,2
1972-08-29,0.83,9.7,2
1972-08-30,0.83,11.2,2
1972-08-31,0.83,8.8,2
1972-09-01,0.83,8.5,2
1972-09-02,0.83,9.0,2
1972-09-03,0.83,2.5,2
1972-09-04,0.83,17.6,2
1972-09-05,0.84,11.0,2
1972-09-06,0.84,11.4,2
1972-09-07,0.84,10.9,2
1972-09-08,0.83,9.1,2
1972-09-09,0.84,9.2,2
1972-09-10,0.84,9.8,2
1972-09-11,0.83,10.2,2
1972-09-12,0.84,10.9,2
1972-09-13,0.84,9.4,2
1972-09-14,0.83,10.9,2
1972-09-15,0.83,7.2,2
1972-09-16,0.83,6.1,2
1972-09-17,0.83,3.1,2
1972-09-18,0.83,8.8,2
1972-09-19,0.83,5.3,2
1972-09-20,0.83,7.5,2
1972-09-21,0.83,4.2,2
1972-09-22,0.83,6.1,2
1972-09-23,0.84,10.9,2
1972-09-24,0.83,4.9,2
1972-09-25,0.84,12.5,2
1972-09-26,0.83,13.5,2
1972-09-27,0.83,21.1,2
1972-09-28,0.84,21.6,2
1972-09-29,0.84,24.7,2
1972-09-30,0.83,22.3,2
1972-10-01,0.83,16.4,2
1972-10-02,0.84,45.4,2
1972-10-03,0.83,52.2,2
1972-10-04,0.84,40.8,2
1972-10-05,0.84,48.4,2
1972-10-06,0.84,29.2,2
1972-10-07,0.84,27.8,2
1972-10-08,0.83,14.1,2
1972-10-09,0.84,62.0,2
1972-10-10,0.34,63.0,2
1972-10-11,0.84,65.4,2
1972-10-12,0.84,23.0,2
1972-10-13,0.84,49.9,2
1972-10-14,0.84,37.5,2
1972-10-15,0.83,4.0,2
1972-10-16,0.84,41.6,2
1972-10-17,0.84,62.4,2
1972-10-18,0.84,61.7,2
1972-10-19,0.84,60.1,2
1972-10-20,0.84,64.7,2
1972-10-21,0.84,63.7,2
1972-10-22,0.84,23.6,2
1972-10-23,0.84,44.9,2
1972-10-24,0.84,61.2,2
1972-10-25,0.84,64.6,2
1972-10-26,0.84,64.8,2
1972-10-27,0.84,60.4,2
1972-10-28,0.84,56.8,2
1972-10-29,0.84,6.2,2
1972-10-30,0.84,6.9,2
1972-10-31,0.84,5.0,2
1972-11-01,0.84,5.0,2
1972-11-02,0.84,39.1,2
1972-11-03,0.84,24.7,2
1972-11-04,0.84,22.3,2
1972-11-05,0.84,7.3,2
1972-11-06,0.84,33.2,2
1972-11-07,0.84,46.6,2
1972-11-08,0.84,50.5,2
1972-11-09,0.84,59.0,2
1972-11-10,0.84,58.1,2
1972-11-11,0.84,14.4,2
1972-11-12,0.84,28.2,2
1972-11-13,0.84,51.6,2
1972-11-14,0.84,16.2,2
1972-11-15,0.84,30.0,2
1972-11-16,0.84,26.3,2
1972-11-17,0.84,28.1,2
1972-11-18,0.84,25.1,2
1972-11-19,0.84,5.9,2
1972-11-20,0.84,28.4,2
1972-11-21,0.84,44.2,2
1972-11-22,0.84,28.2,2
1972-11-23,0.84,17.2,2
1972-11-24,0.84,13.5,2
1972-11-25,0.84,12.2,2
1972-11-26,0.84,43.6,2
1972-11-27,0.84,33.2,2
1972-11-28,0.84,45.7,2
1972-11-29,0.84,35.2,2
1972-11-30,0.84,34.6,2
1972-12-01,0.84,28.1,2
1972-12-02,0.84,10.9,2
1972-12-03,0.84,15.0,2
1972-12-04,0.84,40.2,2
1972-12-05,0.84,46.8,2
1972-12-06,0.84,17.2,2
1972-12-07,0.84,38.5,2
1972-12-08,0.84,46.6,2
1972-12-09,0.84,44.2,2
1972-12-10,0.84,36.5,2
1972-12-11,0.84,57.4,2
1972-12-12,0.84,41.6,2
1972-12-13,0.84,50.8,2
1972-12-14,0.84,42.4,2
1972-12-15,0.84,31.2,2
1972-12-16,0.84,30.8,2
1972-12-17,0.84,11.8,2
1972-12-18,0.84,39.1,2
1972-12-19,0.84,38.4,2
1972-12-20,0.84,40.2,2
1972-12-21,0.84,41.1,2
1972-12-22,0.84,34.8,2
1972-12-23,0.84,28.5,2
1972-12-24,0.84,15.3,2
1972-12-25,0.84,18.2,2
1972-12-26,0.84,38.9,2
1972-12-27,0.84,35.0,2
1972-12-28,0.84,17.2,2
1972-12-29,0.84,20.1,2
1972-12-30,0.84,20.1,2
1972-12-31,0.84,24.3,2
1973-01-01,0.84,12.0,2
1973-01-02,0.84,33.2,2
1973-01-03,0.84,44.2,2
1973-01-04,0.84,39.8,2
1973-01-05,0.84,39.4,2
1973-01-06,0.84,24.1,2
1973-01-07,0.84,15.0,2
1973-01-08,0.84,34.7,2
1973-01-09,0.84,39.5,2
1973-01-10,0.84,52.1,2
1973-01-11,0.84,50.5,2
1973-01-12,0.84,42.8,2
1973-01-13,0.84,13.0,2
1973-01-14,0.84,9.8,2
1973-01-15,0.84,48.3,2
1973-01-16,0.84,39.5,2
1973-01-17,0.84,34.7,2
1973-01-18,0.84,24.2,2
1973-01-19,0.84,21.2,2
1973-01-20,0.84,31.6,2
1973-01-21,0.84,21.6,2
1973-01-22,0.84,22.5,2
1973-01-23,0.84,17.4,2
1973-01-24,0.84,21.4,2
1973-01-25,0.84,24.0,2
1973-01-26,0.84,27.3,2
1973-01-27,0.84,18.5,2
1973-01-28,0.84,15.9,2
1973-01-29,0.84,32.5,2
1973-01-30,0.84,17.0,2
1973-01-31,0.84,16.6,2
1973-02-01,0.84,17.1,2
1973-02-02,0.84,16.0,2
1973-02-03,0.84,16.0,2
1973-02-04,0.84,16.0,2
1973-02-05,0.84,14.6,2
1973-02-06,0.84,13.3,2
1973-02-07,0.84,13.0,2
1973-02-08,0.84,13.0,2
1973-02-09,0.84,20.3,2
1973-02-10,0.84,14.4,2
1973-02-11,0.84,8.9,2
1973-02-12,0.84,10.4,2
1973-02-13,0.84,35.0,2
1973-02-14,0.84,14.8,2
1973-02-15,0.84,9.8,2
1973-02-16,0.84,17.6,2
1973-02-17,0.84,27.0,2
1973-02-18,0.84,8.0,2
1973-02-19,0.84,21.4,2
1973-02-20,0.84,13.7,2
1973-02-21,0.84,28.9,2
1973-02-22,0.84,19.3,2
1973-02-23,0.84,20.0,2
1973-02-24,0.84,20.0,2
1973-02-25,0.84,25.9,2
1973-02-26,0.84,41.3,2
1973-02-27,0.84,41.2,2
1973-02-28,0.84,36.0,2
1973-03-01,0.84,34.6,2
1973-03-02,0.84,34.0,2
1973-03-03,0.84,32.5,2
1973-03-04,0.84,31.9,2
1973-03-05,0.84,26.2,2
1973-03-06,0.84,25.0,2
1973-03-07,0.84,24.3,2
1973-03-08,0.84,23.0,2
1973-03-09,0.84,23.0,2
1973-03-10,0.84,22.3,2
1973-03-11,0.84,22.0,2
1973-03-12,0.84,20.5,2
1973-03-13,0.84,21.4,2
1973-03-14,0.84,22.0,2
1973-03-15,0.84,22.0,2
1973-03-16,0.84,12.0,2
1973-03-17,0.84,12.0,2
1973-03-18,0.84,12.0,2
1973-03-19,0.84,12.0,2
1973-03-20,0.84,15.0,2
1973-03-21,0.84,12.0,2
1973-03-22,0.84,25.5,2
1973-03-23,0.84,12.0,2
1973-03-24,0.84,25.1,2
1973-03-25,0.84,20.7,2
1973-03-26,0.84,23.5,2
1973-03-27,0.84,12.0,2
1973-03-28,0.84,19.3,2
1973-03-29,0.84,16.1,2
1973-03-30,0.84,14.0,2
1973-03-31,0.84,14.0,2
1973-04-01,0.84,16.7,2
1973-04-02,0.84,21.6,2
1973-04-03,0.84,12.0,2
1973-04-04,0.84,12.0,2
1973-04-05,0.84,12.0,2
1973-04-06,0.84,12.0,2
1973-04-07,0.84,12.0,2
1973-04-08,0.84,12.0,2
1973-04-09,0.84,12.0,2
1973-04-10,0.84,12.0,2
1973-04-11,0.84,12.0,2
1973-04-12,0.84,12.0,2
1973-04-13,0.84,15.6,2
1973-04-14,0.84,13.1,2
1973-04-15,0.84,10.0,2
1973-04-16,0.84,22.2,2
1973-04-17,0.84,10.8,2
1973-04-18,0.84,18.8,2
1973-04-19,0.84,22.2,2
1973-04-20,0.84,9.5,2
1973-04-21,0.84,8.9,2
1973-04-22,0.84,8.9,2
1973-04-23,0.84,11.6,2
1973-04-24,0.84,11.0,2
1973-04-25,0.84,10.6,2
1973-04-26,0.84,9.0,2
1973-04-27,0.84,9.4,2
1973-04-28,0.84,9.0,2
1973-04-29,0.84,9.0,2
1973-04-30,0.84,9.0,2
1973-05-01,0.84,28.6,2
1973-05-02,0.84,43.6,2
1973-05-03,0.84,31.0,2
1973-05-04,0.84,30.0,2
1973-05-05,0.84,34.0,2
1973-05-06,0.84,28.0,2
1973-05-07,0.84,47.1,2
1973-05-08,0.84,77.9,2
1973-05-09,0.84,57.9,2
1973-05-10,0.84,51.5,2
1973-05-11,0.84,55.3,2
1973-05-12,0.84,54.6,2
1973-05-13,0.84,35.1,2
1973-05-14,0.84,47.7,2
1973-05-15,0.84,48.5,2
1973-05-16,0.84,45.4,2
1973-05-17,0.84,47.3,2
1973-05-18,0.84,47.6,2
1973-05-19,0.84,48.0,2
1973-05-20,0.84,13.1,2
1973-05-21,0.84,39.8,2
1973-05-22,0.84,87.3,2
1973-05-23,0.84,92.1,2
1973-05-24,0.84,91.3,2
1973-05-25,0.84,65.0,2
1973-05-26,0.84,58.7,2
1973-05-27,0.84,22.7,2
1973-05-28,0.84,44.4,2
1973-05-29,0.84,27.7,2
1973-05-30,0.84,25.1,2
1973-05-31,0.84,12.0,2
1973-06-01,0.84,42.5,2
1973-06-02,0.84,49.9,2
1973-06-03,0.84,12.0,2
1973-06-04,0.84,36.6,2
1973-06-05,0.84,31.1,2
1973-06-06,0.84,32.9,2
1973-06-07,0.84,38.0,2
1973-06-08,0.84,12.0,2
1973-06-09,0.84,38.8,2
1973-06-10,0.84,37.7,2
1973-06-11,0.84,31.9,2
1973-06-12,0.84,25.0,2
1973-06-13,0.84,20.4,2
1973-06-14,0.84,11.9,2
1973-06-15,0.84,7.8,2
1973-06-16,0.84,8.1,2
1973-06-17,0.84,8.1,2
1973-06-18,0.84,13.0,2
1973-06-19,0.84,21.4,2
1973-06-20,0.84,6.9,2
1973-06-21,0.84,9.3,2
1973-06-22,0.84,12.5,2
1973-06-23,0.84,23.1,2
1973-06-24,0.84,8.3,2
1973-06-25,0.84,21.1,2
1973-06-26,0.84,25.7,2
1973-06-27,0.84,22.3,2
1973-06-28,0.84,19.6,2
1973-06-29,0.84,21.8,2
1973-06-30,0.84,7.9,2
1973-07-01,0.84,7.5,2
1973-07-02,0.84,8.7,2
1973-07-03,0.84,16.7,2
1973-07-04,0.84,8.4,2
1973-07-05,0.84,17.1,2
1973-07-06,0.84,41.3,2
1973-07-07,0.84,35.0,2
1973-07-08,0.84,21.4,2
1973-07-09,0.84,5.0,2
1973-07-10,0.84,30.9,2
1973-07-11,0.84,22.5,2
1973-07-12,0.84,14.0,2
1973-07-13,0.84,19.2,2
1973-07-14,0.84,21.5,2
1973-07-15,0.84,9.8,2
1973-07-16,0.84,19.9,2
1973-07-17,0.84,20.0,2
1973-07-18,0.84,22.7,2
1973-07-19,0.84,54.9,2
1973-07-20,0.84,55.0,2
1973-07-21,0.84,53.4,2
1973-07-22,0.84,19.1,2
1973-07-23,0.84,50.1,2
1973-07-24,0.84,58.0,2
1973-07-25,0.84,48.0,2
1973-07-26,0.84,64.1,2
1973-07-27,0.84,69.3,2
1973-07-28,0.84,65.7,2
1973-07-29,0.84,9.6,2
1973-07-30,0.84,57.1,2
1973-07-31,0.84,58.0,2
1973-08-01,0.84,58.7,2
1973-08-02,0.84,56.4,2
1973-08-03,0.84,66.4,2
1973-08-04,0.84,63.7,2
1973-08-05,0.84,50.8,2
1973-08-06,0.84,65.0,2
1973-08-07,0.84,64.7,2
1973-08-08,0.84,65.0,2
1973-08-09,0.84,65.2,2
1973-08-10,0.84,64.8,2
1973-08-11,0.84,66.0,2
1973-08-12,0.84,29.3,2
1973-08-13,0.84,63.5,2
1973-08-14,0.84,47.7,2
1973-08-15,0.84,53.1,2
1973-08-16,0.84,54.6,2
1973-08-17,0.84,41.1,2
1973-08-18,0.84,22.9,2
1973-08-19,0.84,7.3,2
1973-08-20,0.84,9.6,2
1973-08-21,0.84,6.9,2
1973-08-22,0.84,9.6,2
1973-08-23,0.84,8.9,2
1973-08-24,0.84,9.5,2
1973-08-25,0.84,9.8,2
1973-08-26,0.84,8.0,2
1973-08-27,0.84,9.1,2
1973-08-28,0.84,9.5,2
1973-08-29,0.84,9.7,2
1973-08-30,0.84,8.4,2
1973-08-31,0.84,10.1,2
1973-09-01,0.84,8.6,2
1973-09-02,0.84,7.9,2
1973-09-03,0.84,9.4,2
1973-09-04,0.84,8.8,2
1973-09-05,0.84,8.2,2
1973-09-06,0.84,8.0,2
1973-09-07,0.84,7.9,2
1973-09-08,0.84,7.9,2
1973-09-09,0.84,7.1,2
1973-09-10,0.84,8.3,2
1973-09-11,0.84,12.4,2
1973-09-12,0.84,22.7,2
1973-09-13,0.84,26.7,2
1973-09-14,0.84,31.1,2
1973-09-15,0.84,47.7,2
1973-09-16,0.84,24.4,2
1973-09-17,0.84,32.3,2
1973-09-18,0.84,31.7,2
1973-09-19,0.84,54.4,2
1973-09-20,0.84,59.7,2
1973-09-21,0.84,28.8,2
1973-09-22,0.84,45.8,2
1973-09-23,0.84,38.5,2
1973-09-24,0.84,54.6,2
1973-09-25,0.84,61.8,2
1973-09-26,0.84,20.4,2
1973-09-27,0.84,48.1,2
1973-09-28,0.84,59.3,2
1973-09-29,0.84,59.5,2
1973-09-30,0.84,51.3,2
1973-10-01,0.84,58.8,2
1973-10-02,0.84,61.5,2
1973-10-03,0.84,58.9,2
1973-10-04,0.84,49.9,2
1973-10-05,0.84,25.3,2
1973-10-06,0.84,10.3,2
1973-10-07,0.84,17.1,2
1973-10-08,0.84,32.8,2
1973-10-09,0.84,35.9,2
1973-10-10,0.84,48.5,2
1973-10-11,0.84,44.9,2
1973-10-12,0.84,3.4,2
1973-10-13,0.84,3.0,2
1973-10-14,0.84,3.0,2
1973-10-15,0.84,17.5,2
1973-10-16,0.84,22.0,2
1973-10-17,0.84,35.4,2
1973-10-18,0.84,18.4,2
1973-10-19,0.84,42.9,2
1973-10-20,0.84,34.7,2
1973-10-21,0.84,21.6,2
1973-10-22,0.84,35.5,2
1973-10-23,0.84,36.9,2
1973-10-24,0.84,40.6,2
1973-10-25,0.84,48.6,2
1973-10-26,0.84,49.5,2
1973-10-27,0.84,49.0,2
1973-10-28,0.84,35.9,2
1973-10-29,0.84,39.8,2
1973-10-30,0.84,48.3,2
1973-10-31,0.84,51.7,2
1973-11-01,0.84,58.1,2
1973-11-02,0.84,57.9,2
1973-11-03,0.84,59.0,2
1973-11-04,0.84,56.2,2
1973-11-05,0.84,42.1,2
1973-11-06,0.84,16.1,2
1973-11-07,0.84,23.1,2
1973-11-08,0.84,16.4,2
1973-11-09,0.84,19.2,2
1973-11-10,0.84,20.4,2
1973-11-11,0.84,5.1,2
1973-11-12,0.84,25.5,2
1973-11-13,0.84,26.2,2
1973-11-14,0.84,27.4,2
1973-11-15,0.84,22.7,2
1973-11-16,0.84,14.5,2
1973-11-17,0.84,25.6,2
1973-11-18,0.84,5.4,2
1973-11-19,0.84,27.3,2
1973-11-20,0.84,29.6,2
1973-11-21,0.84,30.1,2
1973-11-22,0.84,49.7,2
1973-11-23,0.84,22.7,2
1973-11-24,0.84,33.1,2
1973-11-25,0.84,6.5,2
1973-11-26,0.84,29.3,2
1973-11-27,0.84,17.2,2
1973-11-28,0.84,28.2,2
1973-11-29,0.84,38.8,2
1973-11-30,0.84,29.6,2
1973-12-01,0.84,30.9,2
1973-12-02,0.84,5.9,2
1973-12-03,0.84,30.6,2
1973-12-04,0.84,28.8,2
1973-12-05,0.84,35.2,2
1973-12-06,0.84,35.6,2
1973-12-07,0.84,19.6,2
1973-12-08,0.84,7.9,2
1973-12-09,0.84,7.1,2
1973-12-10,0.84,30.1,2
1973-12-11,0.84,28.8,2
1973-12-12,0.84,30.1,2
1973-12-13,0.84,29.1,2
1973-12-14,0.84,31.2,2
1973-12-15,0.84,29.7,2
1973-12-16,0.84,13.2,2
1973-12-17,0.84,40.7,2
1973-12-18,0.84,26.6,2
1973-12-19,0.84,58.7,2
1973-12-20,0.84,58.3,2
1973-12-21,0.84,42.7,2
1973-12-22,0.84,48.6,2
1973-12-23,0.84,8.1,2
1973-12-24,0.84,29.4,2
1973-12-25,0.84,39.2,2
1973-12-26,0.84,10.9,2
1973-12-27,0.84,33.9,2
1973-12-28,0.84,35.9,2
1973-12-29,0.84,40.3,2
1973-12-30,0.84,36.1,2
1973-12-31,0.84,45.4,2
1974-01-01,0.84,12.7,2
1974-01-02,0.84,40.6,2
1974-01-03,0.84,52.2,2
1974-01-04,0.84,57.3,2
1974-01-05,0.84,50.2,2
1974-01-06,0.84,48.5,2
1974-01-07,0.84,46.4,2
1974-01-08,0.84,48.0,2
1974-01-09,0.84,48.0,2
1974-01-10,0.84,48.0,2
1974-01-11,0.84,46.8,2
1974-01-12,0.84,40.0,2
1974-01-13,0.84,31.0,2
1974-01-14,0.84,40.6,2
1974-01-15,0.84,51.4,2
1974-01-16,0.84,41.1,2
1974-01-17,0.84,42.9,2
1974-01-18,0.84,20.0,2
1974-01-19,0.84,35.8,2
1974-01-20,0.84,20.0,2
1974-01-21,0.84,44.9,2
1974-01-22,0.84,43.5,2
1974-01-23,0.84,41.9,2
1974-01-24,0.84,40.2,2
1974-01-25,0.84,57.3,2
1974-01-26,0.84,57.6,2
1974-01-27,0.84,30.7,2
1974-01-28,0.84,59.5,2
1974-01-29,0.84,61.6,2
1974-01-30,0.84,57.4,2
1974-01-31,0.84,55.0,2
1974-02-01,0.84,43.6,2
1974-02-02,0.84,55.6,2
1974-02-03,0.84,41.6,2
1974-02-04,0.84,46.3,2
1974-02-05,0.84,45.3,2
1974-02-06,0.84,46.3,2
1974-02-07,0.84,52.1,2
1974-02-08,0.84,51.3,2
1974-02-09,0.84,54.7,2
1974-02-10,0.84,34.3,2
1974-02-11,0.84,41.6,2
1974-02-12,0.84,48.7,2
1974-02-13,0.84,51.7,2
1974-02-14,0.84,51.9,2
1974-02-15,0.84,51.6,2
1974-02-16,0.84,52.4,2
1974-02-17,0.84,48.0,2
1974-02-18,0.84,51.9,2
1974-02-19,0.84,52.7,2
1974-02-20,0.84,55.6,2
1974-02-21,0.84,44.2,2
1974-02-22,0.84,44.4,2
1974-02-23,0.84,42.8,2
1974-02-24,0.84,26.7,2
1974-02-25,0.84,41.4,2
1974-02-26,0.84,39.1,2
1974-02-27,0.84,39.9,2
1974-02-28,0.84,40.6,2
1974-03-01,0.84,56.5,2
1974-03-02,0.84,46.9,2
1974-03-03,0.84,55.1,2
1974-03-04,0.84,43.3,2
1974-03-05,0.84,52.7,2
1974-03-06,0.83,59.3,2
1974-03-07,0.84,53.6,2
1974-03-08,0.84,55.6,2
1974-03-09,0.84,49.4,2
1974-03-10,0.84,58.4,2
1974-03-11,0.84,43.3,2
1974-03-12,0.84,56.6,2
1974-03-13,0.84,58.4,2
1974-03-14,0.84,56.8,2
1974-03-15,0.84,56.9,2
1974-03-16,0.84,45.8,2
1974-03-17,0.84,9.8,2
1974-03-18,0.84,14.0,2
1974-03-19,0.84,14.0,2
1974-03-20,0.84,38.8,2
1974-03-21,0.84,51.0,2
1974-03-22,0.84,47.3,2
1974-03-23,0.84,44.9,2
1974-03-24,0.84,54.7,2
1974-03-25,0.84,53.2,2
1974-03-26,0.84,43.5,2
1974-03-27,0.84,44.2,2
1974-03-28,0.84,45.6,2
1974-03-29,0.84,44.1,2
1974-03-30,0.84,39.4,2
1974-03-31,0.84,26.3,2
1974-04-01,0.84,47.9,2
1974-04-02,0.84,44.1,2
1974-04-03,0.84,47.6,2
1974-04-04,0.84,53.5,2
1974-04-05,0.84,53.9,2
1974-04-06,0.84,15.6,2
1974-04-07,0.84,12.9,2
1974-04-08,0.84,17.5,2
1974-04-09,0.84,18.7,2
1974-04-10,0.84,14.8,2
1974-04-11,0.84,13.5,2
1974-04-12,0.84,13.5,2
1974-04-13,0.84,13.1,2
1974-04-14,0.84,11.8,2
1974-04-15,0.84,12.2,2
1974-04-16,0.84,10.2,2
1974-04-17,0.84,11.6,2
1974-04-18,0.84,11.1,2
1974-04-19,0.84,10.0,2
1974-04-20,0.84,12.4,2
1974-04-21,0.84,10.5,2
1974-04-22,0.84,29.6,2
1974-04-23,0.84,12.3,2
1974-04-24,0.84,11.3,2
1974-04-25,0.84,7.5,2
1974-04-26,0.84,8.1,2
1974-04-27,0.84,6.7,2
1974-04-28,0.84,10.2,2
1974-04-29,0.84,6.6,2
1974-04-30,0.84,5.4,2
1974-05-01,0.84,8.3,2
1974-05-02,0.84,8.1,2
1974-05-03,0.84,12.0,2
1974-05-04,0.84,16.2,2
1974-05-05,0.84,14.9,2
1974-05-06,0.84,12.7,2
1974-05-07,0.84,13.4,2
1974-05-08,0.84,10.2,2
1974-05-09,0.84,9.5,2
1974-05-10,0.84,9.8,2
1974-05-11,0.84,9.5,2
1974-05-12,0.84,9.6,2
1974-05-13,0.84,40.5,2
1974-05-14,0.84,28.4,2
1974-05-15,0.84,24.2,2
1974-05-16,0.84,34.0,2
1974-05-17,0.84,32.4,2
1974-05-18,0.84,30.9,2
1974-05-19,0.84,12.0,2
1974-05-20,0.84,28.1,2
1974-05-21,0.84,29.2,2
1974-05-22,0.84,32.2,2
1974-05-23,0.84,44.2,2
1974-05-24,0.84,52.3,2
1974-05-25,0.84,29.3,2
1974-05-26,0.84,10.9,2
1974-05-27,0.84,26.4,2
1974-05-28,0.84,25.9,2
1974-05-29,0.84,21.1,2
1974-05-30,0.84,8.4,2
1974-05-31,0.84,8.1,2
1974-06-01,0.84,8.1,2
1974-06-02,0.84,13.1,2
1974-06-03,0.84,33.1,2
1974-06-04,0.84,31.6,2
1974-06-05,0.84,13.7,2
1974-06-06,0.84,12.5,2
1974-06-07,0.84,31.9,2
1974-06-08,0.84,32.8,2
1974-06-09,0.84,39.7,2
1974-06-10,0.84,63.0,2
1974-06-11,0.84,58.4,2
1974-06-12,0.84,62.7,2
1974-06-13,0.84,16.4,2
1974-06-14,0.84,62.6,2
1974-06-15,0.84,52.8,2
1974-06-16,0.84,28.2,2
1974-06-17,0.84,39.2,2
1974-06-18,0.84,18.4,2
1974-06-19,0.84,36.3,2
1974-06-20,0.84,26.3,2
1974-06-21,0.84,26.9,2
1974-06-22,0.84,8.1,2
1974-06-23,0.84,8.1,2
1974-06-24,0.84,8.1,2
1974-06-25,0.84,6.0,2
1974-06-26,0.84,19.4,2
1974-06-27,0.84,14.5,2
1974-06-28,0.84,31.4,2
1974-06-29,0.84,34.0,2
1974-06-30,0.84,23.8,2
1974-07-01,0.84,35.8,2
1974-07-02,0.84,38.2,2
1974-07-03,0.84,45.8,2
1974-07-04,0.84,24.4,2
1974-07-05,0.84,32.8,2
1974-07-06,0.84,16.8,2
1974-07-07,0.84,20.8,2
1974-07-08,0.84,57.9,2
1974-07-09,0.84,61.7,2
1974-07-10,0.84,53.8,2
1974-07-11,0.84,30.3,2
1974-07-12,0.84,42.4,2
1974-07-13,0.84,52.5,2
1974-07-14,0.84,25.7,2
1974-07-15,0.84,49.1,2
1974-07-16,0.84,44.6,2
1974-07-17,0.84,52.3,2
1974-07-18,0.84,25.5,2
1974-07-19,0.84,48.2,2
1974-07-20,0.84,57.6,2
1974-07-21,0.84,28.2,2
1974-07-22,0.84,60.1,2
1974-07-23,0.84,58.8,2
1974-07-24,0.84,63.1,2
1974-07-25,0.84,47.1,2
1974-07-26,0.84,53.6,2
1974-07-27,0.84,51.5,2
1974-07-28,0.84,14.8,2
1974-07-29,0.84,48.6,2
1974-07-30,0.84,41.9,2
1974-07-31,0.84,41.8,2
1974-08-01,0.84,46.9,2
1974-08-02,0.84,51.3,2
1974-08-03,0.84,41.3,2
1974-08-04,0.84,20.4,2
1974-08-05,0.84,41.6,2
1974-08-06,0.84,44.6,2
1974-08-07,0.84,23.5,2
1974-08-08,0.84,21.8,2
1974-08-09,0.84,18.5,2
1974-08-10,0.84,33.7,2
1974-08-11,0.84,25.6,2
1974-08-12,0.84,50.1,2
1974-08-13,0.84,51.3,2
1974-08-14,0.84,56.0,2
1974-08-15,0.84,28.2,2
1974-08-16,0.84,44.6,2
1974-08-17,0.84,43.2,2
1974-08-18,0.84,37.5,2
1974-08-19,0.84,41.8,2
1974-08-20,0.84,43.2,2
1974-08-21,0.84,35.5,2
1974-08-22,0.84,26.4,2
1974-08-23,0.84,21.5,2
1974-08-24,0.84,20.8,2
1974-08-25,0.84,10.5,2
1974-08-26,0.84,18.6,2
1974-08-27,0.84,18.2,2
1974-08-28,0.84,20.7,2
1974-08-29,0.84,18.6,2
1974-08-30,0.84,12.4,2
1974-08-31,0.78,6.5,2
1974-09-01,0.84,5.4,2
1974-09-02,0.84,39.1,2
1974-09-03,0.84,53.4,2
1974-09-04,0.84,54.3,2
1974-09-05,0.84,52.2,2
1974-09-06,0.84,56.5,2
1974-09-07,0.84,52.3,2
1974-09-08,0.84,29.9,2
1974-09-09,0.84,35.3,2
1974-09-10,0.84,52.5,2
1974-09-11,0.84,42.5,2
1974-09-12,0.84,54.4,2
1974-09-13,0.84,55.1,2
1974-09-14,0.84,56.7,2
1974-09-15,0.84,68.9,2
1974-09-16,0.84,52.3,2
1974-09-17,0.84,55.0,2
1974-09-18,0.84,56.2,2
1974-09-19,0.84,58.9,2
1974-09-20,0.84,58.2,2
1974-09-21,0.84,29.9,2
1974-09-22,0.84,35.2,2
1974-09-23,0.84,67.8,2
1974-09-24,0.84,61.9,2
1974-09-25,0.84,62.7,2
1974-09-26,0.84,61.2,2
1974-09-27,0.84,55.2,2
1974-09-28,0.84,36.3,2
1974-09-29,0.84,43.4,2
1974-09-30,0.84,11.1,2
1974-10-01,0.6,19.9,2
1974-10-02,0.0,6.9,2
1974-10-03,0.0,3.6,2
1974-10-04,0.0,3.1,2
1974-10-05,0.0,2.2,2
1974-10-06,0.0,2.2,2
1974-10-07,0.0,2.2,2
1974-10-08,0.0,1.7,2
1974-10-09,0.0,2.3,2
1974-10-10,0.0,3.1,2
1974-10-11,0.0,1.9,2
1974-10-12,0.0,3.1,2
1974-10-13,0.0,3.1,2
1974-10-14,0.0,3.1,2
1974-10-15,0.0,3.1,2
1974-10-16,0.06,2.4,2
1974-10-17,0.06,7.2,2
1974-10-18,0.06,3.1,2
1974-10-19,0.84,11.0,2
1974-10-20,0.84,3.1,2
1974-10-21,0.84,3.1,2
1974-10-22,0.84,3.1,2
1974-10-23,0.84,5.2,2
1974-10-24,0.84,3.7,2
1974-10-25,0.84,3.1,2
1974-10-26,0.84,3.1,2
1974-10-27,0.84,4.3,2
1974-10-28,0.84,16.1,2
1974-10-29,0.84,3.7,2
1974-10-30,0.84,3.7,2
1974-10-31,0.84,6.2,2
1974-11-01,0.84,3.7,2
1974-11-02,0.84,2.7,2
1974-11-03,0.8,3.1,2
1974-11-04,0.84,2.8,2
1974-11-05,0.84,2.8,2
1974-11-06,0.84,2.8,2
1974-11-07,0.84,3.1,2
1974-11-08,0.84,3.1,2
1974-11-09,0.84,2.9,2
1974-11-10,0.84,3.1,2
1974-11-11,0.84,3.1,2
1974-11-12,0.84,3.1,2
1974-11-13,0.84,3.7,2
1974-11-14,0.84,13.3,2
1974-11-15,0.84,8.6,2
1974-11-16,0.84,6.7,2
1974-11-17,0.84,12.2,2
1974-11-18,0.84,8.0,2
1974-11-19,0.84,5.8,2
1974-11-20,0.84,4.5,2
1974-11-21,0.84,10.1,2
1974-11-22,0.84,7.1,2
1974-11-23,0.84,7.2,2
1974-11-24,0.77,16.0,2
1974-11-25,0.84,14.5,2
1974-11-26,0.84,20.9,2
1974-11-27,0.84,14.0,2
1974-11-28,0.84,10.6,2
1974-11-29,0.84,13.8,2
1974-11-30,0.84,17.2,2
1974-12-01,0.84,39.6,2
1974-12-02,0.84,57.1,2
1974-12-03,0.84,45.1,2
1974-12-04,0.84,53.7,2
1974-12-05,0.84,49.9,2
1974-12-06,0.84,50.7,2
1974-12-07,0.84,46.2,2
1974-12-08,0.84,55.9,2
1974-12-09,0.84,54.6,2
1974-12-10,0.84,48.1,2
1974-12-11,0.84,56.5,2
1974-12-12,0.84,43.7,2
1974-12-13,0.84,43.5,2
1974-12-14,0.84,26.3,2
1974-12-15,0.84,4.2,2
1974-12-16,0.84,38.4,2
1974-12-17,0.84,49.1,2
1974-12-18,0.84,42.6,2
1974-12-19,0.84,47.6,2
1974-12-20,0.84,29.3,2
1974-12-21,0.84,33.4,2
1974-12-22,0.84,19.3,2
1974-12-23,0.84,48.1,2
1974-12-24,0.84,39.4,2
1974-12-25,0.84,4.6,2
1974-12-26,0.84,37.3,2
1974-12-27,0.84,37.2,2
1974-12-28,0.84,44.6,2
1974-12-29,0.84,5.2,2
1974-12-30,0.84,29.4,2
1974-12-31,0.84,26.3,2
1975-01-01,0.84,4.9,2
1975-01-02,0.84,31.5,2
1975-01-03,0.84,29.9,2
1975-01-04,0.84,26.7,2
1975-01-05,0.84,7.2,2
1975-01-06,0.84,35.0,2
1975-01-07,0.84,33.7,2
1975-01-08,0.84,28.1,2
1975-01-09,0.84,15.3,2
1975-01-10,0.84,6.2,2
1975-01-11,0.84,6.6,2
1975-01-12,0.84,4.6,2
1975-01-13,0.84,13.1,2
1975-01-14,0.84,4.9,2
1975-01-15,0.75,9.3,2
1975-01-16,0.46,9.4,2
1975-01-17,0.84,3.4,2
1975-01-18,0.84,39.8,2
1975-01-19,0.84,25.8,2
1975-01-20,0.75,16.7,2
1975-01-21,0.56,19.2,2
1975-01-22,0.84,8.8,2
1975-01-23,0.84,10.6,2
1975-01-24,0.84,12.2,2
1975-01-25,0.84,18.6,2
1975-01-26,0.84,12.8,2
1975-01-27,0.84,23.1,2
1975-01-28,0.84,16.8,2
1975-01-29,0.84,19.4,2
1975-01-30,0.84,17.8,2
1975-01-31,0.84,18.3,2
1975-02-01,0.84,14.2,2
1975-02-02,0.84,15.0,2
1975-02-03,0.84,13.9,2
1975-02-04,0.84,9.8,2
1975-02-05,0.84,11.6,2
1975-02-06,0.84,8.6,2
1975-02-07,0.84,10.8,2
1975-02-08,0.84,11.0,2
1975-02-09,0.84,12.5,2
1975-02-10,0.84,14.0,2
1975-02-11,0.84,11.3,2
1975-02-12,0.84,14.8,2
1975-02-13,0.84,14.1,2
1975-02-14,0.84,15.5,2
1975-02-15,0.84,19.3,2
1975-02-16,0.84,15.5,2
1975-02-17,0.84,14.8,2
1975-02-18,0.84,15.5,2
1975-02-19,0.84,15.7,2
1975-02-20,0.84,15.0,2
1975-02-21,0.84,15.6,2
1975-02-22,0.84,17.1,2
1975-02-23,0.84,13.5,2
1975-02-24,0.84,12.7,2
1975-02-25,0.84,14.4,2
1975-02-26,0.84,12.7,2
1975-02-27,0.84,10.9,2
1975-02-28,0.84,10.4,2
1975-03-01,0.84,21.5,2
1975-03-02,0.84,10.4,2
1975-03-03,0.84,12.3,2
1975-03-04,0.84,14.6,2
1975-03-05,0.84,15.0,2
1975-03-06,0.84,13.3,2
1975-03-07,0.84,18.3,2
1975-03-08,0.84,30.6,2
1975-03-09,0.84,44.3,2
1975-03-10,0.84,32.5,2
1975-03-11,0.84,32.1,2
1975-03-12,0.84,31.8,2
1975-03-13,0.84,26.9,2
1975-03-14,0.84,24.3,2
1975-03-15,0.84,23.7,2
1975-03-16,0.84,18.7,2
1975-03-17,0.84,22.0,2
1975-03-18,0.84,25.6,2
1975-03-19,0.84,26.0,2
1975-03-20,0.84,25.6,2
1975-03-21,0.84,22.0,2
1975-03-22,0.84,20.4,2
1975-03-23,0.84,18.4,2
1975-03-24,0.84,19.9,2
1975-03-25,0.84,18.2,2
1975-03-26,0.84,15.5,2
1975-03-27,0.84,14.5,2
1975-03-28,0.84,16.2,2
1975-03-29,0.84,16.3,2
1975-03-30,0.84,14.7,2
1975-03-31,0.84,13.3,2
1975-04-01,0.84,14.5,2
1975-04-02,0.84,11.0,2
1975-04-03,0.84,12.8,2
1975-04-04,0.84,14.7,2
1975-04-05,0.84,13.3,2
1975-04-06,0.84,11.6,2
1975-04-07,0.84,12.4,2
1975-04-08,0.84,25.8,2
1975-04-09,0.84,11.1,2
1975-04-10,0.84,6.9,2
1975-04-11,0.84,39.7,2
1975-04-12,0.84,7.4,2
1975-04-13,0.84,6.7,2
1975-04-14,0.84,7.8,2
1975-04-15,0.84,10.2,2
1975-04-16,0.84,10.6,2
1975-04-17,0.84,7.9,2
1975-04-18,0.84,9.7,2
1975-04-19,0.84,10.9,2
1975-04-20,0.84,9.1,2
1975-04-21,0.84,7.2,2
1975-04-22,0.84,9.3,2
1975-04-23,0.84,8.4,2
1975-04-24,0.84,5.8,2
1975-04-25,0.84,6.7,2
1975-04-26,0.84,9.4,2
1975-04-27,0.84,7.9,2
1975-04-28,0.84,6.5,2
1975-04-29,0.84,7.4,2
1975-04-30,0.84,8.6,2
1975-05-01,0.84,7.1,2
1975-05-02,0.84,9.0,2
1975-05-03,0.81,6.7,2
1975-05-04,0.84,5.2,2
1975-05-05,0.84,5.9,2
1975-05-06,0.84,6.7,2
1975-05-07,0.84,10.5,2
1975-05-08,0.84,5.9,2
1975-05-09,0.84,33.6,2
1975-05-10,0.84,35.8,2
1975-05-11,0.83,6.8,2
1975-05-12,0.84,18.7,2
1975-05-13,0.84,17.5,2
1975-05-14,0.84,19.2,2
1975-05-15,0.84,21.8,2
1975-05-16,0.84,23.0,2
1975-05-17,0.82,7.8,2
1975-05-18,0.83,5.9,2
1975-05-19,0.84,6.1,2
1975-05-20,0.82,4.5,2
1975-05-21,0.83,5.0,2
1975-05-22,0.84,6.8,2
1975-05-23,0.84,5.8,2
1975-05-24,0.83,5.3,2
1975-05-25,0.82,5.8,2
1975-05-26,0.83,6.1,2
1975-05-27,0.82,5.3,2
1975-05-28,0.84,5.7,2
1975-05-29,0.84,3.9,2
1975-05-30,0.83,3.0,2
1975-05-31,0.82,5.2,2
1975-06-01,0.83,17.1,2
1975-06-02,0.83,4.1,2
1975-06-03,0.83,19.3,2
1975-06-04,0.84,14.8,2
1975-06-05,0.84,23.6,2
1975-06-06,0.82,14.1,2
1975-06-07,0.84,7.5,2
1975-06-08,0.83,6.9,2
1975-06-09,0.84,8.1,2
1975-06-10,0.83,10.0,2
1975-06-11,0.83,11.5,2
1975-06-12,0.84,18.7,2
1975-06-13,0.81,26.5,2
1975-06-14,0.82,23.4,2
1975-06-15,0.83,31.6,2
1975-06-16,0.83,15.6,2
1975-06-17,0.81,8.0,2
1975-06-18,0.84,9.6,2
1975-06-19,0.84,16.8,2
1975-06-20,0.84,16.0,2
1975-06-21,0.84,22.5,2
1975-06-22,0.81,8.3,2
1975-06-23,0.81,13.2,2
1975-06-24,0.83,22.5,2
1975-06-25,0.83,18.7,2
1975-06-26,0.82,20.5,2
1975-06-27,0.82,20.1,2
1975-06-28,0.82,16.7,2
1975-06-29,0.82,8.9,2
1975-06-30,0.82,16.9,2
1975-07-01,0.83,21.1,2
1975-07-02,0.84,32.5,2
1975-07-03,0.84,36.1,2
1975-07-04,0.84,36.7,2
1975-07-05,0.84,32.9,2
1975-07-06,0.84,10.8,2
1975-07-07,0.84,39.6,2
1975-07-08,0.84,43.4,2
1975-07-09,0.84,41.1,2
1975-07-10,0.84,42.2,2
1975-07-11,0.84,42.8,2
1975-07-12,0.84,42.4,2
1975-07-13,0.84,5.0,2
1975-07-14,0.84,45.0,2
1975-07-15,0.84,43.1,2
1975-07-16,0.84,42.8,2
1975-07-17,0.84,44.3,2
1975-07-18,0.84,8.9,2
1975-07-19,0.84,43.5,2
1975-07-20,0.82,14.1,2
1975-07-21,0.84,44.2,2
1975-07-22,0.82,25.7,2
1975-07-23,0.84,32.5,2
1975-07-24,0.84,42.1,2
1975-07-25,0.82,7.1,2
1975-07-26,0.84,43.5,2
1975-07-27,0.84,8.8,2
1975-07-28,0.84,49.7,2
1975-07-29,0.84,52.8,2
1975-07-30,0.84,42.8,2
1975-07-31,0.84,27.1,2
1975-08-01,0.84,25.5,2
1975-08-02,0.84,41.6,2
1975-08-03,0.82,7.2,2
1975-08-04,0.81,8.6,2
1975-08-05,0.84,13.8,2
1975-08-06,0.84,19.4,2
1975-08-07,0.84,23.1,2
1975-08-08,0.84,23.7,2
1975-08-09,0.83,16.1,2
1975-08-10,0.83,5.8,2
1975-08-11,0.84,41.3,2
1975-08-12,0.84,44.3,2
1975-08-13,0.84,43.2,2
1975-08-14,0.84,43.5,2
1975-08-15,0.84,22.1,2
1975-08-16,0.84,48.4,2
1975-08-17,0.81,5.7,2
1975-08-18,0.81,43.3,2
1975-08-19,0.84,28.6,2
1975-08-20,0.82,5.8,2
1975-08-21,0.64,11.8,2
1975-08-22,0.84,7.1,2
1975-08-23,0.82,5.2,2
1975-08-24,0.81,0.1,2
1975-08-25,0.84,51.7,2
1975-08-26,0.84,33.6,2
1975-08-27,0.84,41.3,2
1975-08-28,0.84,32.9,2
1975-08-29,0.84,36.9,2
1975-08-30,0.84,34.3,2
1975-08-31,0.81,5.0,2
1975-09-01,0.84,44.3,2
1975-09-02,0.84,41.8,2
1975-09-03,0.84,42.2,2
1975-09-04,0.84,41.8,2
1975-09-05,0.84,41.0,2
1975-09-06,0.84,40.6,2
1975-09-07,0.84,3.1,2
1975-09-08,0.84,47.0,2
1975-09-09,0.84,49.9,2
1975-09-10,0.84,57.3,2
1975-09-11,0.84,46.9,2
1975-09-12,0.84,56.1,2
1975-09-13,0.84,56.0,2
1975-09-14,0.84,41.4,2
1975-09-15,0.84,59.0,2
1975-09-16,0.84,57.3,2
1975-09-17,0.84,55.8,2
1975-09-18,0.84,53.9,2
1975-09-19,0.84,4.6,2
1975-09-20,0.84,17.0,2
1975-09-21,0.84,20.6,2
1975-09-22,0.84,31.9,2
1975-09-23,0.84,36.3,2
1975-09-24,0.84,35.9,2
1975-09-25,0.84,49.4,2
1975-09-26,0.84,40.4,2
1975-09-27,0.84,55.9,2
1975-09-28,0.84,32.1,2
1975-09-29,0.84,32.8,2
1975-09-30,0.84,43.6,2
1975-10-01,0.84,32.8,2
1975-10-02,0.84,42.7,2
1975-10-03,0.84,38.0,2
1975-10-04,0.84,31.7,2
1975-10-05,0.84,5.7,2
1975-10-06,0.84,38.1,2
1975-10-07,0.84,38.5,2
1975-10-08,0.84,40.6,2
1975-10-09,0.84,39.8,2
1975-10-10,0.84,40.0,2
1975-10-11,0.84,39.6,2
1975-10-12,0.84,4.7,2
1975-10-13,0.84,35.9,2
1975-10-14,0.84,41.9,2
1975-10-15,0.84,34.4,2
1975-10-16,0.84,13.7,2
1975-10-17,0.84,3.4,2
1975-10-18,0.45,5.7,2
1975-10-19,0.0,5.2,2
1975-10-20,0.0,0.0,2
1975-10-21,0.0,0.0,2
1975-10-22,0.0,0.0,2
1975-10-23,0.0,0.0,2
1975-10-24,0.0,0.0,2
1975-10-25,0.0,0.0,2
1975-10-26,0.0,0.0,2
1975-10-27,0.0,0.0,2
1975-10-28,0.0,0.0,2
1975-10-29,0.0,0.0,2
1975-10-30,0.0,0.0,2
1975-10-31,0.0,0.0,2
1975-11-01,0.0,0.0,2
1975-11-02,0.0,0.0,2
1975-11-03,0.0,0.0,2
1975-11-04,0.0,0.0,2
1975-11-05,0.0,0.0,2
1975-11-06,0.0,0.0,2
1975-11-07,0.0,0.0,2
1975-11-08,0.0,0.0,2
1975-11-09,0.0,0.0,2
1975-11-10,0.84,0.0,2
1975-11-11,0.84,38.2,2
1975-11-12,0.84,54.7,2
1975-11-13,0.84,50.8,2
1975-11-14,0.84,51.5,2
1975-11-15,0.84,44.9,2
1975-11-16,0.84,48.1,2
1975-11-17,0.84,54.2,2
1975-11-18,0.84,55.7,2
1975-11-19,0.84,56.7,2
1975-11-20,0.84,58.2,2
1975-11-21,0.84,54.3,2
1975-11-22,0.84,57.5,2
1975-11-23,0.84,56.7,2
1975-11-24,0.84,36.1,2
1975-11-25,0.84,55.4,2
1975-11-26,0.84,56.0,2
1975-11-27,0.84,55.9,2
1975-11-28,0.84,54.9,2
1975-11-29,0.84,57.8,2
1975-11-30,0.84,54.5,2
1975-12-01,0.84,58.7,2
1975-12-02,0.84,32.4,2
1975-12-03,0.84,36.1,2
1975-12-04,0.84,18.3,2
1975-12-05,0.84,35.3,2
1975-12-06,0.84,22.5,2
1975-12-07,0.84,15.5,2
1975-12-08,0.84,8.2,2
1975-12-09,0.84,42.0,2
1975-12-10,0.84,54.6,2
1975-12-11,0.84,53.5,2
1975-12-12,0.84,51.9,2
1975-12-13,0.84,50.9,2
1975-12-14,0.84,52.3,2
1975-12-15,0.84,51.5,2
1975-12-16,0.84,54.7,2
1975-12-17,0.84,56.1,2
1975-12-18,0.84,54.9,2
1975-12-19,0.84,54.2,2
1975-12-20,0.84,55.3,2
1975-12-21,0.84,53.5,2
1975-12-22,0.84,55.0,2
1975-12-23,0.84,54.9,2
1975-12-24,0.84,56.7,2
1975-12-25,0.84,4.9,2
1975-12-26,0.84,36.5,2
1975-12-27,0.84,38.0,2
1975-12-28,0.84,33.2,2
1975-12-29,0.84,41.2,2
1975-12-30,0.84,39.4,2
1975-12-31,0.84,38.9,2
1976-01-01,0.84,4.3,2
1976-01-02,0.84,20.1,2
1976-01-03,0.84,3.6,2
1976-01-04,0.84,3.1,2
1976-01-05,0.84,14.4,2
1976-01-06,0.84,3.5,2
1976-01-07,0.84,3.9,2
1976-01-08,0.84,4.5,2
1976-01-09,0.84,2.8,2
1976-01-10,0.84,2.9,2
1976-01-11,0.84,3.2,2
1976-01-12,0.84,3.9,2
1976-01-13,0.84,2.9,2
1976-01-14,0.84,2.9,2
1976-01-15,0.84,2.5,2
1976-01-16,0.84,5.6,2
1976-01-17,0.84,4.3,2
1976-01-18,0.84,3.0,2
1976-01-19,0.84,3.5,2
1976-01-20,0.84,3.5,2
1976-01-21,0.84,2.3,2
1976-01-22,0.84,2.9,2
1976-01-23,0.84,3.5,2
1976-01-24,0.84,2.8,2
1976-01-25,0.84,2.2,2
1976-01-26,0.84,2.7,2
1976-01-27,0.84,6.2,2
1976-01-28,0.84,2.0,2
1976-01-29,0.84,3.8,2
1976-01-30,0.84,5.1,2
1976-01-31,0.84,4.7,2
1976-02-01,0.84,7.8,2
1976-02-02,0.84,5.7,2
1976-02-03,0.84,9.0,2
1976-02-04,0.84,9.4,2
1976-02-05,0.84,8.8,2
1976-02-06,0.84,9.1,2
1976-02-07,0.84,9.8,2
1976-02-08,0.84,8.7,2
1976-02-09,0.84,9.5,2
1976-02-10,0.84,9.1,2
1976-02-11,0.84,11.0,2
1976-02-12,0.84,13.3,2
1976-02-13,0.84,12.5,2
1976-02-14,0.84,14.7,2
1976-02-15,0.84,12.7,2
1976-02-16,0.84,8.7,2
1976-02-17,0.84,9.8,2
1976-02-18,0.84,9.4,2
1976-02-19,0.84,12.5,2
1976-02-20,0.84,11.6,2
1976-02-21,0.84,9.4,2
1976-02-22,0.84,8.9,2
1976-02-23,0.84,10.6,2
1976-02-24,0.84,11.3,2
1976-02-25,0.84,11.0,2
1976-02-26,0.84,11.8,2
1976-02-27,0.84,10.4,2
1976-02-28,0.84,9.3,2
1976-02-29,0.84,8.8,2
1976-03-01,0.84,10.4,2
1976-03-02,0.84,8.8,2
1976-03-03,0.84,8.9,2
1976-03-04,0.84,8.7,2
1976-03-05,0.73,10.0,2
1976-03-06,0.72,8.8,2
1976-03-07,0.72,8.7,2
1976-03-08,0.72,9.0,2
1976-03-09,0.72,8.3,2
1976-03-10,0.72,7.6,2
1976-03-11,0.72,8.0,2
1976-03-12,0.72,6.7,2
1976-03-13,0.72,7.3,2
1976-03-14,0.72,8.7,2
1976-03-15,0.72,8.7,2
1976-03-16,0.72,8.4,2
1976-03-17,0.72,9.1,2
1976-03-18,0.72,9.8,2
1976-03-19,0.72,8.4,2
1976-03-20,0.72,8.3,2
1976-03-21,0.72,9.3,2
1976-03-22,0.72,9.8,2
1976-03-23,0.72,10.4,2
1976-03-24,0.84,8.4,2
1976-03-25,0.24,16.2,2
1976-03-26,0.8,3.7,2
1976-03-27,0.84,1.6,2
1976-03-28,0.84,18.2,2
1976-03-29,0.84,6.6,2
1976-03-30,0.84,7.5,2
1976-03-31,0.84,8.4,2
1976-04-01,0.84,6.9,2
1976-04-02,0.84,8.1,2
1976-04-03,0.84,9.4,2
1976-04-04,0.84,11.2,2
1976-04-05,0.84,12.5,2
1976-04-06,0.84,10.8,2
1976-04-07,0.84,9.8,2
1976-04-08,0.84,6.7,2
1976-04-09,0.84,9.8,2
1976-04-10,0.84,9.4,2
1976-04-11,0.84,7.4,2
1976-04-12,0.84,25.7,2
1976-04-13,0.84,25.3,2
1976-04-14,0.84,24.3,2
1976-04-15,0.84,23.0,2
1976-04-16,0.84,9.0,2
1976-04-17,0.84,7.5,2
1976-04-18,0.84,6.5,2
1976-04-19,0.84,7.2,2
1976-04-20,0.84,7.2,2
1976-04-21,0.84,6.8,2
1976-04-22,0.84,6.2,2
1976-04-23,0.84,9.8,2
1976-04-24,0.84,7.8,2
1976-04-25,0.84,7.9,2
1976-04-26,0.84,18.5,2
1976-04-27,0.84,5.2,2
1976-04-28,0.84,18.2,2
1976-04-29,0.84,19.9,2
1976-04-30,0.84,17.4,2
1976-05-01,0.84,5.8,2
1976-05-02,0.84,5.8,2
1976-05-03,0.84,5.1,2
1976-05-04,0.84,5.2,2
1976-05-05,0.84,6.8,2
1976-05-06,0.84,7.2,2
1976-05-07,0.84,7.2,2
1976-05-08,0.75,7.3,2
1976-05-09,0.69,7.9,2
1976-05-10,0.68,8.1,2
1976-05-11,0.68,7.8,2
1976-05-12,0.67,7.1,2
1976-05-13,0.81,8.4,2
1976-05-14,0.79,7.8,2
1976-05-15,0.67,7.8,2
1976-05-16,0.56,7.6,2
1976-05-17,0.79,9.1,2
1976-05-18,0.79,7.8,2
1976-05-19,0.81,8.4,2
1976-05-20,0.79,8.2,2
1976-05-21,0.79,8.1,2
1976-05-22,0.77,7.8,2
1976-05-23,0.78,8.1,2
1976-05-24,0.7,7.9,2
1976-05-25,0.78,8.3,2
1976-05-26,0.73,8.1,2
1976-05-27,0.73,7.9,2
1976-05-28,0.84,41.9,2
1976-05-29,0.84,37.3,2
1976-05-30,0.84,7.2,2
1976-05-31,0.84,35.8,2
1976-06-01,0.84,45.4,2
1976-06-02,0.84,32.3,2
1976-06-03,0.84,30.1,2
1976-06-04,0.84,35.9,2
1976-06-05,0.84,33.3,2
1976-06-06,0.75,10.3,2
1976-06-07,0.84,33.8,2
1976-06-08,0.84,35.0,2
1976-06-09,0.84,37.4,2
1976-06-10,0.84,36.1,2
1976-06-11,0.84,37.4,2
1976-06-12,0.76,35.4,2
1976-06-13,0.74,7.9,2
1976-06-14,0.84,40.3,2
1976-06-15,0.84,42.4,2
1976-06-16,0.84,42.4,2
1976-06-17,0.8,10.8,2
1976-06-18,0.84,38.5,2
1976-06-19,0.84,42.7,2
1976-06-20,0.84,6.2,2
1976-06-21,0.84,34.5,2
1976-06-22,0.84,31.5,2
1976-06-23,0.84,40.6,2
1976-06-24,0.84,44.7,2
1976-06-25,0.84,40.0,2
1976-06-26,0.84,45.8,2
1976-06-27,0.84,6.7,2
1976-06-28,0.84,22.5,2
1976-06-29,0.8,7.3,2
1976-06-30,0.84,22.9,2
1976-07-01,0.84,16.2,2
1976-07-02,0.84,22.3,2
1976-07-03,0.84,23.1,2
1976-07-04,0.67,8.6,2
1976-07-05,0.84,26.2,2
1976-07-06,0.84,25.3,2
1976-07-07,0.84,25.0,2
1976-07-08,0.84,23.7,2
1976-07-09,0.84,23.5,2
1976-07-10,0.84,39.9,2
1976-07-11,0.8,5.3,2
1976-07-12,0.84,27.7,2
1976-07-13,0.84,29.4,2
1976-07-14,0.84,29.3,2
1976-07-15,0.84,23.5,2
1976-07-16,0.84,24.0,2
1976-07-17,0.84,23.3,2
1976-07-18,0.67,9.3,2
1976-07-19,0.84,42.5,2
1976-07-20,0.84,34.6,2
1976-07-21,0.84,35.4,2
1976-07-22,0.84,15.7,2
1976-07-23,0.84,18.9,2
1976-07-24,0.84,30.8,2
1976-07-25,0.74,7.6,2
1976-07-26,0.84,38.9,2
1976-07-27,0.84,32.6,2
1976-07-28,0.84,32.5,2
1976-07-29,0.84,31.5,2
1976-07-30,0.84,32.4,2
1976-07-31,0.84,32.2,2
1976-08-01,0.55,15.0,2
1976-08-02,0.84,32.1,2
1976-08-03,0.84,35.2,2
1976-08-04,0.84,30.7,2
1976-08-05,0.81,29.6,2
1976-08-06,0.84,31.7,2
1976-08-07,0.84,26.6,2
1976-08-08,0.71,7.9,2
1976-08-09,0.84,32.5,2
1976-08-10,0.84,31.1,2
1976-08-11,0.84,31.5,2
1976-08-12,0.84,32.4,2
1976-08-13,0.84,32.2,2
1976-08-14,0.84,32.4,2
1976-08-15,0.68,8.7,2
1976-08-16,0.84,27.4,2
1976-08-17,0.84,29.6,2
1976-08-18,0.84,23.5,2
1976-08-19,0.84,29.4,2
1976-08-20,0.84,33.1,2
1976-08-21,0.84,29.9,2
1976-08-22,0.84,4.5,2
1976-08-23,0.84,31.1,2
1976-08-24,0.84,31.0,2
1976-08-25,0.84,30.1,2
1976-08-26,0.84,29.5,2
1976-08-27,0.84,31.0,2
1976-08-28,0.84,31.9,2
1976-08-29,0.68,7.1,2
1976-08-30,0.84,31.9,2
1976-08-31,0.84,35.6,2
1976-09-01,0.84,39.2,2
1976-09-02,0.84,39.7,2
1976-09-03,0.84,40.7,2
1976-09-04,0.84,39.4,2
1976-09-05,0.84,5.6,2
1976-09-06,0.84,31.8,2
1976-09-07,0.84,33.1,2
1976-09-08,0.84,33.9,2
1976-09-09,0.84,31.9,2
1976-09-10,0.84,31.9,2
1976-09-11,0.84,24.9,2
1976-09-12,0.81,3.9,2
1976-09-13,0.84,31.8,2
1976-09-14,0.84,32.3,2
1976-09-15,0.84,26.5,2
1976-09-16,0.84,35.6,2
1976-09-17,0.84,33.9,2
1976-09-18,0.84,28.4,2
1976-09-19,0.75,3.4,2
1976-09-20,0.84,30.1,2
1976-09-21,0.84,38.8,2
1976-09-22,0.84,39.8,2
1976-09-23,0.84,41.3,2
1976-09-24,0.84,41.1,2
1976-09-25,0.84,43.5,2
1976-09-26,0.84,3.5,2
1976-09-27,0.84,38.0,2
1976-09-28,0.84,38.1,2
1976-09-29,0.84,39.0,2
1976-09-30,0.84,39.0,2
1976-10-01,0.64,6.9,2
1976-10-02,0.25,9.1,2
1976-10-03,0.29,2.4,2
1976-10-04,0.3,0.0,2
1976-10-05,0.26,0.5,2
1976-10-06,0.34,0.3,2
1976-10-07,0.3,0.5,2
1976-10-08,0.34,0.0,2
1976-10-09,0.34,0.0,2
1976-10-10,0.34,0.0,2
1976-10-11,0.35,0.0,2
1976-10-12,0.35,0.0,2
1976-10-13,0.35,0.0,2
1976-10-14,0.35,0.0,2
1976-10-15,0.35,0.0,2
1976-10-16,0.35,0.0,2
1976-10-17,0.35,0.0,2
1976-10-18,0.35,0.0,2
1976-10-19,0.35,0.0,2
1976-10-20,0.35,0.0,2
1976-10-21,0.35,0.0,2
1976-10-22,0.35,0.0,2
1976-10-23,0.35,0.0,2
1976-10-24,0.35,0.0,2
1976-10-25,0.35,0.0,2
1976-10-26,0.33,0.2,2
1976-10-27,0.84,21.3,2
1976-10-28,0.84,30.3,2
1976-10-29,0.84,43.9,2
1976-10-30,0.84,40.9,2
1976-10-31,0.84,11.7,2
1976-11-01,0.84,6.9,2
1976-11-02,0.84,38.3,2
1976-11-03,0.77,36.8,2
1976-11-04,0.7,52.7,2
1976-11-05,0.84,53.0,2
1976-11-06,0.84,57.6,2
1976-11-07,0.84,33.7,2
1976-11-08,0.84,39.9,2
1976-11-09,0.84,57.3,2
1976-11-10,0.73,54.6,2
1976-11-11,0.84,52.0,2
1976-11-12,0.84,44.8,2
1976-11-13,0.84,52.3,2
1976-11-14,0.84,51.4,2
1976-11-15,0.84,43.4,2
1976-11-16,0.84,48.3,2
1976-11-17,0.84,54.5,2
1976-11-18,0.84,50.2,2
1976-11-19,0.84,52.4,2
1976-11-20,0.84,54.7,2
1976-11-21,0.84,51.5,2
1976-11-22,0.84,52.9,2
1976-11-23,0.84,54.4,2
1976-11-24,0.84,55.0,2
1976-11-25,0.84,55.2,2
1976-11-26,0.84,53.0,2
1976-11-27,0.84,53.9,2
1976-11-28,0.84,50.9,2
1976-11-29,0.84,55.0,2
1976-11-30,0.84,56.4,2
1976-12-01,0.84,55.0,2
1976-12-02,0.84,55.8,2
1976-12-03,0.84,56.7,2
1976-12-04,0.84,51.5,2
1976-12-05,0.84,57.3,2
1976-12-06,0.84,60.6,2
1976-12-07,0.84,78.6,2
1976-12-08,0.84,67.7,2
1976-12-09,0.84,72.3,2
1976-12-10,0.84,71.3,2
1976-12-11,0.84,68.7,2
1976-12-12,0.84,60.0,2
1976-12-13,0.84,68.6,2
1976-12-14,0.84,62.5,2
1976-12-15,0.84,60.4,2
1976-12-16,0.84,56.0,2
1976-12-17,0.84,66.0,2
1976-12-18,0.84,57.8,2
1976-12-19,0.84,48.4,2
1976-12-20,0.84,95.7,2
1976-12-21,0.84,88.7,2
1976-12-22,0.84,88.0,2
1976-12-23,0.84,89.5,2
1976-12-24,0.84,90.2,2
1976-12-25,0.84,31.4,2
1976-12-26,0.84,44.8,2
1976-12-27,0.84,87.7,2
1976-12-28,0.84,88.5,2
1976-12-29,0.84,89.2,2
1976-12-30,0.84,91.0,2
1976-12-31,0.84,92.0,2
1977-01-01,0.84,44.3,2
1977-01-02,0.84,30.8,2
1977-01-03,0.84,82.9,2
1977-01-04,0.84,91.1,2
1977-01-05,0.84,84.3,2
1977-01-06,0.84,47.7,2
1977-01-07,0.84,86.3,2
1977-01-08,0.84,90.3,2
1977-01-09,0.84,51.7,2
1977-01-10,0.84,55.6,2
1977-01-11,0.84,55.4,2
1977-01-12,0.84,56.1,2
1977-01-13,0.84,58.1,2
1977-01-14,0.8,56.7,2
1977-01-15,0.79,53.2,2
1977-01-16,0.8,43.4,2
1977-01-17,0.84,55.0,2
1977-01-18,0.84,56.5,2
1977-01-19,0.84,52.4,2
1977-01-20,0.84,56.9,2
1977-01-21,0.84,52.9,2
1977-01-22,0.84,55.2,2
1977-01-23,0.84,52.1,2
1977-01-24,0.84,53.0,2
1977-01-25,0.82,55.6,2
1977-01-26,0.84,54.9,2
1977-01-27,0.79,54.7,2
1977-01-28,0.82,54.2,2
1977-01-29,0.83,50.3,2
1977-01-30,0.82,43.6,2
1977-01-31,0.78,51.3,2
1977-02-01,0.84,50.3,2
1977-02-02,0.84,54.1,2
1977-02-03,0.84,60.9,2
1977-02-04,0.84,64.1,2
1977-02-05,0.84,65.5,2
1977-02-06,0.82,53.7,2
1977-02-07,0.84,79.6,2
1977-02-08,0.84,83.4,2
1977-02-09,0.84,83.7,2
1977-02-10,0.84,100.5,2
1977-02-11,0.84,114.2,2
1977-02-12,0.84,108.7,2
1977-02-13,0.84,56.6,2
1977-02-14,0.84,133.9,2
1977-02-15,0.82,134.4,2
1977-02-16,0.84,135.5,2
1977-02-17,0.84,138.4,2
1977-02-18,0.84,135.5,2
1977-02-19,0.84,137.0,2
1977-02-20,0.84,125.3,2
1977-02-21,0.84,116.8,2
1977-02-22,0.84,134.8,2
1977-02-23,0.84,136.7,2
1977-02-24,0.82,138.5,2
1977-02-25,0.84,133.2,2
1977-02-26,0.84,132.5,2
1977-02-27,0.84,122.1,2
1977-02-28,0.84,115.9,2
1977-03-01,0.84,115.5,2
1977-03-02,0.84,112.4,2
1977-03-03,0.84,114.6,2
1977-03-04,0.84,112.5,2
1977-03-05,0.84,114.5,2
1977-03-06,0.84,60.8,2
1977-03-07,0.84,77.8,2
1977-03-08,0.84,80.1,2
1977-03-09,0.84,73.8,2
1977-03-10,0.84,73.4,2
1977-03-11,0.84,69.9,2
1977-03-12,0.84,64.9,2
1977-03-13,0.84,54.1,2
1977-03-14,0.84,56.9,2
1977-03-15,0.84,56.4,2
1977-03-16,0.84,58.1,2
1977-03-17,0.84,59.1,2
1977-03-18,0.84,58.1,2
1977-03-19,0.84,40.0,2
1977-03-20,0.84,45.9,2
1977-03-21,0.84,53.4,2
1977-03-22,0.84,54.4,2
1977-03-23,0.84,55.3,2
1977-03-24,0.71,47.3,2
1977-03-25,0.84,5.9,2
1977-03-26,0.84,24.2,2
1977-03-27,0.84,15.2,2
1977-03-28,0.84,35.2,2
1977-03-29,0.84,41.0,2
1977-03-30,0.84,54.9,2
1977-03-31,0.84,54.2,2
1977-04-01,0.84,43.2,2
1977-04-02,0.84,39.4,2
1977-04-03,0.84,52.7,2
1977-04-04,0.84,57.8,2
1977-04-05,0.84,49.0,2
1977-04-06,0.84,47.3,2
1977-04-07,0.84,19.8,2
1977-04-08,0.84,14.6,2
1977-04-09,0.84,4.6,2
1977-04-10,0.84,48.7,2
1977-04-11,0.84,40.5,2
1977-04-12,0.84,29.1,2
1977-04-13,0.84,29.3,2
1977-04-14,0.84,29.2,2
1977-04-15,0.84,20.1,2
1977-04-16,0.84,25.5,2
1977-04-17,0.84,12.7,2
1977-04-18,0.84,11.0,2
1977-04-19,0.84,12.2,2
1977-04-20,0.84,13.1,2
1977-04-21,0.84,11.8,2
1977-04-22,0.84,12.3,2
1977-04-23,0.84,11.9,2
1977-04-24,0.84,9.3,2
1977-04-25,0.84,8.7,2
1977-04-26,0.84,11.0,2
1977-04-27,0.84,10.1,2
1977-04-28,0.84,8.6,2
1977-04-29,0.84,10.0,2
1977-04-30,0.84,10.9,2
1977-05-01,0.84,9.5,2
1977-05-02,0.84,10.4,2
1977-05-03,0.84,14.7,2
1977-05-04,0.84,18.9,2
1977-05-05,0.84,16.9,2
1977-05-06,0.84,17.2,2
1977-05-07,0.84,16.1,2
1977-05-08,0.84,6.4,2
1977-05-09,0.84,6.7,2
1977-05-10,0.84,7.1,2
1977-05-11,0.84,11.3,2
1977-05-12,0.84,9.7,2
1977-05-13,0.84,6.1,2
1977-05-14,0.84,12.0,2
1977-05-15,0.84,6.7,2
1977-05-16,0.84,6.5,2
1977-05-17,0.84,10.9,2
1977-05-18,0.84,10.3,2
1977-05-19,0.84,13.5,2
1977-05-20,0.84,37.8,2
1977-05-21,0.84,57.5,2
1977-05-22,0.84,12.4,2
1977-05-23,0.84,45.1,2
1977-05-24,0.84,42.2,2
1977-05-25,0.84,31.9,2
1977-05-26,0.84,25.9,2
1977-05-27,0.84,18.1,2
1977-05-28,0.84,15.2,2
1977-05-29,0.84,11.8,2
1977-05-30,0.84,16.7,2
1977-05-31,0.84,20.7,2
1977-06-01,0.84,27.9,2
1977-06-02,0.84,47.7,2
1977-06-03,0.84,39.6,2
1977-06-04,0.84,31.4,2
1977-06-05,0.84,14.8,2
1977-06-06,0.84,44.1,2
1977-06-07,0.84,43.3,2
1977-06-08,0.84,43.5,2
1977-06-09,0.84,17.1,2
1977-06-10,0.84,39.9,2
1977-06-11,0.84,47.7,2
1977-06-12,0.84,15.6,2
1977-06-13,0.84,42.7,2
1977-06-14,0.84,44.6,2
1977-06-15,0.84,44.9,2
1977-06-16,0.84,42.7,2
1977-06-17,0.84,48.8,2
1977-06-18,0.84,44.3,2
1977-06-19,0.84,16.0,2
1977-06-20,0.84,53.2,2
1977-06-21,0.84,58.8,2
1977-06-22,0.84,58.8,2
1977-06-23,0.84,57.4,2
1977-06-24,0.84,59.1,2
1977-06-25,0.84,54.9,2
1977-06-26,0.84,20.7,2
1977-06-27,0.84,56.0,2
1977-06-28,0.84,62.4,2
1977-06-29,0.84,60.2,2
1977-06-30,0.84,61.0,2
1977-07-01,0.84,59.4,2
1977-07-02,0.84,60.0,2
1977-07-03,0.84,14.2,2
1977-07-04,0.84,38.1,2
1977-07-05,0.84,44.7,2
1977-07-06,0.84,47.5,2
1977-07-07,0.84,41.1,2
1977-07-08,0.84,40.3,2
1977-07-09,0.84,43.7,2
1977-07-10,0.84,53.4,2
1977-07-11,0.84,47.2,2
1977-07-12,0.84,56.4,2
1977-07-13,0.84,52.9,2
1977-07-14,0.84,40.9,2
1977-07-15,0.84,30.3,2
1977-07-16,0.84,33.0,2
1977-07-17,0.84,14.7,2
1977-07-18,0.84,17.2,2
1977-07-19,0.84,39.5,2
1977-07-20,0.84,38.2,2
1977-07-21,0.84,42.8,2
1977-07-22,0.84,42.8,2
1977-07-23,0.84,44.8,2
1977-07-24,0.84,27.0,2
1977-07-25,0.84,43.1,2
1977-07-26,0.84,40.7,2
1977-07-27,0.84,49.1,2
1977-07-28,0.84,51.3,2
1977-07-29,0.84,50.7,2
1977-07-30,0.84,45.8,2
1977-07-31,0.84,35.5,2
1977-08-01,0.84,50.2,2
1977-08-02,0.84,44.0,2
1977-08-03,0.84,44.9,2
1977-08-04,0.84,32.4,2
1977-08-05,0.84,44.3,2
1977-08-06,0.84,43.9,2
1977-08-07,0.84,8.4,2
1977-08-08,0.84,42.5,2
1977-08-09,0.84,40.6,2
1977-08-10,0.84,45.3,2
1977-08-11,0.84,53.0,2
1977-08-12,0.84,53.6,2
1977-08-13,0.84,59.0,2
1977-08-14,0.84,51.0,2
1977-08-15,0.84,51.2,2
1977-08-16,0.84,49.8,2
1977-08-17,0.84,55.6,2
1977-08-18,0.84,56.5,2
1977-08-19,0.84,52.5,2
1977-08-20,0.84,55.1,2
1977-08-21,0.84,54.5,2
1977-08-22,0.84,52.2,2
1977-08-23,0.84,52.4,2
1977-08-24,0.84,54.2,2
1977-08-25,0.84,54.5,2
1977-08-26,0.84,51.9,2
1977-08-27,0.84,52.5,2
1977-08-28,0.84,53.4,2
1977-08-29,0.84,51.6,2
1977-08-30,0.84,53.2,2
1977-08-31,0.84,52.7,2
1977-09-01,0.84,53.8,2
1977-09-02,0.84,49.9,2
1977-09-03,0.84,53.4,2
1977-09-04,0.84,47.3,2
1977-09-05,0.84,49.1,2
1977-09-06,0.84,48.1,2
1977-09-07,0.84,49.2,2
1977-09-08,0.84,47.3,2
1977-09-09,0.84,47.0,2
1977-09-10,0.84,49.2,2
1977-09-11,0.84,46.9,2
1977-09-12,0.84,49.7,2
1977-09-13,0.84,48.1,2
1977-09-14,0.84,45.9,2
1977-09-15,0.84,44.6,2
1977-09-16,0.84,43.1,2
1977-09-17,0.84,56.5,2
1977-09-18,0.84,47.1,2
1977-09-19,0.84,42.9,2
1977-09-20,0.84,43.7,2
1977-09-21,0.84,44.9,2
1977-09-22,0.84,45.4,2
1977-09-23,0.84,46.2,2
1977-09-24,0.84,46.5,2
1977-09-25,0.84,45.7,2
1977-09-26,0.84,46.6,2
1977-09-27,0.84,45.0,2
1977-09-28,0.84,45.6,2
1977-09-29,0.84,44.3,2
1977-09-30,0.84,24.0,2
1977-10-01,0.1,11.3,2
1977-10-02,0.04,8.7,2
1977-10-03,0.0,0.5,2
1977-10-04,0.0,0.0,2
1977-10-05,0.0,0.0,2
1977-10-06,0.15,2.9,2
1977-10-07,0.27,0.2,2
1977-10-08,0.69,9.6,2
1977-10-09,0.69,14.4,2
1977-10-10,0.84,4.6,2
1977-10-11,0.8,2.4,2
1977-10-12,0.77,4.2,2
1977-10-13,0.84,6.4,2
1977-10-14,0.84,5.6,2
1977-10-15,0.84,6.1,2
1977-10-16,0.84,42.4,2
1977-10-17,0.84,49.2,2
1977-10-18,0.84,46.2,2
1977-10-19,0.84,50.5,2
1977-10-20,0.84,52.4,2
1977-10-21,0.84,31.2,2
1977-10-22,0.84,33.4,2
1977-10-23,0.84,9.5,2
1977-10-24,0.84,42.5,2
1977-10-25,0.84,47.5,2
1977-10-26,0.84,47.8,2
1977-10-27,0.84,47.2,2
1977-10-28,0.84,45.5,2
1977-10-29,0.84,45.6,2
1977-10-30,0.84,44.2,2
1977-10-31,0.84,44.2,2
1977-11-01,0.84,46.3,2
1977-11-02,0.84,49.8,2
1977-11-03,0.84,26.2,2
1977-11-04,0.84,29.7,2
1977-11-05,0.84,29.5,2
1977-11-06,0.84,9.7,2
1977-11-07,0.84,26.7,2
1977-11-08,0.84,20.8,2
1977-11-09,0.84,29.1,2
1977-11-10,0.84,25.2,2
1977-11-11,0.84,22.3,2
1977-11-12,0.84,25.2,2
1977-11-13,0.84,4.6,2
1977-11-14,0.84,27.0,2
1977-11-15,0.84,30.8,2
1977-11-16,0.84,29.4,2
1977-11-17,0.84,32.5,2
1977-11-18,0.84,30.0,2
1977-11-19,0.84,36.9,2
1977-11-20,0.84,5.1,2
1977-11-21,0.84,27.9,2
1977-11-22,0.84,29.9,2
1977-11-23,0.84,2.8,2
1977-11-24,0.84,7.2,2
1977-11-25,0.84,2.5,2
1977-11-26,0.84,2.8,2
1977-11-27,0.84,2.7,2
1977-11-28,0.84,2.2,2
1977-11-29,0.84,2.1,2
1977-11-30,0.84,2.4,2
1977-12-01,0.84,2.2,2
1977-12-02,0.84,2.7,2
1977-12-03,0.84,2.9,2
1977-12-04,0.84,3.5,2
1977-12-05,0.84,4.4,2
1977-12-06,0.84,11.9,2
1977-12-07,0.84,38.9,2
1977-12-08,0.84,43.4,2
1977-12-09,0.84,35.2,2
1977-12-10,0.84,18.1,2
1977-12-11,0.84,46.6,2
1977-12-12,0.84,42.6,2
1977-12-13,0.84,32.1,2
1977-12-14,0.84,26.0,2
1977-12-15,0.84,20.9,2
1977-12-16,0.84,17.0,2
1977-12-17,0.84,17.4,2
1977-12-18,0.84,4.4,2
1977-12-19,0.84,17.2,2
1977-12-20,0.84,17.6,2
1977-12-21,0.84,29.6,2
1977-12-22,0.84,30.1,2
1977-12-23,0.84,35.0,2
1977-12-24,0.84,30.0,2
1977-12-25,0.84,25.2,2
1977-12-26,0.84,22.9,2
1977-12-27,0.84,20.9,2
1977-12-28,0.84,20.5,2
1977-12-29,0.84,20.4,2
1977-12-30,0.84,18.9,2
1977-12-31,0.84,18.9,2
1978-01-01,0.84,53.0,2
1978-01-02,0.84,56.7,2
1978-01-03,0.84,58.4,2
1978-01-04,0.84,57.6,2
1978-01-05,0.84,57.4,2
1978-01-06,0.84,13.0,2
1978-01-07,0.84,52.1,2
1978-01-08,0.84,12.0,2
1978-01-09,0.84,10.6,2
1978-01-10,0.84,8.7,2
1978-01-11,0.84,8.7,2
1978-01-12,0.84,13.2,2
1978-01-13,0.84,8.6,2
1978-01-14,0.84,9.7,2
1978-01-15,0.84,7.6,2
1978-01-16,0.84,9.3,2
1978-01-17,0.84,11.1,2
1978-01-18,0.84,9.3,2
1978-01-19,0.84,18.6,2
1978-01-20,0.84,34.4,2
1978-01-21,0.84,21.3,2
1978-01-22,0.84,29.6,2
1978-01-23,0.84,30.6,2
1978-01-24,0.84,34.3,2
1978-01-25,0.84,48.0,2
1978-01-26,0.84,42.9,2
1978-01-27,0.84,48.6,2
1978-01-28,0.84,44.0,2
1978-01-29,0.84,43.1,2
1978-01-30,0.84,45.9,2
1978-01-31,0.84,45.6,2
1978-02-01,0.84,41.7,2
1978-02-02,0.84,48.1,2
1978-02-03,0.84,46.3,2
1978-02-04,0.84,41.9,2
1978-02-05,0.84,40.6,2
1978-02-06,0.84,45.0,2
1978-02-07,0.84,53.8,2
1978-02-08,0.84,55.3,2
1978-02-09,0.84,55.6,2
1978-02-10,0.84,54.7,2
1978-02-11,0.84,57.3,2
1978-02-12,0.84,55.6,2
1978-02-13,0.84,52.8,2
1978-02-14,0.84,53.5,2
1978-02-15,0.84,60.1,2
1978-02-16,0.84,57.6,2
1978-02-17,0.84,54.3,2
1978-02-18,0.84,51.4,2
1978-02-19,0.84,52.8,2
1978-02-20,0.84,53.6,2
1978-02-21,0.84,72.2,2
1978-02-22,0.84,92.6,2
1978-02-23,0.84,86.2,2
1978-02-24,0.84,92.4,2
1978-02-25,0.84,90.0,2
1978-02-26,0.84,95.0,2
1978-02-27,0.84,97.7,2
1978-02-28,0.84,121.5,2
1978-03-01,0.84,178.8,2
1978-03-02,0.84,190.6,2
1978-03-03,0.84,138.1,2
1978-03-04,0.84,147.9,2
1978-03-05,0.84,140.6,2
1978-03-06,0.84,75.6,2
1978-03-07,0.84,58.3,2
1978-03-08,0.84,55.1,2
1978-03-09,0.84,58.1,2
1978-03-10,0.84,58.2,2
1978-03-11,0.84,58.7,2
1978-03-12,0.84,52.1,2
1978-03-13,0.84,54.9,2
1978-03-14,0.84,53.6,2
1978-03-15,0.84,55.9,2
1978-03-16,0.84,54.9,2
1978-03-17,0.84,54.4,2
1978-03-18,0.84,55.0,2
1978-03-19,0.84,55.0,2
1978-03-20,0.84,53.8,2
1978-03-21,0.84,56.5,2
1978-03-22,0.84,62.5,2
1978-03-23,0.84,28.2,2
1978-03-24,0.84,19.2,2
1978-03-25,0.84,44.8,2
1978-03-26,0.84,28.9,2
1978-03-27,0.84,53.8,2
1978-03-28,0.84,57.1,2
1978-03-29,0.84,60.9,2
1978-03-30,0.84,44.2,2
1978-03-31,0.84,54.5,2
1978-04-01,0.84,60.0,2
1978-04-02,0.84,45.7,2
1978-04-03,0.84,60.3,2
1978-04-04,0.84,51.2,2
1978-04-05,0.84,58.4,2
1978-04-06,0.84,58.0,2
1978-04-07,0.84,57.9,2
1978-04-08,0.84,58.2,2
1978-04-09,0.84,47.6,2
1978-04-10,0.84,51.2,2
1978-04-11,0.84,58.9,2
1978-04-12,0.84,57.8,2
1978-04-13,0.84,53.8,2
1978-04-14,0.84,61.7,2
1978-04-15,0.84,55.1,2
1978-04-16,0.84,48.7,2
1978-04-17,0.84,51.2,2
1978-04-18,0.84,48.3,2
1978-04-19,0.84,42.0,2
1978-04-20,0.84,45.3,2
1978-04-21,0.84,49.1,2
1978-04-22,0.84,42.4,2
1978-04-23,0.84,13.1,2
1978-04-24,0.84,29.5,2
1978-04-25,0.84,32.5,2
1978-04-26,0.84,39.2,2
1978-04-27,0.84,35.6,2
1978-04-28,0.84,36.5,2
1978-04-29,0.84,40.4,2
1978-04-30,0.84,20.4,2
1978-05-01,0.84,15.2,2
1978-05-02,0.84,42.1,2
1978-05-03,0.84,46.1,2
1978-05-04,0.84,49.4,2
1978-05-05,0.84,38.2,2
1978-05-06,0.84,60.1,2
1978-05-07,0.84,53.1,2
1978-05-08,0.84,57.2,2
1978-05-09,0.84,49.5,2
1978-05-10,0.84,61.0,2
1978-05-11,0.84,60.2,2
1978-05-12,0.84,56.2,2
1978-05-13,0.84,57.2,2
1978-05-14,0.84,56.5,2
1978-05-15,0.84,63.8,2
1978-05-16,0.84,63.5,2
1978-05-17,0.84,60.1,2
1978-05-18,0.84,60.9,2
1978-05-19,0.84,60.3,2
1978-05-20,0.84,61.0,2
1978-05-21,0.84,55.8,2
1978-05-22,0.84,45.5,2
1978-05-23,0.84,39.1,2
1978-05-24,0.84,48.0,2
1978-05-25,0.84,10.8,2
1978-05-26,0.84,47.3,2
1978-05-27,0.84,47.0,2
1978-05-28,0.84,13.9,2
1978-05-29,0.84,30.7,2
1978-05-30,0.84,27.4,2
1978-05-31,0.84,27.2,2
1978-06-01,0.84,30.8,2
1978-06-02,0.84,28.2,2
1978-06-03,0.84,27.7,2
1978-06-04,0.84,15.7,2
1978-06-05,0.84,47.6,2
1978-06-06,0.84,50.5,2
1978-06-07,0.84,51.3,2
1978-06-08,0.84,50.0,2
1978-06-09,0.84,49.5,2
1978-06-10,0.84,53.7,2
1978-06-11,0.84,60.1,2
1978-06-12,0.84,53.0,2
1978-06-13,0.84,58.1,2
1978-06-14,0.84,60.0,2
1978-06-15,0.84,59.8,2
1978-06-16,0.84,25.5,2
1978-06-17,0.84,60.6,2
1978-06-18,0.84,48.5,2
1978-06-19,0.84,45.8,2
1978-06-20,0.84,38.3,2
1978-06-21,0.84,48.4,2
1978-06-22,0.84,49.3,2
1978-06-23,0.84,45.8,2
1978-06-24,0.84,45.1,2
1978-06-25,0.84,14.1,2
1978-06-26,0.84,47.3,2
1978-06-27,0.84,54.1,2
1978-06-28,0.84,46.9,2
1978-06-29,0.84,48.8,2
1978-06-30,0.84,41.9,2
1978-07-01,0.84,47.8,2
1978-07-02,0.84,18.7,2
1978-07-03,0.84,41.0,2
1978-07-04,0.84,47.7,2
1978-07-05,0.84,47.0,2
1978-07-06,0.84,45.4,2
1978-07-07,0.84,47.9,2
1978-07-08,0.84,45.9,2
1978-07-09,0.84,11.8,2
1978-07-10,0.84,52.7,2
1978-07-11,0.84,51.0,2
1978-07-12,0.84,55.9,2
1978-07-13,0.84,53.0,2
1978-07-14,0.84,51.7,2
1978-07-15,0.84,47.7,2
1978-07-16,0.84,21.6,2
1978-07-17,0.84,54.9,2
1978-07-18,0.84,59.3,2
1978-07-19,0.84,64.6,2
1978-07-20,0.84,55.8,2
1978-07-21,0.84,55.3,2
1978-07-22,0.84,55.2,2
1978-07-23,0.84,42.1,2
1978-07-24,0.84,48.7,2
1978-07-25,0.84,23.5,2
1978-07-26,0.84,46.8,2
1978-07-27,0.84,49.8,2
1978-07-28,0.84,51.9,2
1978-07-29,0.84,51.3,2
1978-07-30,0.84,7.3,2
1978-07-31,0.84,49.5,2
1978-08-01,0.84,48.1,2
1978-08-02,0.84,48.7,2
1978-08-03,0.84,50.1,2
1978-08-04,0.84,50.6,2
1978-08-05,0.84,46.6,2
1978-08-06,0.84,29.1,2
1978-08-07,0.84,46.3,2
1978-08-08,0.84,48.5,2
1978-08-09,0.84,41.6,2
1978-08-10,0.84,49.8,2
1978-08-11,0.84,52.8,2
1978-08-12,0.84,48.4,2
1978-08-13,0.84,28.2,2
1978-08-14,0.84,51.5,2
1978-08-15,0.84,27.5,2
1978-08-16,0.84,45.3,2
1978-08-17,0.84,52.8,2
1978-08-18,0.84,52.7,2
1978-08-19,0.84,50.5,2
1978-08-20,0.84,31.0,2
1978-08-21,0.84,50.6,2
1978-08-22,0.84,46.5,2
1978-08-23,0.84,51.4,2
1978-08-24,0.84,50.5,2
1978-08-25,0.84,51.7,2
1978-08-26,0.84,51.9,2
1978-08-27,0.84,6.0,2
1978-08-28,0.84,7.8,2
1978-08-29,0.84,5.7,2
1978-08-30,0.84,8.1,2
1978-08-31,0.84,6.2,2
1978-09-01,0.84,8.2,2
1978-09-02,0.84,6.8,2
1978-09-03,0.84,7.3,2
1978-09-04,0.84,7.8,2
1978-09-05,0.84,3.6,2
1978-09-06,0.84,4.2,2
1978-09-07,0.84,4.2,2
1978-09-08,0.84,3.7,2
1978-09-09,0.84,3.7,2
1978-09-10,0.84,3.4,2
1978-09-11,0.84,3.0,2
1978-09-12,0.84,6.4,2
1978-09-13,0.84,3.9,2
1978-09-14,0.84,6.2,2
1978-09-15,0.84,6.4,2
1978-09-16,0.84,6.7,2
1978-09-17,0.84,6.2,2
1978-09-18,0.84,6.1,2
1978-09-19,0.84,5.9,2
1978-09-20,0.84,6.2,2
1978-09-21,0.84,6.9,2
1978-09-22,0.84,8.7,2
1978-09-23,0.84,11.8,2
1978-09-24,0.84,12.5,2
1978-09-25,0.84,13.0,2
1978-09-26,0.84,11.7,2
1978-09-27,0.84,14.7,2
1978-09-28,0.84,14.6,2
1978-09-29,0.84,13.8,2
1978-09-30,0.84,14.4,2
1978-10-01,0.84,14.5,2
1978-10-02,0.84,25.6,2
1978-10-03,0.84,36.9,2
1978-10-04,0.84,44.2,2
1978-10-05,0.84,40.5,2
1978-10-06,0.84,70.7,2
1978-10-07,0.84,40.6,2
1978-10-08,0.84,4.9,2
1978-10-09,0.84,39.8,2
1978-10-10,0.84,41.0,2
1978-10-11,0.84,41.6,2
1978-10-12,0.84,4.6,2
1978-10-13,0.84,37.4,2
1978-10-14,0.84,37.8,2
1978-10-15,0.84,5.9,2
1978-10-16,0.84,37.5,2
1978-10-17,0.84,34.4,2
1978-10-18,0.84,38.9,2
1978-10-19,0.84,38.7,2
1978-10-20,0.84,37.6,2
1978-10-21,0.84,33.8,2
1978-10-22,0.84,4.3,2
1978-10-23,0.84,38.2,2
1978-10-24,0.84,39.1,2
1978-10-25,0.84,39.1,2
1978-10-26,0.84,36.5,2
1978-10-27,0.84,39.0,2
1978-10-28,0.84,38.1,2
1978-10-29,0.84,5.1,2
1978-10-30,0.84,38.2,2
1978-10-31,0.84,39.1,2
1978-11-01,0.84,2.3,2
1978-11-02,0.84,34.5,2
1978-11-03,0.84,39.7,2
1978-11-04,0.84,29.1,2
1978-11-05,0.84,1.7,2
1978-11-06,0.84,6.0,2
1978-11-07,0.84,24.4,2
1978-11-08,0.84,2.3,2
1978-11-09,0.84,27.2,2
1978-11-10,0.84,32.6,2
1978-11-11,0.84,25.2,2
1978-11-12,0.84,4.1,2
1978-11-13,0.84,2.5,2
1978-11-14,0.84,6.6,2
1978-11-15,0.84,13.8,2
1978-11-16,0.84,24.3,2
1978-11-17,0.84,30.4,2
1978-11-18,0.84,27.1,2
1978-11-19,0.84,6.0,2
1978-11-20,0.84,33.8,2
1978-11-21,0.84,27.3,2
1978-11-22,0.84,26.0,2
1978-11-23,0.84,27.2,2
1978-11-24,0.84,26.2,2
1978-11-25,0.84,28.0,2
1978-11-26,0.84,2.1,2
1978-11-27,0.84,16.6,2
1978-11-28,0.84,17.5,2
1978-11-29,0.84,0.9,2
1978-11-30,0.84,2.2,2
1978-12-01,0.84,0.9,2
1978-12-02,0.84,1.2,2
1978-12-03,0.84,5.7,2
1978-12-04,0.84,12.2,2
1978-12-05,0.84,6.8,2
1978-12-06,0.84,3.7,2
1978-12-07,0.84,6.6,2
1978-12-08,0.84,31.7,2
1978-12-09,0.84,28.4,2
1978-12-10,0.84,12.2,2
1978-12-11,0.84,11.6,2
1978-12-12,0.84,35.3,2
1978-12-13,0.84,33.0,2
1978-12-14,0.84,46.3,2
1978-12-15,0.84,49.1,2
1978-12-16,0.84,51.5,2
1978-12-17,0.84,42.8,2
1978-12-18,0.84,55.3,2
1978-12-19,0.84,52.7,2
1978-12-20,0.84,44.3,2
1978-12-21,0.84,54.5,2
1978-12-22,0.84,56.4,2
1978-12-23,0.84,57.3,2
1978-12-24,0.84,38.3,2
1978-12-25,0.84,47.2,2
1978-12-26,0.84,51.5,2
1978-12-27,0.84,58.1,2
1978-12-28,0.84,56.0,2
1978-12-29,0.84,49.8,2
1978-12-30,0.84,49.2,2
1978-12-31,0.84,52.0,2
1979-01-01,0.84,48.0,2
1979-01-02,0.84,55.3,2
1979-01-03,0.84,54.6,2
1979-01-04,0.84,53.2,2
1979-01-05,0.84,46.9,2
1979-01-06,0.84,41.0,2
1979-01-07,0.84,50.0,2
1979-01-08,0.84,50.3,2
1979-01-09,0.84,63.3,2
1979-01-10,0.84,76.5,2
1979-01-11,0.84,75.5,2
1979-01-12,0.84,60.0,2
1979-01-13,0.84,56.2,2
1979-01-14,0.84,36.7,2
1979-01-15,0.84,90.0,2
1979-01-16,0.84,93.6,2
1979-01-17,0.84,100.5,2
1979-01-18,0.84,100.3,2
1979-01-19,0.84,100.0,2
1979-01-20,0.84,99.7,2
1979-01-21,0.84,81.4,2
1979-01-22,0.84,110.9,2
1979-01-23,0.84,102.1,2
1979-01-24,0.84,87.6,2
1979-01-25,0.84,100.8,2
1979-01-26,0.84,109.6,2
1979-01-27,0.84,120.8,2
1979-01-28,0.84,65.9,2
1979-01-29,0.84,70.7,2
1979-01-30,0.84,72.8,2
1979-01-31,0.84,70.4,2
1979-02-01,0.84,63.4,2
1979-02-02,0.84,69.0,2
1979-02-03,0.84,70.8,2
1979-02-04,0.84,65.4,2
1979-02-05,0.84,99.0,2
1979-02-06,0.84,87.5,2
1979-02-07,0.84,203.1,2
1979-02-08,0.84,236.8,2
1979-02-09,0.84,200.7,2
1979-02-10,0.84,246.3,2
1979-02-11,0.84,259.6,2
1979-02-12,0.84,183.8,2
1979-02-13,0.84,191.7,2
1979-02-14,0.84,185.8,2
1979-02-15,0.84,135.4,2
1979-02-16,0.84,96.5,2
1979-02-17,0.84,103.1,2
1979-02-18,0.84,103.6,2
1979-02-19,0.84,102.5,2
1979-02-20,0.84,107.5,2
1979-02-21,0.84,102.1,2
1979-02-22,0.84,101.6,2
1979-02-23,0.84,101.4,2
1979-02-24,0.84,100.9,2
1979-02-25,0.84,100.9,2
1979-02-26,0.84,100.2,2
1979-02-27,0.84,92.8,2
1979-02-28,0.84,87.3,2
1979-03-01,0.84,75.7,2
1979-03-02,0.84,70.1,2
1979-03-03,0.84,67.9,2
1979-03-04,0.84,54.3,2
1979-03-05,0.84,61.8,2
1979-03-06,0.84,68.3,2
1979-03-07,0.84,66.2,2
1979-03-08,0.84,64.9,2
1979-03-09,0.84,64.8,2
1979-03-10,0.84,64.9,2
1979-03-11,0.84,88.7,2
1979-03-12,0.84,53.4,2
1979-03-13,0.84,57.9,2
1979-03-14,0.84,59.7,2
1979-03-15,0.84,59.5,2
1979-03-16,0.84,58.9,2
1979-03-17,0.84,59.6,2
1979-03-18,0.84,55.4,2
1979-03-19,0.84,24.3,2
1979-03-20,0.84,45.7,2
1979-03-21,0.84,45.4,2
1979-03-22,0.84,36.5,2
1979-03-23,0.84,54.7,2
1979-03-24,0.84,60.1,2
1979-03-25,0.84,81.0,2
1979-03-26,0.84,91.6,2
1979-03-27,0.84,83.0,2
1979-03-28,0.84,82.6,2
1979-03-29,0.84,82.6,2
1979-03-30,0.84,82.3,2
1979-03-31,0.84,82.3,2
1979-04-01,0.84,58.2,2
1979-04-02,0.84,98.6,2
1979-04-03,0.84,96.6,2
1979-04-04,0.84,99.1,2
1979-04-05,0.84,99.0,2
1979-04-06,0.84,99.3,2
1979-04-07,0.84,99.9,2
1979-04-08,0.84,100.6,2
1979-04-09,0.84,100.5,2
1979-04-10,0.84,90.9,2
1979-04-11,0.84,84.3,2
1979-04-12,0.84,44.8,2
1979-04-13,0.84,41.7,2
1979-04-14,0.84,67.9,2
1979-04-15,0.84,44.6,2
1979-04-16,0.84,52.4,2
1979-04-17,0.84,59.7,2
1979-04-18,0.84,60.9,2
1979-04-19,0.84,60.9,2
1979-04-20,0.84,61.3,2
1979-04-21,0.84,60.4,2
1979-04-22,0.84,56.9,2
1979-04-23,0.84,60.5,2
1979-04-24,0.84,60.6,2
1979-04-25,0.84,59.4,2
1979-04-26,0.84,54.1,2
1979-04-27,0.84,56.5,2
1979-04-28,0.84,59.8,2
1979-04-29,0.84,58.7,2
1979-04-30,0.84,58.3,2
1979-05-01,0.84,51.4,2
1979-05-02,0.84,58.6,2
1979-05-03,0.84,63.4,2
1979-05-04,0.84,62.5,2
1979-05-05,0.84,63.7,2
1979-05-06,0.84,58.3,2
1979-05-07,0.84,62.5,2
1979-05-08,0.84,61.0,2
1979-05-09,0.84,47.1,2
1979-05-10,0.84,45.9,2
1979-05-11,0.84,44.9,2
1979-05-12,0.84,42.9,2
1979-05-13,0.84,16.0,2
1979-05-14,0.84,23.7,2
1979-05-15,0.84,48.5,2
1979-05-16,0.84,36.9,2
1979-05-17,0.84,31.6,2
1979-05-18,0.84,27.8,2
1979-05-19,0.84,33.3,2
1979-05-20,0.84,15.6,2
1979-05-21,0.84,28.7,2
1979-05-22,0.84,36.2,2
1979-05-23,0.84,48.6,2
1979-05-24,0.84,44.3,2
1979-05-25,0.84,41.8,2
1979-05-26,0.84,42.6,2
1979-05-27,0.84,40.3,2
1979-05-28,0.84,59.8,2
1979-05-29,0.84,71.9,2
1979-05-30,0.84,68.5,2
1979-05-31,0.84,68.7,2
1979-06-01,0.84,54.3,2
1979-06-02,0.84,51.9,2
1979-06-03,0.84,40.4,2
1979-06-04,0.84,60.4,2
1979-06-05,0.84,57.5,2
1979-06-06,0.84,59.6,2
1979-06-07,0.84,59.0,2
1979-06-08,0.84,60.6,2
1979-06-09,0.84,59.5,2
1979-06-10,0.84,57.5,2
1979-06-11,0.84,55.2,2
1979-06-12,0.84,57.1,2
1979-06-13,0.84,55.2,2
1979-06-14,0.84,53.8,2
1979-06-15,0.84,57.5,2
1979-06-16,0.84,55.6,2
1979-06-17,0.84,55.3,2
1979-06-18,0.84,60.8,2
1979-06-19,0.84,53.5,2
1979-06-20,0.84,56.1,2
1979-06-21,0.84,59.4,2
1979-06-22,0.84,60.8,2
1979-06-23,0.84,58.8,2
1979-06-24,0.84,11.5,2
1979-06-25,0.84,44.9,2
1979-06-26,0.84,52.0,2
1979-06-27,0.84,48.6,2
1979-06-28,0.84,47.6,2
1979-06-29,0.84,46.9,2
1979-06-30,0.84,39.1,2
1979-07-01,0.8,6.8,2
1979-07-02,0.84,49.0,2
1979-07-03,0.84,54.3,2
1979-07-04,0.84,53.1,2
1979-07-05,0.84,54.2,2
1979-07-06,0.84,53.6,2
1979-07-07,0.84,53.1,2
1979-07-08,0.82,8.3,2
1979-07-09,0.84,53.5,2
1979-07-10,0.84,53.4,2
1979-07-11,0.84,60.9,2
1979-07-12,0.84,50.5,2
1979-07-13,0.84,52.9,2
1979-07-14,0.84,43.7,2
1979-07-15,0.8,8.0,2
1979-07-16,0.84,52.2,2
1979-07-17,0.84,54.7,2
1979-07-18,0.84,51.7,2
1979-07-19,0.84,51.9,2
1979-07-20,0.84,51.5,2
1979-07-21,0.84,52.3,2
1979-07-22,0.82,6.1,2
1979-07-23,0.84,43.4,2
1979-07-24,0.84,42.6,2
1979-07-25,0.84,51.0,2
1979-07-26,0.84,53.0,2
1979-07-27,0.84,52.3,2
1979-07-28,0.84,52.1,2
1979-07-29,0.84,25.5,2
1979-07-30,0.84,43.9,2
1979-07-31,0.84,43.9,2
1979-08-01,0.84,42.8,2
1979-08-02,0.84,44.9,2
1979-08-03,0.84,44.6,2
1979-08-04,0.84,43.6,2
1979-08-05,0.83,6.8,2
1979-08-06,0.84,42.4,2
1979-08-07,0.84,43.6,2
1979-08-08,0.84,45.4,2
1979-08-09,0.84,41.8,2
1979-08-10,0.84,43.2,2
1979-08-11,0.84,42.8,2
1979-08-12,0.83,6.9,2
1979-08-13,0.84,44.8,2
1979-08-14,0.84,48.5,2
1979-08-15,0.84,22.8,2
1979-08-16,0.84,49.0,2
1979-08-17,0.84,58.2,2
1979-08-18,0.84,56.4,2
1979-08-19,0.83,21.9,2
1979-08-20,0.84,42.0,2
1979-08-21,0.84,41.8,2
1979-08-22,0.84,41.6,2
1979-08-23,0.84,42.4,2
1979-08-24,0.84,42.6,2
1979-08-25,0.84,42.6,2
1979-08-26,0.84,7.3,2
1979-08-27,0.84,39.7,2
1979-08-28,0.84,41.9,2
1979-08-29,0.84,43.3,2
1979-08-30,0.84,36.3,2
1979-08-31,0.84,23.1,2
1979-09-01,0.84,23.0,2
1979-09-02,0.66,12.8,2
1979-09-03,0.84,6.2,2
1979-09-04,0.69,7.4,2
1979-09-05,0.71,6.0,2
1979-09-06,0.73,6.5,2
1979-09-07,0.76,6.6,2
1979-09-08,0.76,6.1,2
1979-09-09,0.74,6.2,2
1979-09-10,0.84,24.3,2
1979-09-11,0.84,27.1,2
1979-09-12,0.84,23.6,2
1979-09-13,0.84,27.2,2
1979-09-14,0.84,24.3,2
1979-09-15,0.84,24.5,2
1979-09-16,0.82,7.4,2
1979-09-17,0.84,24.3,2
1979-09-18,0.84,22.0,2
1979-09-19,0.84,22.0,2
1979-09-20,0.75,4.4,2
1979-09-21,0.84,24.4,2
1979-09-22,0.76,6.6,2
1979-09-23,0.73,5.0,2
1979-09-24,0.84,30.0,2
1979-09-25,0.84,32.4,2
1979-09-26,0.84,32.4,2
1979-09-27,0.84,31.4,2
1979-09-28,0.84,32.5,2
1979-09-29,0.84,29.1,2
1979-09-30,0.71,6.1,2
1979-10-01,0.84,39.2,2
1979-10-02,0.84,39.0,2
1979-10-03,0.84,44.9,2
1979-10-04,0.84,39.9,2
1979-10-05,0.84,29.7,2
1979-10-06,0.84,31.8,2
1979-10-07,0.84,1.7,2
1979-10-08,0.84,3.6,2
1979-10-09,0.84,1.7,2
1979-10-10,0.84,1.7,2
1979-10-11,0.84,1.7,2
1979-10-12,0.84,1.7,2
1979-10-13,0.84,1.7,2
1979-10-14,0.84,1.7,2
1979-10-15,0.84,1.7,2
1979-10-16,0.84,1.7,2
1979-10-17,0.81,2.1,2
1979-10-18,0.84,1.4,2
1979-10-19,0.81,1.7,2
1979-10-20,0.84,1.7,2
1979-10-21,0.84,1.7,2
1979-10-22,0.84,1.7,2
1979-10-23,0.84,1.7,2
1979-10-24,0.84,1.7,2
1979-10-25,0.84,1.7,2
1979-10-26,0.84,4.1,2
1979-10-27,0.84,4.9,2
1979-10-28,0.84,4.9,2
1979-10-29,0.65,10.0,2
1979-10-30,0.84,24.0,2
1979-10-31,0.84,33.7,2
1979-11-01,0.84,40.4,2
1979-11-02,0.84,45.9,2
1979-11-03,0.84,5.0,2
1979-11-04,0.84,2.1,2
1979-11-05,0.84,36.7,2
1979-11-06,0.84,49.2,2
1979-11-07,0.84,43.5,2
1979-11-08,0.84,44.4,2
1979-11-09,0.84,43.5,2
1979-11-10,0.84,39.1,2
1979-11-11,0.84,7.5,2
1979-11-12,0.84,38.9,2
1979-11-13,0.84,52.9,2
1979-11-14,0.84,54.6,2
1979-11-15,0.63,54.1,2
1979-11-16,0.84,33.1,2
1979-11-17,0.84,45.4,2
1979-11-18,0.84,56.4,2
1979-11-19,0.84,58.1,2
1979-11-20,0.84,53.0,2
1979-11-21,0.84,45.0,2
1979-11-22,0.84,63.1,2
1979-11-23,0.84,56.4,2
1979-11-24,0.84,44.1,2
1979-11-25,0.84,47.3,2
1979-11-26,0.84,58.4,2
1979-11-27,0.84,51.5,2
1979-11-28,0.84,57.5,2
1979-11-29,0.84,59.6,2
1979-11-30,0.84,59.1,2
1979-12-01,0.84,51.7,2
1979-12-02,0.84,60.4,2
1979-12-03,0.84,53.4,2
1979-12-04,0.84,52.1,2
1979-12-05,0.84,55.2,2
1979-12-06,0.84,52.8,2
1979-12-07,0.84,58.3,2
1979-12-08,0.84,13.0,2
1979-12-09,0.84,4.4,2
1979-12-10,0.84,4.6,2
1979-12-11,0.84,7.8,2
1979-12-12,0.84,18.2,2
1979-12-13,0.84,8.8,2
1979-12-14,0.84,15.7,2
1979-12-15,0.84,13.4,2
1979-12-16,0.84,38.4,2
1979-12-17,0.84,39.2,2
1979-12-18,0.84,38.8,2
1979-12-19,0.84,37.5,2
1979-12-20,0.84,44.6,2
1979-12-21,0.84,45.9,2
1979-12-22,0.84,39.5,2
1979-12-23,0.84,19.4,2
1979-12-24,0.84,51.7,2
1979-12-25,0.84,15.9,2
1979-12-26,0.84,59.8,2
1979-12-27,0.84,59.8,2
1979-12-28,0.84,57.5,2
1979-12-29,0.84,55.6,2
1979-12-30,0.84,38.9,2
1979-12-31,0.84,48.7,2
1980-01-01,0.84,29.3,2
1980-01-02,0.84,62.7,2
1980-01-03,0.84,62.2,2
1980-01-04,0.84,56.4,2
1980-01-05,0.84,64.1,2
1980-01-06,0.84,24.3,2
1980-01-07,0.84,13.5,2
1980-01-08,0.84,12.5,2
1980-01-09,0.84,19.7,2
1980-01-10,0.84,16.8,2
1980-01-11,0.84,14.4,2
1980-01-12,0.84,11.8,2
1980-01-13,0.84,11.7,2
1980-01-14,0.84,11.9,2
1980-01-15,0.84,11.0,2
1980-01-16,0.84,16.8,2
1980-01-17,0.84,8.8,2
1980-01-18,0.84,9.8,2
1980-01-19,0.84,33.3,2
1980-01-20,0.84,52.7,2
1980-01-21,0.84,48.0,2
1980-01-22,0.84,66.4,2
1980-01-23,0.84,70.8,2
1980-01-24,0.84,69.4,2
1980-01-25,0.84,69.9,2
1980-01-26,0.84,69.6,2
1980-01-27,0.84,69.6,2
1980-01-28,0.84,62.2,2
1980-01-29,0.84,60.1,2
1980-01-30,0.84,56.9,2
1980-01-31,0.84,62.0,2
1980-02-01,0.84,59.8,2
1980-02-02,0.84,56.9,2
1980-02-03,0.84,50.8,2
1980-02-04,0.84,53.2,2
1980-02-05,0.84,56.9,2
1980-02-06,0.84,57.5,2
1980-02-07,0.84,56.0,2
1980-02-08,0.84,38.9,2
1980-02-09,0.84,63.8,2
1980-02-10,0.84,39.5,2
1980-02-11,0.84,52.4,2
1980-02-12,0.84,57.3,2
1980-02-13,0.84,58.8,2
1980-02-14,0.84,60.0,2
1980-02-15,0.84,59.3,2
1980-02-16,0.84,62.3,2
1980-02-17,0.84,52.5,2
1980-02-18,0.84,57.4,2
1980-02-19,0.84,58.9,2
1980-02-20,0.84,58.9,2
1980-02-21,0.84,57.8,2
1980-02-22,0.84,59.4,2
1980-02-23,0.84,60.5,2
1980-02-24,0.84,54.2,2
1980-02-25,0.84,56.9,2
1980-02-26,0.84,60.4,2
1980-02-27,0.84,60.8,2
1980-02-28,0.84,51.9,2
1980-02-29,0.84,61.7,2
1980-03-01,0.84,60.4,2
1980-03-02,0.84,45.6,2
1980-03-03,0.84,57.4,2
1980-03-04,0.84,57.5,2
1980-03-05,0.84,57.4,2
1980-03-06,0.84,57.9,2
1980-03-07,0.84,60.1,2
1980-03-08,0.84,45.5,2
1980-03-09,0.84,13.9,2
1980-03-10,0.84,24.9,2
1980-03-11,0.84,26.6,2
1980-03-12,0.84,26.6,2
1980-03-13,0.84,25.9,2
1980-03-14,0.84,28.5,2
1980-03-15,0.84,23.4,2
1980-03-16,0.84,17.9,2
1980-03-17,0.84,20.3,2
1980-03-18,0.84,31.4,2
1980-03-19,0.84,17.1,2
1980-03-20,0.84,22.8,2
1980-03-21,0.84,28.8,2
1980-03-22,0.84,24.1,2
1980-03-23,0.84,23.5,2
1980-03-24,0.84,13.0,2
1980-03-25,0.84,16.6,2
1980-03-26,0.84,26.5,2
1980-03-27,0.84,33.9,2
1980-03-28,0.84,46.6,2
1980-03-29,0.84,43.2,2
1980-03-30,0.84,44.0,2
1980-03-31,0.84,52.5,2
1980-04-01,0.84,58.4,2
1980-04-02,0.84,52.0,2
1980-04-03,0.84,26.3,2
1980-04-04,0.84,27.4,2
1980-04-05,0.84,43.1,2
1980-04-06,0.84,24.8,2
1980-04-07,0.84,42.1,2
1980-04-08,0.84,36.1,2
1980-04-09,0.84,46.5,2
1980-04-10,0.84,41.8,2
1980-04-11,0.84,43.2,2
1980-04-12,0.84,43.4,2
1980-04-13,0.84,12.0,2
1980-04-14,0.84,25.7,2
1980-04-15,0.84,45.3,2
1980-04-16,0.84,24.0,2
1980-04-17,0.84,18.2,2
1980-04-18,0.84,17.1,2
1980-04-19,0.84,15.0,2
1980-04-20,0.84,13.5,2
1980-04-21,0.84,17.2,2
1980-04-22,0.84,11.2,2
1980-04-23,0.84,13.7,2
1980-04-24,0.84,11.6,2
1980-04-25,0.84,10.9,2
1980-04-26,0.84,9.1,2
1980-04-27,0.84,9.8,2
1980-04-28,0.84,44.1,2
1980-04-29,0.84,45.0,2
1980-04-30,0.84,44.1,2
1980-05-01,0.84,30.4,2
1980-05-02,0.84,42.9,2
1980-05-03,0.84,44.8,2
1980-05-04,0.84,15.5,2
1980-05-05,0.84,15.0,2
1980-05-06,0.84,17.6,2
1980-05-07,0.84,18.6,2
1980-05-08,0.84,22.0,2
1980-05-09,0.84,24.8,2
1980-05-10,0.84,18.2,2
1980-05-11,0.84,26.2,2
1980-05-12,0.84,21.6,2
1980-05-13,0.84,28.7,2
1980-05-14,0.84,31.7,2
1980-05-15,0.84,24.2,2
1980-05-16,0.84,23.3,2
1980-05-17,0.84,23.0,2
1980-05-18,0.84,18.3,2
1980-05-19,0.84,30.7,2
1980-05-20,0.84,36.7,2
1980-05-21,0.84,37.2,2
1980-05-22,0.84,42.6,2
1980-05-23,0.84,40.3,2
1980-05-24,0.84,40.0,2
1980-05-25,0.84,16.8,2
1980-05-26,0.84,24.1,2
1980-05-27,0.84,29.3,2
1980-05-28,0.84,26.4,2
1980-05-29,0.84,29.7,2
1980-05-30,0.84,25.8,2
1980-05-31,0.84,31.1,2
1980-06-01,0.84,12.3,2
1980-06-02,0.84,50.7,2
1980-06-03,0.84,56.8,2
1980-06-04,0.84,54.9,2
1980-06-05,0.84,26.6,2
1980-06-06,0.84,53.5,2
1980-06-07,0.84,55.8,2
1980-06-08,0.84,29.4,2
1980-06-09,0.84,49.2,2
1980-06-10,0.84,52.4,2
1980-06-11,0.84,58.1,2
1980-06-12,0.84,51.3,2
1980-06-13,0.84,50.0,2
1980-06-14,0.84,51.7,2
1980-06-15,0.84,29.7,2
1980-06-16,0.84,40.5,2
1980-06-17,0.84,42.7,2
1980-06-18,0.84,43.6,2
1980-06-19,0.84,43.1,2
1980-06-20,0.84,36.2,2
1980-06-21,0.84,39.1,2
1980-06-22,0.84,10.1,2
1980-06-23,0.84,40.3,2
1980-06-24,0.84,38.4,2
1980-06-25,0.84,42.7,2
1980-06-26,0.84,44.1,2
1980-06-27,0.84,42.8,2
1980-06-28,0.84,47.9,2
1980-06-29,0.84,13.7,2
1980-06-30,0.84,46.8,2
1980-07-01,0.84,45.3,2
1980-07-02,0.84,50.1,2
1980-07-03,0.84,53.6,2
1980-07-04,0.84,50.6,2
1980-07-05,0.84,51.9,2
1980-07-06,0.68,13.0,2
1980-07-07,0.84,55.9,2
1980-07-08,0.84,49.0,2
1980-07-09,0.84,52.1,2
1980-07-10,0.84,69.6,2
1980-07-11,0.84,43.2,2
1980-07-12,0.84,45.6,2
1980-07-13,0.84,9.6,2
1980-07-14,0.84,53.8,2
1980-07-15,0.84,51.2,2
1980-07-16,0.84,49.4,2
1980-07-17,0.84,49.7,2
1980-07-18,0.84,54.7,2
1980-07-19,0.84,3.0,2
1980-07-20,0.68,8.8,2
1980-07-21,0.84,47.2,2
1980-07-22,0.84,56.0,2
1980-07-23,0.84,54.1,2
1980-07-24,0.84,56.9,2
1980-07-25,0.84,34.4,2
1980-07-26,0.84,54.9,2
1980-07-27,0.84,8.2,2
1980-07-28,0.84,32.4,2
1980-07-29,0.84,38.4,2
1980-07-30,0.84,34.1,2
1980-07-31,0.84,42.5,2
1980-08-01,0.84,45.4,2
1980-08-02,0.84,42.8,2
1980-08-03,0.84,8.0,2
1980-08-04,0.84,47.5,2
1980-08-05,0.84,50.1,2
1980-08-06,0.84,48.3,2
1980-08-07,0.84,46.5,2
1980-08-08,0.84,44.8,2
1980-08-09,0.84,49.5,2
1980-08-10,0.81,14.5,2
1980-08-11,0.7,41.4,2
1980-08-12,0.84,36.7,2
1980-08-13,0.84,44.0,2
1980-08-14,0.84,48.7,2
1980-08-15,0.79,14.8,2
1980-08-16,0.84,41.3,2
1980-08-17,0.84,11.3,2
1980-08-18,0.73,60.0,2
1980-08-19,0.84,37.6,2
1980-08-20,0.84,43.1,2
1980-08-21,0.84,43.5,2
1980-08-22,0.84,37.4,2
1980-08-23,0.84,47.6,2
1980-08-24,0.71,24.1,2
1980-08-25,0.84,27.7,2
1980-08-26,0.84,42.0,2
1980-08-27,0.84,45.3,2
1980-08-28,0.84,53.0,2
1980-08-29,0.84,25.0,2
1980-08-30,0.84,33.6,2
1980-08-31,0.69,20.8,2
1980-09-01,0.75,10.4,2
1980-09-02,0.8,7.9,2
1980-09-03,0.84,7.1,2
1980-09-04,0.84,3.5,2
1980-09-05,0.84,7.8,2
1980-09-06,0.84,12.3,2
1980-09-07,0.84,6.5,2
1980-09-08,0.84,9.1,2
1980-09-09,0.84,5.8,2
1980-09-10,0.8,5.9,2
1980-09-11,0.84,5.8,2
1980-09-12,0.8,6.4,2
1980-09-13,0.84,6.9,2
1980-09-14,0.84,6.8,2
1980-09-15,0.84,7.4,2
1980-09-16,0.84,6.7,2
1980-09-17,0.84,5.0,2
1980-09-18,0.84,5.4,2
1980-09-19,0.84,5.3,2
1980-09-20,0.84,4.6,2
1980-09-21,0.84,3.6,2
1980-09-22,0.78,3.4,2
1980-09-23,0.75,1.5,2
1980-09-24,0.8,3.0,2
1980-09-25,0.8,0.6,2
1980-09-26,0.84,4.6,2
1980-09-27,0.84,1.7,2
1980-09-28,0.84,2.0,2
1980-09-29,0.84,27.5,2
1980-09-30,0.84,19.3,2
1980-10-01,0.08,15.7,2
1980-10-02,0.08,17.0,2
1980-10-03,0.08,5.6,2
1980-10-04,0.08,5.4,2
1980-10-05,0.08,3.9,2
1980-10-06,0.08,39.1,2
1980-10-07,0.08,42.8,2
1980-10-08,0.08,37.5,2
1980-10-09,0.08,39.0,2
1980-10-10,0.08,43.5,2
1980-10-11,0.08,42.6,2
1980-10-12,0.08,3.5,2
1980-10-13,0.08,39.0,2
1980-10-14,0.08,40.4,2
1980-10-15,0.08,39.8,2
1980-10-16,0.08,41.7,2
1980-10-17,0.08,42.9,2
1980-10-18,0.08,40.9,2
1980-10-19,0.08,7.8,2
1980-10-20,0.08,57.9,2
1980-10-21,0.08,61.0,2
1980-10-22,0.08,65.7,2
1980-10-23,0.08,54.2,2
1980-10-24,0.08,74.4,2
1980-10-25,0.08,64.7,2
1980-10-26,0.08,56.8,2
1980-10-27,0.08,63.4,2
1980-10-28,0.08,61.1,2
1980-10-29,0.08,62.4,2
1980-10-30,0.08,64.8,2
1980-10-31,0.08,62.0,2
1980-11-01,0.08,53.4,2
1980-11-02,0.08,2.1,2
1980-11-03,0.08,39.1,2
1980-11-04,0.08,42.1,2
1980-11-05,0.08,42.1,2
1980-11-06,0.08,41.8,2
1980-11-07,0.08,26.0,2
1980-11-08,0.08,39.2,2
1980-11-09,0.08,10.9,2
1980-11-10,0.08,44.8,2
1980-11-11,0.08,45.4,2
1980-11-12,0.08,44.3,2
1980-11-13,0.08,51.9,2
1980-11-14,0.08,47.0,2
1980-11-15,0.08,29.9,2
1980-11-16,0.08,1.6,2
1980-11-17,0.08,7.9,2
1980-11-18,0.08,5.7,2
1980-11-19,0.08,5.3,2
1980-11-20,0.08,3.7,2
1980-11-21,0.08,3.7,2
1980-11-22,0.08,3.1,2
1980-11-23,0.08,3.2,2
1980-11-24,0.08,3.5,2
1980-11-25,0.08,2.8,2
1980-11-26,0.08,3.2,2
1980-11-27,0.08,2.4,2
1980-11-28,0.08,7.5,2
1980-11-29,0.08,9.6,2
1980-11-30,0.08,3.8,2
1980-12-01,0.08,3.9,2
1980-12-02,0.08,4.1,2
1980-12-03,0.08,2.9,2
1980-12-04,0.08,2.4,2
1980-12-05,0.08,2.5,2
1980-12-06,0.08,2.8,2
1980-12-07,0.08,2.7,2
1980-12-08,0.08,2.5,2
1980-12-09,0.08,2.4,2
1980-12-10,0.08,2.0,2
1980-12-11,0.08,2.5,2
1980-12-12,0.08,2.2,2
1980-12-13,0.08,2.2,2
1980-12-14,0.08,2.3,2
1980-12-15,0.08,2.5,2
1980-12-16,0.08,2.8,2
1980-12-17,0.08,2.8,2
1980-12-18,0.08,2.7,2
1980-12-19,0.08,3.2,2
1980-12-20,0.08,33.9,2
1980-12-21,0.08,29.2,2
1980-12-22,0.08,17.5,2
1980-12-23,0.08,13.4,2
1980-12-24,0.08,35.9,2
1980-12-25,0.08,9.8,2
1980-12-26,0.08,36.3,2
1980-12-27,0.08,40.6,2
1980-12-28,0.08,9.7,2
1980-12-29,0.08,34.6,2
1980-12-30,0.08,29.5,2
1980-12-31,0.08,24.7,2
1981-01-01,0.08,5.7,2
1981-01-02,0.08,36.1,2
1981-01-03,0.08,39.9,2
1981-01-04,0.08,28.6,2
1981-01-05,0.08,38.1,2
1981-01-06,0.08,7.9,2
1981-01-07,0.08,35.6,2
1981-01-08,0.08,39.2,2
1981-01-09,0.08,39.2,2
1981-01-10,0.08,38.4,2
1981-01-11,0.08,8.4,2
1981-01-12,0.08,4.2,2
1981-01-13,0.08,3.9,2
1981-01-14,0.08,4.1,2
1981-01-15,0.08,3.9,2
1981-01-16,0.08,6.1,2
1981-01-17,0.08,10.0,2
1981-01-18,0.08,6.7,2
1981-01-19,0.08,6.4,2
1981-01-20,0.08,5.9,2
1981-01-21,0.08,5.9,2
1981-01-22,0.08,5.9,2
1981-01-23,0.08,6.1,2
1981-01-24,0.08,6.2,2
1981-01-25,0.08,5.4,2
1981-01-26,0.08,30.3,2
1981-01-27,0.08,36.6,2
1981-01-28,0.08,35.9,2
1981-01-29,0.08,23.7,2
1981-01-30,0.08,34.7,2
1981-01-31,0.08,36.2,2
1981-02-01,0.08,7.1,2
1981-02-02,0.08,3.7,2
1981-02-03,0.08,5.1,2
1981-02-04,0.08,4.5,2
1981-02-05,0.08,4.5,2
1981-02-06,0.08,5.0,2
1981-02-07,0.08,3.7,2
1981-02-08,0.08,3.8,2
1981-02-09,0.08,3.8,2
1981-02-10,0.08,3.6,2
1981-02-11,0.08,4.1,2
1981-02-12,0.08,4.6,2
1981-02-13,0.08,3.6,2
1981-02-14,0.08,3.4,2
1981-02-15,0.08,3.5,2
1981-02-16,0.08,3.1,2
1981-02-17,0.08,3.1,2
1981-02-18,0.08,3.2,2
1981-02-19,0.08,2.9,2
1981-02-20,0.08,3.0,2
1981-02-21,0.08,2.7,2
1981-02-22,0.08,3.5,2
1981-02-23,0.08,3.4,2
1981-02-24,0.08,3.5,2
1981-02-25,0.08,3.4,2
1981-02-26,0.08,3.4,2
1981-02-27,0.08,6.0,2
1981-02-28,0.08,14.7,2
1981-03-01,0.08,9.6,2
1981-03-02,0.08,8.3,2
1981-03-03,0.08,10.0,2
1981-03-04,0.08,11.8,2
1981-03-05,0.08,10.0,2
1981-03-06,0.08,10.6,2
1981-03-07,0.08,9.8,2
1981-03-08,0.08,10.0,2
1981-03-09,0.08,11.7,2
1981-03-10,0.08,10.3,2
1981-03-11,0.08,9.5,2
1981-03-12,0.08,15.2,2
1981-03-13,0.08,15.2,2
1981-03-14,0.08,15.0,2
1981-03-15,0.08,13.2,2
1981-03-16,0.08,13.7,2
1981-03-17,0.08,11.0,2
1981-03-18,0.08,10.5,2
1981-03-19,0.08,9.6,2
1981-03-20,0.08,9.8,2
1981-03-21,0.08,8.3,2
1981-03-22,0.08,9.0,2
1981-03-23,0.08,10.2,2
1981-03-24,0.08,12.2,2
1981-03-25,0.08,9.3,2
1981-03-26,0.08,10.6,2
1981-03-27,0.08,11.0,2
1981-03-28,0.08,12.8,2
1981-03-29,0.08,10.5,2
1981-03-30,0.08,15.2,2
1981-03-31,0.08,14.0,2
1981-04-01,0.08,14.7,2
1981-04-02,0.08,15.7,2
1981-04-03,0.08,13.3,2
1981-04-04,0.08,12.6,2
1981-04-05,0.08,11.7,2
1981-04-06,0.08,13.3,2
1981-04-07,0.08,11.5,2
1981-04-08,0.08,10.6,2
1981-04-09,0.08,10.3,2
1981-04-10,0.08,10.8,2
1981-04-11,0.08,13.9,2
1981-04-12,0.08,13.2,2
1981-04-13,0.08,15.2,2
1981-04-14,0.08,18.7,2
1981-04-15,0.08,21.3,2
1981-04-16,0.08,14.9,2
1981-04-17,0.08,16.2,2
1981-04-18,0.08,13.9,2
1981-04-19,0.08,13.5,2
1981-04-20,0.08,14.4,2
1981-04-21,0.08,11.9,2
1981-04-22,0.08,12.8,2
1981-04-23,0.08,10.9,2
1981-04-24,0.08,10.4,2
1981-04-25,0.08,10.5,2
1981-04-26,0.08,9.4,2
1981-04-27,0.08,11.1,2
1981-04-28,0.08,9.8,2
1981-04-29,0.08,10.1,2
1981-04-30,0.08,9.7,2
1981-05-01,0.08,8.8,2
1981-05-02,0.08,9.1,2
1981-05-03,0.08,7.5,2
1981-05-04,0.08,7.6,2
1981-05-05,0.08,8.7,2
1981-05-06,0.08,7.8,2
1981-05-07,0.08,7.1,2
1981-05-08,0.08,9.7,2
1981-05-09,0.08,9.4,2
1981-05-10,0.08,9.6,2
1981-05-11,0.08,9.5,2
1981-05-12,0.08,9.5,2
1981-05-13,0.08,24.1,2
1981-05-14,0.08,39.2,2
1981-05-15,0.08,39.6,2
1981-05-16,0.08,30.0,2
1981-05-17,0.08,8.4,2
1981-05-18,0.08,20.3,2
1981-05-19,0.08,21.3,2
1981-05-20,0.08,20.7,2
1981-05-21,0.08,22.5,2
1981-05-22,0.08,25.1,2
1981-05-23,0.08,26.4,2
1981-05-24,0.08,8.6,2
1981-05-25,0.08,27.3,2
1981-05-26,0.08,30.0,2
1981-05-27,0.08,30.2,2
1981-05-28,0.08,29.9,2
1981-05-29,0.08,26.7,2
1981-05-30,0.08,33.7,2
1981-05-31,0.08,9.7,2
1981-06-01,0.08,24.2,2
1981-06-02,0.08,44.8,2
1981-06-03,0.08,42.9,2
1981-06-04,0.08,44.1,2
1981-06-05,0.08,43.2,2
1981-06-06,0.08,43.5,2
1981-06-07,0.08,13.9,2
1981-06-08,0.08,38.9,2
1981-06-09,0.08,44.9,2
1981-06-10,0.08,47.9,2
1981-06-11,0.08,48.8,2
1981-06-12,0.08,48.8,2
1981-06-13,0.08,49.1,2
1981-06-14,0.08,14.4,2
1981-06-15,0.08,39.9,2
1981-06-16,0.08,46.6,2
1981-06-17,0.08,45.4,2
1981-06-18,0.08,13.9,2
1981-06-19,0.08,43.6,2
1981-06-20,0.08,46.1,2
1981-06-21,0.08,10.6,2
1981-06-22,0.08,41.8,2
1981-06-23,0.08,42.8,2
1981-06-24,0.08,42.9,2
1981-06-25,0.08,42.0,2
1981-06-26,0.08,44.0,2
1981-06-27,0.08,50.3,2
1981-06-28,0.08,29.3,2
1981-06-29,0.08,50.0,2
1981-06-30,0.08,52.3,2
1981-07-01,0.08,51.4,2
1981-07-02,0.08,51.6,2
1981-07-03,0.08,52.9,2
1981-07-04,0.08,45.8,2
1981-07-05,0.08,9.0,2
1981-07-06,0.08,45.3,2
1981-07-07,0.08,44.6,2
1981-07-08,0.08,44.4,2
1981-07-09,0.08,54.5,2
1981-07-10,0.08,44.1,2
1981-07-11,0.08,40.5,2
1981-07-12,0.08,6.1,2
1981-07-13,0.08,13.1,2
1981-07-14,0.08,64.6,2
1981-07-15,0.08,56.1,2
1981-07-16,0.08,46.2,2
1981-07-17,0.08,55.2,2
1981-07-18,0.08,43.4,2
1981-07-19,0.08,8.0,2
1981-07-20,0.08,44.8,2
1981-07-21,0.08,42.9,2
1981-07-22,0.08,54.6,2
1981-07-23,0.08,45.1,2
1981-07-24,0.08,44.9,2
1981-07-25,0.08,11.7,2
1981-07-26,0.08,8.1,2
1981-07-27,0.08,45.7,2
1981-07-28,0.08,46.5,2
1981-07-29,0.08,45.0,2
1981-07-30,0.08,45.5,2
1981-07-31,0.08,45.6,2
1981-08-01,0.08,44.7,2
1981-08-02,0.08,12.2,2
1981-08-03,0.08,42.6,2
1981-08-04,0.08,45.7,2
1981-08-05,0.08,44.4,2
1981-08-06,0.08,42.5,2
1981-08-07,0.08,42.1,2
1981-08-08,0.08,53.7,2
1981-08-09,0.08,4.1,2
1981-08-10,0.08,43.7,2
1981-08-11,0.08,47.1,2
1981-08-12,0.08,54.6,2
1981-08-13,0.08,43.9,2
1981-08-14,0.08,42.8,2
1981-08-15,0.08,10.8,2
1981-08-16,0.07,6.5,2
1981-08-17,0.08,42.1,2
1981-08-18,0.08,44.7,2
1981-08-19,0.08,54.1,2
1981-08-20,0.08,43.4,2
1981-08-21,0.08,51.5,2
1981-08-22,0.08,50.0,2
1981-08-23,0.07,6.4,2
1981-08-24,0.08,42.6,2
1981-08-25,0.08,45.4,2
1981-08-26,0.08,44.8,2
1981-08-27,0.08,55.7,2
1981-08-28,0.08,46.4,2
1981-08-29,0.08,44.9,2
1981-08-30,0.08,12.2,2
1981-08-31,0.08,42.5,2
1981-09-01,0.07,8.1,2
1981-09-02,0.08,8.1,2
1981-09-03,0.08,9.0,2
1981-09-04,0.08,9.0,2
1981-09-05,0.08,8.1,2
1981-09-06,0.08,8.1,2
1981-09-07,0.08,8.1,2
1981-09-08,0.08,8.2,2
1981-09-09,0.08,8.2,2
1981-09-10,0.08,7.8,2
1981-09-11,0.08,8.1,2
1981-09-12,0.08,7.6,2
1981-09-13,0.08,7.5,2
1981-09-14,0.08,7.2,2
1981-09-15,0.07,7.2,2
1981-09-16,0.07,7.2,2
1981-09-17,0.08,7.2,2
1981-09-18,0.08,6.8,2
1981-09-19,0.07,8.9,2
1981-09-20,0.08,5.2,2
1981-09-21,0.08,3.2,2
1981-09-22,0.07,1.7,2
1981-09-23,0.07,2.0,2
1981-09-24,0.08,2.3,2
1981-09-25,0.07,1.9,2
1981-09-26,0.08,1.6,2
1981-09-27,0.08,1.7,2
1981-09-28,0.08,9.6,2
1981-09-29,0.08,16.7,2
1981-09-30,0.08,33.4,2
1981-10-01,0.08,37.3,2
1981-10-02,0.08,33.9,2
1981-10-03,0.08,25.3,2
1981-10-04,0.08,9.8,2
1981-10-05,0.08,29.3,2
1981-10-06,0.08,23.0,2
1981-10-07,0.08,35.3,2
1981-10-08,0.08,35.9,2
1981-10-09,0.08,34.1,2
1981-10-10,0.08,34.3,2
1981-10-11,0.08,32.2,2
1981-10-12,0.08,55.0,2
1981-10-13,0.08,58.6,2
1981-10-14,0.08,58.7,2
1981-10-15,0.08,57.2,2
1981-10-16,0.08,54.7,2
1981-10-17,0.08,48.1,2
1981-10-18,0.08,5.9,2
1981-10-19,0.08,38.8,2
1981-10-20,0.08,58.8,2
1981-10-21,0.08,45.0,2
1981-10-22,0.08,47.5,2
1981-10-23,0.08,52.7,2
1981-10-24,0.08,52.5,2
1981-10-25,0.08,7.4,2
1981-10-26,0.08,32.2,2
1981-10-27,0.08,50.9,2
1981-10-28,0.08,55.6,2
1981-10-29,0.08,56.8,2
1981-10-30,0.08,56.8,2
1981-10-31,0.08,48.7,2
1981-11-01,0.08,6.2,2
1981-11-02,0.08,30.3,2
1981-11-03,0.08,58.1,2
1981-11-04,0.08,58.4,2
1981-11-05,0.08,58.7,2
1981-11-06,0.08,45.1,2
1981-11-07,0.08,44.1,2
1981-11-08,0.08,3.5,2
1981-11-09,0.08,2.7,2
1981-11-10,0.08,3.0,2
1981-11-11,0.08,3.4,2
1981-11-12,0.08,3.1,2
1981-11-13,0.08,2.3,2
1981-11-14,0.08,2.8,2
1981-11-15,0.08,2.8,2
1981-11-16,0.08,3.2,2
1981-11-17,0.08,2.4,2
1981-11-18,0.08,2.3,2
1981-11-19,0.08,2.4,2
1981-11-20,0.05,4.9,2
1981-11-21,0.06,0.6,2
1981-11-22,0.07,0.6,2
1981-11-23,0.08,7.6,2
1981-11-24,0.08,2.5,2
1981-11-25,0.08,12.8,2
1981-11-26,0.08,1.9,2
1981-11-27,0.08,1.4,2
1981-11-28,0.08,1.7,2
1981-11-29,0.08,1.3,2
1981-11-30,0.08,9.3,2
1981-12-01,0.08,4.1,2
1981-12-02,0.08,1.9,2
1981-12-03,0.08,1.7,2
1981-12-04,0.08,1.4,2
1981-12-05,0.08,1.5,2
1981-12-06,0.08,1.4,2
1981-12-07,0.08,1.4,2
1981-12-08,0.08,1.5,2
1981-12-09,0.08,1.5,2
1981-12-10,0.08,2.4,2
1981-12-11,0.08,5.7,2
1981-12-12,0.08,27.5,2
1981-12-13,0.08,49.9,2
1981-12-14,0.08,42.1,2
1981-12-15,0.08,51.5,2
1981-12-16,0.08,46.9,2
1981-12-17,0.08,46.9,2
1981-12-18,0.08,48.4,2
1981-12-19,0.08,48.6,2
1981-12-20,0.08,33.8,2
1981-12-21,0.08,44.7,2
1981-12-22,0.08,45.1,2
1981-12-23,0.08,34.1,2
1981-12-24,0.08,45.5,2
1981-12-25,0.08,37.7,2
1981-12-26,0.08,51.4,2
1981-12-27,0.08,46.8,2
1981-12-28,0.08,50.2,2
1981-12-29,0.08,47.0,2
1981-12-30,0.08,53.8,2
1981-12-31,0.08,46.6,2
1982-01-01,0.08,44.7,2
1982-01-02,0.08,49.3,2
1982-01-03,0.08,43.6,2
1982-01-04,0.08,47.0,2
1982-01-05,0.08,43.9,2
1982-01-06,0.08,43.1,2
1982-01-07,0.08,45.0,2
1982-01-08,0.08,43.3,2
1982-01-09,0.08,41.0,2
1982-01-10,0.08,39.2,2
1982-01-11,0.01,28.5,2
1982-01-12,0.08,39.6,2
1982-01-13,0.08,59.5,2
1982-01-14,0.08,61.9,2
1982-01-15,0.08,61.2,2
1982-01-16,0.08,62.5,2
1982-01-17,0.08,58.1,2
1982-01-18,0.08,61.0,2
1982-01-19,0.08,74.8,2
1982-01-20,0.01,75.6,2
1982-01-21,0.08,65.3,2
1982-01-22,0.08,59.4,2
1982-01-23,0.08,60.3,2
1982-01-24,0.08,56.5,2
1982-01-25,0.08,60.3,2
1982-01-26,0.08,58.3,2
1982-01-27,0.08,59.6,2
1982-01-28,0.08,60.4,2
1982-01-29,0.01,58.0,2
1982-01-30,0.08,58.4,2
1982-01-31,0.08,54.9,2
1982-02-01,0.11,56.9,2
1982-02-02,0.11,59.6,2
1982-02-03,0.11,57.1,2
1982-02-04,0.11,58.6,2
1982-02-05,0.11,58.3,2
1982-02-06,0.11,52.5,2
1982-02-07,0.11,53.4,2
1982-02-08,0.11,58.6,2
1982-02-09,0.11,58.4,2
1982-02-10,0.11,58.8,2
1982-02-11,0.11,58.9,2
1982-02-12,0.11,55.2,2
1982-02-13,0.11,57.2,2
1982-02-14,0.11,42.0,2
1982-02-15,0.11,49.2,2
1982-02-16,0.11,56.9,2
1982-02-17,0.11,56.8,2
1982-02-18,0.11,56.7,2
1982-02-19,0.11,56.5,2
1982-02-20,0.11,55.9,2
1982-02-21,0.11,37.3,2
1982-02-22,0.11,41.0,2
1982-02-23,0.11,56.6,2
1982-02-24,0.11,46.4,2
1982-02-25,0.11,50.6,2
1982-02-26,0.11,52.0,2
1982-02-27,0.11,61.6,2
1982-02-28,0.11,25.9,2
1982-03-01,0.11,41.9,2
1982-03-02,0.11,39.1,2
1982-03-03,0.11,44.7,2
1982-03-04,0.11,44.4,2
1982-03-05,0.11,44.0,2
1982-03-06,0.12,43.1,2
1982-03-07,0.11,17.1,2
1982-03-08,0.11,38.0,2
1982-03-09,0.11,41.3,2
1982-03-10,0.11,40.6,2
1982-03-11,0.11,38.8,2
1982-03-12,0.11,39.7,2
1982-03-13,0.11,38.0,2
1982-03-14,0.11,13.3,2
1982-03-15,0.11,35.5,2
1982-03-16,0.11,41.8,2
1982-03-17,0.11,40.4,2
1982-03-18,0.11,38.9,2
1982-03-19,0.11,13.8,2
1982-03-20,0.11,37.2,2
1982-03-21,0.11,13.3,2
1982-03-22,0.11,35.1,2
1982-03-23,0.11,38.9,2
1982-03-24,0.11,34.8,2
1982-03-25,0.11,34.8,2
1982-03-26,0.11,35.0,2
1982-03-27,0.11,35.0,2
1982-03-28,0.11,10.4,2
1982-03-29,0.11,30.7,2
1982-03-30,0.11,32.6,2
1982-03-31,0.11,29.2,2
1982-04-01,0.11,28.7,2
1982-04-02,0.11,22.1,2
1982-04-03,0.11,21.5,2
1982-04-04,0.11,9.3,2
1982-04-05,0.11,22.1,2
1982-04-06,0.11,21.2,2
1982-04-07,0.11,22.0,2
1982-04-08,0.11,21.8,2
1982-04-09,0.11,8.0,2
1982-04-10,0.11,19.8,2
1982-04-11,0.11,8.1,2
1982-04-12,0.11,5.8,2
1982-04-13,0.11,5.6,2
1982-04-14,0.11,7.1,2
1982-04-15,0.11,8.0,2
1982-04-16,0.11,7.4,2
1982-04-17,0.11,7.1,2
1982-04-18,0.11,7.1,2
1982-04-19,0.11,7.5,2
1982-04-20,0.11,7.8,2
1982-04-21,0.11,6.7,2
1982-04-22,0.11,6.9,2
1982-04-23,0.11,7.2,2
1982-04-24,0.11,7.2,2
1982-04-25,0.11,7.2,2
1982-04-26,0.1,8.0,2
1982-04-27,0.1,8.1,2
1982-04-28,0.1,8.1,2
1982-04-29,0.11,9.4,2
1982-04-30,0.1,8.1,2
1982-05-01,0.11,8.8,2
1982-05-02,0.1,7.8,2
1982-05-03,0.11,8.8,2
1982-05-04,0.11,8.7,2
1982-05-05,0.1,8.7,2
1982-05-06,0.11,8.9,2
1982-05-07,0.11,9.4,2
1982-05-08,0.1,8.7,2
1982-05-09,0.11,9.6,2
1982-05-10,0.1,8.7,2
1982-05-11,0.11,9.8,2
1982-05-12,0.1,7.5,2
1982-05-13,0.1,7.4,2
1982-05-14,0.1,6.9,2
1982-05-15,0.1,7.1,2
1982-05-16,0.11,6.8,2
1982-05-17,0.11,7.1,2
1982-05-18,0.11,7.4,2
1982-05-19,0.09,7.9,2
1982-05-20,0.07,10.1,2
1982-05-21,0.11,8.3,2
1982-05-22,0.07,8.3,2
1982-05-23,0.07,9.1,2
1982-05-24,0.11,8.3,2
1982-05-25,0.1,8.3,2
1982-05-26,0.1,7.2,2
1982-05-27,0.11,7.1,2
1982-05-28,0.1,6.8,2
1982-05-29,0.11,7.8,2
1982-05-30,0.11,7.5,2
1982-05-31,0.11,7.9,2
1982-06-01,0.11,35.2,2
1982-06-02,0.11,40.2,2
1982-06-03,0.11,11.1,2
1982-06-04,0.11,6.5,2
1982-06-05,0.08,16.7,2
1982-06-06,0.11,5.7,2
1982-06-07,0.11,38.2,2
1982-06-08,0.11,43.4,2
1982-06-09,0.11,57.6,2
1982-06-10,0.11,27.2,2
1982-06-11,0.11,55.1,2
1982-06-12,0.11,56.8,2
1982-06-13,0.11,11.0,2
1982-06-14,0.1,38.4,2
1982-06-15,0.11,44.0,2
1982-06-16,0.11,43.2,2
1982-06-17,0.11,43.3,2
1982-06-18,0.11,43.1,2
1982-06-19,0.11,45.0,2
1982-06-20,0.11,12.2,2
1982-06-21,0.11,42.0,2
1982-06-22,0.11,44.2,2
1982-06-23,0.11,42.2,2
1982-06-24,0.11,44.7,2
1982-06-25,0.11,43.6,2
1982-06-26,0.11,44.8,2
1982-06-27,0.11,12.0,2
1982-06-28,0.11,37.3,2
1982-06-29,0.11,13.0,2
1982-06-30,0.1,37.4,2
1982-07-01,0.11,43.1,2
1982-07-02,0.11,45.9,2
1982-07-03,0.11,44.8,2
1982-07-04,0.11,7.6,2
1982-07-05,0.1,40.5,2
1982-07-06,0.11,36.2,2
1982-07-07,0.11,39.6,2
1982-07-08,0.11,38.4,2
1982-07-09,0.11,39.2,2
1982-07-10,0.11,39.2,2
1982-07-11,0.11,11.9,2
1982-07-12,0.1,38.3,2
1982-07-13,0.11,39.0,2
1982-07-14,0.11,41.3,2
1982-07-15,0.11,42.7,2
1982-07-16,0.11,40.4,2
1982-07-17,0.11,40.6,2
1982-07-18,0.11,12.7,2
1982-07-19,0.07,29.9,2
1982-07-20,0.11,34.1,2
1982-07-21,0.11,37.0,2
1982-07-22,0.11,35.9,2
1982-07-23,0.11,36.3,2
1982-07-24,0.11,36.6,2
1982-07-25,0.11,11.9,2
1982-07-26,0.11,28.0,2
1982-07-27,0.11,28.9,2
1982-07-28,0.11,26.3,2
1982-07-29,0.11,27.9,2
1982-07-30,0.11,29.6,2
1982-07-31,0.11,26.3,2
1982-08-01,0.11,10.9,2
1982-08-02,0.11,40.5,2
1982-08-03,0.11,43.4,2
1982-08-04,0.11,45.5,2
1982-08-05,0.11,44.6,2
1982-08-06,0.11,44.4,2
1982-08-07,0.11,44.7,2
1982-08-08,0.11,12.8,2
1982-08-09,0.11,40.6,2
1982-08-10,0.11,45.3,2
1982-08-11,0.11,44.6,2
1982-08-12,0.11,44.4,2
1982-08-13,0.11,43.9,2
1982-08-14,0.11,45.4,2
1982-08-15,0.11,7.6,2
1982-08-16,0.11,39.4,2
1982-08-17,0.11,44.2,2
1982-08-18,0.11,45.4,2
1982-08-19,0.11,43.1,2
1982-08-20,0.11,42.2,2
1982-08-21,0.11,43.2,2
1982-08-22,0.11,6.0,2
1982-08-23,0.11,34.7,2
1982-08-24,0.11,32.8,2
1982-08-25,0.11,31.1,2
1982-08-26,0.11,31.7,2
1982-08-27,0.11,25.0,2
1982-08-28,0.11,24.7,2
1982-08-29,0.11,10.5,2
1982-08-30,0.09,8.4,2
1982-08-31,0.09,8.4,2
1982-09-01,0.09,8.4,2
1982-09-02,0.09,8.4,2
1982-09-03,0.1,8.4,2
1982-09-04,0.11,8.4,2
1982-09-05,0.11,8.4,2
1982-09-06,0.11,8.4,2
1982-09-07,0.11,8.4,2
1982-09-08,0.11,8.4,2
1982-09-09,0.11,8.4,2
1982-09-10,0.11,8.4,2
1982-09-11,0.01,8.4,2
1982-09-12,0.11,8.4,2
1982-09-13,0.1,8.4,2
1982-09-14,0.11,8.4,2
1982-09-15,0.11,8.4,2
1982-09-16,0.11,8.4,2
1982-09-17,0.11,8.4,2
1982-09-18,0.11,8.4,2
1982-09-19,0.1,6.5,2
1982-09-20,0.1,3.7,2
1982-09-21,0.1,3.0,2
1982-09-22,0.11,3.4,2
1982-09-23,0.11,2.3,2
1982-09-24,0.1,1.5,2
1982-09-25,0.1,2.1,2
1982-09-26,0.11,3.2,2
1982-09-27,0.11,2.1,2
1982-09-28,0.11,2.1,2
1982-09-29,0.11,7.2,2
1982-09-30,0.11,8.8,2
1982-10-01,1.13,21.296,2
1982-10-02,1.13,20.602,2
1982-10-03,1.13,6.019,2
1982-10-04,1.13,28.819,2
1982-10-05,1.13,34.491,2
1982-10-06,1.13,34.028,2
1982-10-07,1.13,28.241,2
1982-10-08,1.13,31.481,2
1982-10-09,1.13,29.167,2
1982-10-10,1.13,6.481,2
1982-10-11,1.13,37.847,2
1982-10-12,1.13,10.301,2
1982-10-13,1.13,31.481,2
1982-10-14,1.13,23.727,2
1982-10-15,1.13,34.144,2
1982-10-16,1.13,41.898,2
1982-10-17,1.13,14.931,2
1982-10-18,1.13,38.773,2
1982-10-19,1.13,44.56,2
1982-10-20,1.13,44.907,2
1982-10-21,1.13,54.63,2
1982-10-22,1.13,53.472,2
1982-10-23,1.13,54.861,2
1982-10-24,1.06,12.037,2
1982-10-25,1.13,47.222,2
1982-10-26,1.1,53.241,2
1982-10-27,1.08,53.704,2
1982-10-28,1.08,53.819,2
1982-10-29,1.04,53.125,2
1982-10-30,1.1,54.745,2
1982-10-31,1.09,9.838,2
1982-11-01,1.13,42.477,2
1982-11-02,1.13,53.009,2
1982-11-03,1.0,44.56,2
1982-11-04,1.13,43.171,2
1982-11-05,1.1,45.139,2
1982-11-06,1.13,46.065,2
1982-11-07,1.1,19.329,2
1982-11-08,1.13,20.023,2
1982-11-09,1.13,17.13,2
1982-11-10,1.13,14.815,2
1982-11-11,1.13,12.269,2
1982-11-12,1.13,10.069,2
1982-11-13,1.13,32.87,2
1982-11-14,1.1,40.162,2
1982-11-15,1.05,26.389,2
1982-11-16,1.13,24.19,2
1982-11-17,1.13,19.676,2
1982-11-18,1.13,18.634,2
1982-11-19,1.13,16.782,2
1982-11-20,1.13,14.931,2
1982-11-21,1.13,12.963,2
1982-11-22,1.13,12.153,2
1982-11-23,1.13,11.806,2
1982-11-24,1.13,12.153,2
1982-11-25,1.13,13.889,2
1982-11-26,1.13,13.889,2
1982-11-27,1.13,12.963,2
1982-11-28,1.13,13.31,2
1982-11-29,1.13,35.648,2
1982-11-30,1.13,45.37,2
1982-12-01,1.13,34.606,2
1982-12-02,1.13,37.269,2
1982-12-03,1.13,37.731,2
1982-12-04,1.13,36.574,2
1982-12-05,1.13,13.31,2
1982-12-06,1.13,43.056,2
1982-12-07,1.13,48.843,2
1982-12-08,1.13,27.199,2
1982-12-09,1.13,40.509,2
1982-12-10,1.13,35.88,2
1982-12-11,1.13,44.792,2
1982-12-12,1.0,29.051,2
1982-12-13,1.13,53.356,2
1982-12-14,1.13,54.63,2
1982-12-15,1.05,54.514,2
1982-12-16,1.05,55.093,2
1982-12-17,1.1,53.241,2
1982-12-18,1.08,54.167,2
1982-12-19,1.08,50.926,2
1982-12-20,1.05,53.819,2
1982-12-21,1.13,53.819,2
1982-12-22,1.13,54.282,2
1982-12-23,1.13,53.588,2
1982-12-24,1.13,51.389,2
1982-12-25,1.13,46.875,2
1982-12-26,1.13,40.741,2
1982-12-27,1.13,46.181,2
1982-12-28,1.13,50.0,2
1982-12-29,1.13,50.926,2
1982-12-30,1.13,50.347,2
1982-12-31,1.13,49.421,2
1983-01-01,1.13,37.847,2
1983-01-02,0.45,28.125,2
1983-01-03,1.13,57.986,2
1983-01-04,1.13,56.597,2
1983-01-05,1.13,56.481,2
1983-01-06,1.13,21.412,2
1983-01-07,1.13,40.394,2
1983-01-08,1.13,56.597,2
1983-01-09,1.13,53.935,2
1983-01-10,1.13,51.042,2
1983-01-11,1.13,50.231,2
1983-01-12,1.13,49.537,2
1983-01-13,1.13,50.81,2
1983-01-14,1.13,50.926,2
1983-01-15,1.13,51.157,2
1983-01-16,1.13,54.051,2
1983-01-17,1.13,56.713,2
1983-01-18,1.13,56.713,2
1983-01-19,1.13,50.0,2
1983-01-20,1.13,46.181,2
1983-01-21,1.13,50.0,2
1983-01-22,1.13,49.769,2
1983-01-23,1.13,32.986,2
1983-01-24,1.13,37.963,2
1983-01-25,1.13,41.088,2
1983-01-26,1.13,37.963,2
1983-01-27,1.13,41.088,2
1983-01-28,1.13,39.931,2
1983-01-29,1.13,39.005,2
1983-01-30,1.13,11.574,2
1983-01-31,1.13,36.806,2
1983-02-01,1.13,36.806,2
1983-02-02,1.13,39.583,2
1983-02-03,1.13,41.088,2
1983-02-04,1.13,39.468,2
1983-02-05,1.13,38.079,2
1983-02-06,1.13,10.417,2
1983-02-07,1.13,27.083,2
1983-02-08,1.13,39.699,2
1983-02-09,1.13,40.394,2
1983-02-10,1.13,39.352,2
1983-02-11,1.13,37.5,2
1983-02-12,1.13,38.194,2
1983-02-13,1.13,10.185,2
1983-02-14,1.13,35.417,2
1983-02-15,1.13,38.194,2
1983-02-16,1.13,38.773,2
1983-02-17,1.13,39.931,2
1983-02-18,1.13,38.889,2
1983-02-19,1.13,39.12,2
1983-02-20,1.13,10.069,2
1983-02-21,1.13,39.931,2
1983-02-22,1.13,35.764,2
1983-02-23,1.13,42.593,2
1983-02-24,1.13,44.444,2
1983-02-25,1.13,34.954,2
1983-02-26,1.13,41.551,2
1983-02-27,1.13,32.87,2
1983-02-28,1.13,39.583,2
1983-03-01,1.13,37.731,2
1983-03-02,1.13,35.648,2
1983-03-03,1.13,33.333,2
1983-03-04,1.13,32.292,2
1983-03-05,1.13,29.745,2
1983-03-06,1.13,15.278,2
1983-03-07,1.13,25.926,2
1983-03-08,1.13,28.356,2
1983-03-09,1.13,27.778,2
1983-03-10,1.13,27.315,2
1983-03-11,1.13,27.199,2
1983-03-12,1.13,26.968,2
1983-03-13,1.13,11.574,2
1983-03-14,1.13,24.306,2
1983-03-15,1.13,27.199,2
1983-03-16,1.13,26.968,2
1983-03-17,1.13,26.157,2
1983-03-18,1.13,25.463,2
1983-03-19,1.13,11.227,2
1983-03-20,1.13,9.375,2
1983-03-21,1.13,9.028,2
1983-03-22,1.13,8.565,2
1983-03-23,1.13,7.87,2
1983-03-24,1.13,8.102,2
1983-03-25,1.13,8.333,2
1983-03-26,1.13,7.87,2
1983-03-27,1.13,7.639,2
1983-03-28,1.13,4.861,2
1983-03-29,1.13,8.565,2
1983-03-30,1.13,8.449,2
1983-03-31,1.13,10.185,2
1983-04-01,1.13,9.722,2
1983-04-02,1.13,29.051,2
1983-04-03,1.13,10.764,2
1983-04-04,1.13,8.681,2
1983-04-05,1.13,38.079,2
1983-04-06,1.13,37.616,2
1983-04-07,1.13,39.931,2
1983-04-08,1.13,35.995,2
1983-04-09,1.13,29.861,2
1983-04-10,1.13,17.477,2
1983-04-11,1.13,35.88,2
1983-04-12,1.13,36.458,2
1983-04-13,1.13,36.574,2
1983-04-14,1.13,34.259,2
1983-04-15,1.13,31.944,2
1983-04-16,1.13,28.704,2
1983-04-17,1.13,13.542,2
1983-04-18,1.13,31.019,2
1983-04-19,1.13,32.523,2
1983-04-20,1.13,39.12,2
1983-04-21,1.13,48.032,2
1983-04-22,1.13,52.431,2
1983-04-23,1.13,46.991,2
1983-04-24,1.13,29.051,2
1983-04-25,1.13,47.106,2
1983-04-26,1.13,45.833,2
1983-04-27,1.13,56.597,2
1983-04-28,1.13,57.06,2
1983-04-29,1.13,57.176,2
1983-04-30,1.13,57.755,2
1983-05-01,1.13,54.051,2
1983-05-02,1.13,56.829,2
1983-05-03,1.13,56.713,2
1983-05-04,1.13,57.407,2
1983-05-05,1.13,65.625,2
1983-05-06,1.13,74.19,2
1983-05-07,1.13,75.81,2
1983-05-08,1.13,57.407,2
1983-05-09,1.13,73.38,2
1983-05-10,1.13,74.884,2
1983-05-11,1.13,75.0,2
1983-05-12,1.13,80.093,2
1983-05-13,1.13,84.491,2
1983-05-14,1.13,103.935,2
1983-05-15,1.13,59.954,2
1983-05-16,1.13,61.574,2
1983-05-17,1.13,94.56,2
1983-05-18,1.13,92.361,2
1983-05-19,1.13,94.444,2
1983-05-20,1.13,94.444,2
1983-05-21,1.13,96.644,2
1983-05-22,1.13,67.593,2
1983-05-23,1.13,57.523,2
1983-05-24,1.13,41.667,2
1983-05-25,1.13,36.574,2
1983-05-26,1.13,35.417,2
1983-05-27,1.13,34.606,2
1983-05-28,1.13,34.259,2
1983-05-29,1.13,25.926,2
1983-05-30,1.13,55.44,2
1983-05-31,1.13,52.431,2
1983-06-01,1.13,57.407,2
1983-06-02,1.13,59.491,2
1983-06-03,1.13,62.731,2
1983-06-04,1.13,61.574,2
1983-06-05,1.13,59.954,2
1983-06-06,1.13,61.574,2
1983-06-07,1.13,63.194,2
1983-06-08,1.13,62.153,2
1983-06-09,1.13,63.194,2
1983-06-10,1.13,63.194,2
1983-06-11,1.13,53.472,2
1983-06-12,1.13,60.417,2
1983-06-13,1.13,63.657,2
1983-06-14,1.13,57.523,2
1983-06-15,1.13,64.236,2
1983-06-16,1.13,64.236,2
1983-06-17,1.13,64.468,2
1983-06-18,1.13,64.236,2
1983-06-19,1.13,52.315,2
1983-06-20,1.1,26.505,2
1983-06-21,1.13,61.806,2
1983-06-22,1.13,57.407,2
1983-06-23,1.11,56.25,2
1983-06-24,1.09,64.352,2
1983-06-25,1.13,63.079,2
1983-06-26,1.13,46.644,2
1983-06-27,1.13,49.074,2
1983-06-28,1.13,44.213,2
1983-06-29,1.13,30.208,2
1983-06-30,1.13,25.231,2
1983-07-01,1.13,60.648,2
1983-07-02,1.13,64.005,2
1983-07-03,1.13,26.968,2
1983-07-04,1.13,52.778,2
1983-07-05,1.13,51.852,2
1983-07-06,1.13,55.324,2
1983-07-07,1.13,46.644,2
1983-07-08,1.13,52.199,2
1983-07-09,1.13,52.894,2
1983-07-10,1.13,9.144,2
1983-07-11,1.13,43.634,2
1983-07-12,1.13,47.569,2
1983-07-13,1.13,47.685,2
1983-07-14,1.13,50.347,2
1983-07-15,1.13,55.093,2
1983-07-16,1.13,56.366,2
1983-07-17,1.13,34.375,2
1983-07-18,1.13,40.509,2
1983-07-19,1.13,43.056,2
1983-07-20,1.13,53.125,2
1983-07-21,1.13,53.819,2
1983-07-22,1.13,52.199,2
1983-07-23,1.13,53.704,2
1983-07-24,1.13,11.69,2
1983-07-25,1.11,5.903,2
1983-07-26,1.09,45.486,2
1983-07-27,1.13,48.843,2
1983-07-28,1.13,56.597,2
1983-07-29,1.13,54.861,2
1983-07-30,1.13,54.398,2
1983-07-31,1.13,32.176,2
1983-08-01,1.13,55.903,2
1983-08-02,1.13,57.06,2
1983-08-03,1.13,57.06,2
1983-08-04,1.13,58.449,2
1983-08-05,1.13,45.833,2
1983-08-06,1.13,53.704,2
1983-08-07,1.13,6.019,2
1983-08-08,1.13,50.926,2
1983-08-09,1.13,52.315,2
1983-08-10,1.13,52.662,2
1983-08-11,1.13,50.926,2
1983-08-12,1.13,53.009,2
1983-08-13,1.13,53.935,2
1983-08-14,1.13,8.796,2
1983-08-15,1.05,5.671,2
1983-08-16,1.04,40.625,2
1983-08-17,1.13,30.324,2
1983-08-18,1.13,14.005,2
1983-08-19,1.08,12.269,2
1983-08-20,1.13,51.736,2
1983-08-21,1.13,32.87,2
1983-08-22,1.13,53.472,2
1983-08-23,1.13,50.0,2
1983-08-24,1.13,41.088,2
1983-08-25,1.13,43.287,2
1983-08-26,1.13,42.593,2
1983-08-27,1.13,40.046,2
1983-08-28,1.13,12.037,2
1983-08-29,1.13,37.616,2
1983-08-30,1.13,62.153,2
1983-08-31,1.13,61.921,2
1983-09-01,1.13,59.491,2
1983-09-02,1.13,26.62,2
1983-09-03,1.13,15.741,2
1983-09-04,1.09,3.704,2
1983-09-05,1.09,4.977,2
1983-09-06,1.0,5.324,2
1983-09-07,0.74,5.671,2
1983-09-08,0.53,5.671,2
1983-09-09,0.54,5.671,2
1983-09-10,0.55,5.671,2
1983-09-11,0.55,5.671,2
1983-09-12,0.56,5.903,2
1983-09-13,0.54,6.481,2
1983-09-14,0.59,6.713,2
1983-09-15,0.56,6.713,2
1983-09-16,0.71,6.713,2
1983-09-17,0.5,6.713,2
1983-09-18,0.6,6.713,2
1983-09-19,0.56,3.356,2
1983-09-20,0.65,6.713,2
1983-09-21,0.49,6.713,2
1983-09-22,0.62,6.713,2
1983-09-23,0.65,7.523,2
1983-09-24,0.65,7.639,2
1983-09-25,0.72,8.102,2
1983-09-26,0.66,6.019,2
1983-09-27,0.58,7.639,2
1983-09-28,0.69,6.481,2
1983-09-29,0.66,9.375,2
1983-09-30,1.13,22.569,2
1983-10-01,1.13,28.241,2
1983-10-02,1.13,10.417,2
1983-10-03,1.1,36.806,2
1983-10-04,1.13,36.343,2
1983-10-05,1.13,39.583,2
1983-10-06,1.13,39.583,2
1983-10-07,1.13,43.056,2
1983-10-08,1.13,43.866,2
1983-10-09,1.13,9.954,2
1983-10-10,1.13,41.204,2
1983-10-11,1.13,43.519,2
1983-10-12,1.13,11.806,2
1983-10-13,1.1,36.574,2
1983-10-14,1.13,40.278,2
1983-10-15,1.13,38.773,2
1983-10-16,1.13,5.671,2
1983-10-17,1.1,26.389,2
1983-10-18,1.13,30.208,2
1983-10-19,1.13,30.208,2
1983-10-20,1.13,30.787,2
1983-10-21,1.13,32.639,2
1983-10-22,1.13,32.06,2
1983-10-23,1.13,4.977,2
1983-10-24,1.13,27.778,2
1983-10-25,1.13,29.745,2
1983-10-26,1.13,30.903,2
1983-10-27,1.13,32.755,2
1983-10-28,1.13,32.639,2
1983-10-29,1.13,10.417,2
1983-10-30,1.13,10.417,2
1983-10-31,1.13,37.847,2
1983-11-01,1.13,6.597,2
1983-11-02,1.13,36.574,2
1983-11-03,1.13,40.625,2
1983-11-04,1.13,39.815,2
1983-11-05,1.13,41.088,2
1983-11-06,1.13,7.176,2
1983-11-07,1.13,39.468,2
1983-11-08,1.13,28.241,2
1983-11-09,1.13,25.463,2
1983-11-10,1.13,29.63,2
1983-11-11,1.13,27.546,2
1983-11-12,1.13,26.157,2
1983-11-13,1.13,6.019,2
1983-11-14,1.13,2.778,2
1983-11-15,1.13,3.704,2
1983-11-16,1.13,4.514,2
1983-11-17,1.13,4.282,2
1983-11-18,1.13,3.935,2
1983-11-19,1.13,3.472,2
1983-11-20,1.13,3.588,2
1983-11-21,1.13,8.681,2
1983-11-22,1.13,6.481,2
1983-11-23,1.13,5.208,2
1983-11-24,1.13,4.745,2
1983-11-25,1.13,3.819,2
1983-11-26,1.13,3.935,2
1983-11-27,1.13,3.588,2
1983-11-28,1.13,4.167,2
1983-11-29,1.13,3.356,2
1983-11-30,1.13,3.704,2
1983-12-01,1.13,3.125,2
1983-12-02,1.13,4.282,2
1983-12-03,1.13,4.167,2
1983-12-04,1.13,4.051,2
1983-12-05,1.13,3.356,2
1983-12-06,1.13,3.356,2
1983-12-07,1.13,3.009,2
1983-12-08,1.13,3.125,2
1983-12-09,1.13,3.125,2
1983-12-10,1.13,3.241,2
1983-12-11,1.13,3.472,2
1983-12-12,1.13,3.241,2
1983-12-13,1.13,3.241,2
1983-12-14,1.13,3.125,2
1983-12-15,1.13,1.736,2
1983-12-16,1.13,2.431,2
1983-12-17,1.13,3.588,2
1983-12-18,1.13,9.954,2
1983-12-19,1.13,28.704,2
1983-12-20,1.13,26.389,2
1983-12-21,1.13,31.829,2
1983-12-22,1.13,37.5,2
1983-12-23,1.13,44.444,2
1983-12-24,1.13,50.694,2
1983-12-25,1.13,34.954,2
1983-12-26,1.13,25.116,2
1983-12-27,1.13,21.181,2
1983-12-28,1.13,18.634,2
1983-12-29,1.13,21.296,2
1983-12-30,1.13,20.023,2
1983-12-31,1.13,19.097,2
1984-01-01,1.13,15.278,2
1984-01-02,1.13,12.963,2
1984-01-03,1.13,12.153,2
1984-01-04,1.13,12.269,2
1984-01-05,1.13,10.764,2
1984-01-06,1.13,10.532,2
1984-01-07,1.13,11.69,2
1984-01-08,1.13,15.394,2
1984-01-09,1.13,13.773,2
1984-01-10,1.13,12.847,2
1984-01-11,0.75,10.417,2
1984-01-12,1.05,10.185,2
1984-01-13,1.13,10.764,2
1984-01-14,1.13,10.995,2
1984-01-15,1.13,10.417,2
1984-01-16,1.13,8.565,2
1984-01-17,1.13,11.111,2
1984-01-18,1.13,11.111,2
1984-01-19,1.13,15.625,2
1984-01-20,1.13,15.394,2
1984-01-21,1.13,19.792,2
1984-01-22,1.13,24.306,2
1984-01-23,1.13,38.773,2
1984-01-24,1.13,42.708,2
1984-01-25,1.13,37.5,2
1984-01-26,1.13,32.523,2
1984-01-27,1.13,30.787,2
1984-01-28,1.13,35.417,2
1984-01-29,1.13,26.157,2
1984-01-30,1.13,42.245,2
1984-01-31,1.13,37.847,2
1984-02-01,1.1,36.806,2
1984-02-02,1.13,39.699,2
1984-02-03,1.13,50.116,2
1984-02-04,1.13,50.463,2
1984-02-05,1.13,30.671,2
1984-02-06,1.13,45.37,2
1984-02-07,1.13,46.296,2
1984-02-08,1.13,46.759,2
1984-02-09,1.13,47.338,2
1984-02-10,1.13,46.644,2
1984-02-11,1.13,46.875,2
1984-02-12,1.13,20.949,2
1984-02-13,1.13,42.361,2
1984-02-14,1.13,44.213,2
1984-02-15,1.13,43.866,2
1984-02-16,1.13,44.097,2
1984-02-17,1.13,43.866,2
1984-02-18,1.13,43.866,2
1984-02-19,1.13,16.551,2
1984-02-20,1.13,41.435,2
1984-02-21,1.13,43.056,2
1984-02-22,1.13,43.866,2
1984-02-23,1.13,44.097,2
1984-02-24,1.13,44.444,2
1984-02-25,1.13,43.866,2
1984-02-26,1.13,17.361,2
1984-02-27,1.13,40.278,2
1984-02-28,1.13,39.815,2
1984-02-29,1.13,44.097,2
1984-03-01,1.13,43.981,2
1984-03-02,1.13,41.667,2
1984-03-03,1.13,43.75,2
1984-03-04,1.13,16.667,2
1984-03-05,1.13,40.162,2
1984-03-06,1.13,43.981,2
1984-03-07,1.13,43.287,2
1984-03-08,1.13,43.75,2
1984-03-09,1.13,42.824,2
1984-03-10,1.13,42.477,2
1984-03-11,1.13,14.352,2
1984-03-12,1.13,30.093,2
1984-03-13,1.13,31.944,2
1984-03-14,1.13,31.366,2
1984-03-15,1.13,32.639,2
1984-03-16,1.13,31.481,2
1984-03-17,1.13,31.25,2
1984-03-18,1.13,11.806,2
1984-03-19,1.13,9.954,2
1984-03-20,1.13,23.495,2
1984-03-21,1.13,29.398,2
1984-03-22,1.13,32.639,2
1984-03-23,1.13,30.787,2
1984-03-24,1.13,30.556,2
1984-03-25,1.13,18.866,2
1984-03-26,1.13,23.148,2
1984-03-27,1.13,23.38,2
1984-03-28,1.13,36.227,2
1984-03-29,1.13,50.463,2
1984-03-30,1.13,51.62,2
1984-03-31,1.13,51.389,2
1984-04-01,1.13,48.38,2
1984-04-02,1.13,50.347,2
1984-04-03,1.13,50.694,2
1984-04-04,1.13,51.505,2
1984-04-05,1.13,51.736,2
1984-04-06,1.13,48.727,2
1984-04-07,1.13,41.667,2
1984-04-08,1.13,36.227,2
1984-04-09,1.13,34.028,2
1984-04-10,1.13,47.801,2
1984-04-11,1.13,46.412,2
1984-04-12,1.13,46.759,2
1984-04-13,1.13,45.37,2
1984-04-14,1.13,44.329,2
1984-04-15,1.13,24.306,2
1984-04-16,1.13,44.329,2
1984-04-17,1.13,45.602,2
1984-04-18,1.13,45.139,2
1984-04-19,1.13,44.907,2
1984-04-20,1.13,19.56,2
1984-04-21,1.13,41.088,2
1984-04-22,1.13,18.056,2
1984-04-23,1.13,50.347,2
1984-04-24,1.13,60.648,2
1984-04-25,1.13,54.282,2
1984-04-26,1.13,58.565,2
1984-04-27,1.13,59.375,2
1984-04-28,1.13,57.407,2
1984-04-29,1.13,60.995,2
1984-04-30,1.13,57.06,2
1984-05-01,1.13,37.269,2
1984-05-02,1.13,56.829,2
1984-05-03,1.13,56.829,2
1984-05-04,1.13,56.829,2
1984-05-05,1.13,57.755,2
1984-05-06,1.13,55.671,2
1984-05-07,1.13,55.787,2
1984-05-08,1.13,42.13,2
1984-05-09,1.13,44.56,2
1984-05-10,1.13,44.329,2
1984-05-11,1.13,44.097,2
1984-05-12,1.13,44.907,2
1984-05-13,1.13,14.468,2
1984-05-14,1.13,22.801,2
1984-05-15,1.13,25.579,2
1984-05-16,1.13,24.19,2
1984-05-17,1.13,24.537,2
1984-05-18,1.13,26.852,2
1984-05-19,1.13,26.273,2
1984-05-20,1.13,13.657,2
1984-05-21,1.13,24.884,2
1984-05-22,1.13,27.083,2
1984-05-23,1.13,30.903,2
1984-05-24,1.13,35.301,2
1984-05-25,1.13,38.194,2
1984-05-26,1.13,41.667,2
1984-05-27,1.13,15.741,2
1984-05-28,1.13,24.537,2
1984-05-29,1.13,25.579,2
1984-05-30,1.13,28.125,2
1984-05-31,1.13,32.523,2
1984-06-01,1.13,44.097,2
1984-06-02,1.13,43.287,2
1984-06-03,1.13,48.611,2
1984-06-04,1.13,51.852,2
1984-06-05,1.13,59.954,2
1984-06-06,1.13,59.838,2
1984-06-07,1.13,59.838,2
1984-06-08,1.13,58.796,2
1984-06-09,1.13,58.449,2
1984-06-10,1.13,57.06,2
1984-06-11,1.13,54.514,2
1984-06-12,1.13,53.704,2
1984-06-13,1.13,54.282,2
1984-06-14,1.13,53.472,2
1984-06-15,1.13,55.787,2
1984-06-16,1.13,56.366,2
1984-06-17,1.13,55.093,2
1984-06-18,1.13,52.315,2
1984-06-19,1.13,63.31,2
1984-06-20,1.13,52.546,2
1984-06-21,1.13,58.449,2
1984-06-22,1.13,62.269,2
1984-06-23,1.13,59.606,2
1984-06-24,1.13,29.63,2
1984-06-25,1.11,52.431,2
1984-06-26,1.07,59.491,2
1984-06-27,1.11,59.722,2
1984-06-28,1.13,60.417,2
1984-06-29,1.13,61.574,2
1984-06-30,1.13,62.037,2
1984-07-01,1.13,29.745,2
1984-07-02,1.13,57.523,2
1984-07-03,1.13,58.449,2
1984-07-04,1.13,63.31,2
1984-07-05,1.13,63.773,2
1984-07-06,1.13,63.657,2
1984-07-07,1.13,63.426,2
1984-07-08,1.13,20.833,2
1984-07-09,1.06,60.88,2
1984-07-10,1.06,64.931,2
1984-07-11,1.13,63.079,2
1984-07-12,1.13,61.227,2
1984-07-13,1.13,61.806,2
1984-07-14,1.13,63.542,2
1984-07-15,1.13,12.5,2
1984-07-16,1.06,48.958,2
1984-07-17,1.13,52.546,2
1984-07-18,1.13,51.157,2
1984-07-19,1.13,51.273,2
1984-07-20,1.13,52.083,2
1984-07-21,1.13,51.852,2
1984-07-22,1.13,26.157,2
1984-07-23,1.06,63.079,2
1984-07-24,1.13,64.931,2
1984-07-25,1.13,8.102,2
1984-07-26,1.05,15.741,2
1984-07-27,1.13,65.625,2
1984-07-28,1.13,52.315,2
1984-07-29,1.13,11.69,2
1984-07-30,0.77,46.875,2
1984-07-31,1.13,65.162,2
1984-08-01,1.13,62.269,2
1984-08-02,1.13,63.773,2
1984-08-03,1.13,61.458,2
1984-08-04,1.13,62.153,2
1984-08-05,1.13,6.481,2
1984-08-06,0.96,51.852,2
1984-08-07,1.13,54.514,2
1984-08-08,1.13,51.389,2
1984-08-09,1.13,51.968,2
1984-08-10,1.13,51.042,2
1984-08-11,1.13,50.347,2
1984-08-12,1.13,8.449,2
1984-08-13,0.92,49.074,2
1984-08-14,1.13,56.481,2
1984-08-15,1.13,8.333,2
1984-08-16,1.13,54.398,2
1984-08-17,1.13,56.713,2
1984-08-18,1.13,56.019,2
1984-08-19,1.13,5.671,2
1984-08-20,1.13,7.639,2
1984-08-21,0.96,7.639,2
1984-08-22,0.89,3.819,2
1984-08-23,1.1,2.546,2
1984-08-24,1.05,2.894,2
1984-08-25,1.1,3.819,2
1984-08-26,1.05,4.051,2
1984-08-27,1.04,2.199,2
1984-08-28,1.05,2.894,2
1984-08-29,1.1,4.282,2
1984-08-30,0.96,3.588,2
1984-08-31,1.04,6.829,2
1984-09-01,1.13,6.829,2
1984-09-02,1.13,6.829,2
1984-09-03,1.13,8.218,2
1984-09-04,0.91,10.532,2
1984-09-05,0.0,0.0,2
1984-09-06,0.45,4.514,2
1984-09-07,0.34,6.944,2
1984-09-08,1.0,8.218,2
1984-09-09,1.07,9.144,2
1984-09-10,1.11,8.218,2
1984-09-11,1.09,8.218,2
1984-09-12,1.04,8.218,2
1984-09-13,1.05,8.218,2
1984-09-14,1.05,8.218,2
1984-09-15,1.08,8.218,2
1984-09-16,1.05,0.231,2
1984-09-17,1.07,22.917,2
1984-09-18,1.13,23.495,2
1984-09-19,1.13,24.074,2
1984-09-20,1.13,25.116,2
1984-09-21,1.13,22.338,2
1984-09-22,1.13,24.537,2
1984-09-23,1.13,10.648,2
1984-09-24,1.05,37.153,2
1984-09-25,1.13,37.037,2
1984-09-26,1.11,40.741,2
1984-09-27,1.13,40.625,2
1984-09-28,1.13,39.352,2
1984-09-29,1.13,38.426,2
1984-09-30,1.13,6.481,2
1984-10-01,0.99,32.407,2
1984-10-02,1.13,40.972,2
1984-10-03,1.13,41.319,2
1984-10-04,1.13,33.449,2
1984-10-05,1.13,22.917,2
1984-10-06,1.13,19.907,2
1984-10-07,1.14,26.042,2
1984-10-08,1.13,44.213,2
1984-10-09,1.13,42.94,2
1984-10-10,1.13,57.755,2
1984-10-11,1.13,54.861,2
1984-10-12,1.13,40.162,2
1984-10-13,1.13,51.042,2
1984-10-14,1.13,43.634,2
1984-10-15,1.13,48.843,2
1984-10-16,1.13,50.463,2
1984-10-17,1.13,49.537,2
1984-10-18,1.13,57.755,2
1984-10-19,1.13,59.838,2
1984-10-20,1.12,57.87,2
1984-10-21,1.13,40.278,2
1984-10-22,1.13,42.708,2
1984-10-23,1.1,58.912,2
1984-10-24,1.1,58.102,2
1984-10-25,1.13,58.218,2
1984-10-26,1.13,58.449,2
1984-10-27,1.13,57.639,2
1984-10-28,1.13,38.542,2
1984-10-29,1.13,54.051,2
1984-10-30,1.13,55.671,2
1984-10-31,1.1,56.829,2
1984-11-01,1.08,43.171,2
1984-11-02,1.13,57.407,2
1984-11-03,1.14,57.87,2
1984-11-04,1.11,41.551,2
1984-11-05,1.13,55.44,2
1984-11-06,1.13,58.912,2
1984-11-07,1.1,57.755,2
1984-11-08,1.14,57.176,2
1984-11-09,1.12,58.681,2
1984-11-10,1.11,58.796,2
1984-11-11,1.12,10.88,2
1984-11-12,1.13,13.194,2
1984-11-13,1.13,14.931,2
1984-11-14,1.13,22.338,2
1984-11-15,1.13,36.343,2
1984-11-16,1.13,47.917,2
1984-11-17,1.13,44.097,2
1984-11-18,1.13,38.657,2
1984-11-19,1.13,50.463,2
1984-11-20,1.13,48.38,2
1984-11-21,1.13,43.403,2
1984-11-22,1.13,48.148,2
1984-11-23,1.13,48.958,2
1984-11-24,1.13,44.792,2
1984-11-25,1.13,47.801,2
1984-11-26,1.13,48.843,2
1984-11-27,1.13,48.727,2
1984-11-28,1.13,47.222,2
1984-11-29,1.13,45.602,2
1984-11-30,1.11,46.875,2
1984-12-01,1.12,48.495,2
1984-12-02,1.11,48.727,2
1984-12-03,1.05,48.611,2
1984-12-04,1.08,47.569,2
1984-12-05,1.09,47.106,2
1984-12-06,1.1,45.486,2
1984-12-07,1.04,46.065,2
1984-12-08,1.13,46.065,2
1984-12-09,1.13,46.991,2
1984-12-10,1.13,46.875,2
1984-12-11,1.12,35.417,2
1984-12-12,1.13,59.259,2
1984-12-13,1.13,55.208,2
1984-12-14,1.13,55.787,2
1984-12-15,1.13,55.324,2
1984-12-16,1.13,54.745,2
1984-12-17,1.13,54.977,2
1984-12-18,1.13,55.093,2
1984-12-19,1.13,54.63,2
1984-12-20,1.13,54.977,2
1984-12-21,1.13,54.282,2
1984-12-22,1.13,54.398,2
1984-12-23,1.13,54.398,2
1984-12-24,1.13,54.398,2
1984-12-25,1.13,39.583,2
1984-12-26,1.13,42.824,2
1984-12-27,1.13,55.556,2
1984-12-28,1.13,56.25,2
1984-12-29,1.13,55.903,2
1984-12-30,1.13,53.819,2
1984-12-31,1.13,54.398,2
1985-01-01,1.13,40.509,2
1985-01-02,1.13,55.671,2
1985-01-03,1.13,53.472,2
1985-01-04,1.13,52.315,2
1985-01-05,1.13,54.282,2
1985-01-06,1.13,55.093,2
1985-01-07,1.13,55.093,2
1985-01-08,1.13,55.093,2
1985-01-09,1.13,54.051,2
1985-01-10,1.13,54.977,2
1985-01-11,1.13,55.324,2
1985-01-12,1.13,54.861,2
1985-01-13,1.13,47.106,2
1985-01-14,1.13,40.278,2
1985-01-15,1.13,37.847,2
1985-01-16,1.13,40.278,2
1985-01-17,1.13,40.972,2
1985-01-18,1.13,37.269,2
1985-01-19,1.13,27.778,2
1985-01-20,1.13,19.213,2
1985-01-21,1.13,40.509,2
1985-01-22,1.13,56.25,2
1985-01-23,1.13,54.514,2
1985-01-24,1.08,53.704,2
1985-01-25,1.07,54.051,2
1985-01-26,1.08,53.356,2
1985-01-27,1.14,52.083,2
1985-01-28,1.1,53.356,2
1985-01-29,1.07,52.431,2
1985-01-30,0.81,41.551,2
1985-01-31,1.01,54.398,2
1985-02-01,1.1,54.745,2
1985-02-02,1.13,55.208,2
1985-02-03,1.13,54.63,2
1985-02-04,1.13,55.093,2
1985-02-05,1.13,55.44,2
1985-02-06,1.13,54.398,2
1985-02-07,1.13,54.63,2
1985-02-08,1.13,54.167,2
1985-02-09,1.13,54.167,2
1985-02-10,1.13,53.704,2
1985-02-11,1.09,70.37,2
1985-02-12,1.13,79.861,2
1985-02-13,1.13,74.884,2
1985-02-14,1.13,88.773,2
1985-02-15,1.13,97.106,2
1985-02-16,1.13,96.065,2
1985-02-17,1.13,62.731,2
1985-02-18,1.13,90.972,2
1985-02-19,1.13,90.278,2
1985-02-20,1.13,90.741,2
1985-02-21,1.13,91.667,2
1985-02-22,1.13,89.468,2
1985-02-23,1.13,86.111,2
1985-02-24,1.13,56.713,2
1985-02-25,1.13,78.241,2
1985-02-26,1.13,77.083,2
1985-02-27,1.13,77.083,2
1985-02-28,1.13,75.0,2
1985-03-01,1.13,78.356,2
1985-03-02,1.13,74.653,2
1985-03-03,1.13,57.87,2
1985-03-04,1.13,75.231,2
1985-03-05,1.13,74.653,2
1985-03-06,1.13,74.306,2
1985-03-07,1.13,71.644,2
1985-03-08,1.13,72.338,2
1985-03-09,1.13,71.412,2
1985-03-10,1.13,56.134,2
1985-03-11,1.13,55.556,2
1985-03-12,1.13,55.903,2
1985-03-13,1.13,55.671,2
1985-03-14,1.13,56.019,2
1985-03-15,1.13,55.44,2
1985-03-16,1.13,55.324,2
1985-03-17,1.13,55.556,2
1985-03-18,1.13,43.056,2
1985-03-19,1.13,24.074,2
1985-03-20,1.13,44.907,2
1985-03-21,1.13,46.065,2
1985-03-22,1.13,55.671,2
1985-03-23,1.13,56.597,2
1985-03-24,1.13,47.338,2
1985-03-25,1.13,57.407,2
1985-03-26,1.13,53.356,2
1985-03-27,1.13,56.019,2
1985-03-28,1.13,52.083,2
1985-03-29,1.13,49.074,2
1985-03-30,1.13,47.801,2
1985-03-31,1.13,52.662,2
1985-04-01,1.13,43.171,2
1985-04-02,1.13,54.63,2
1985-04-03,1.13,54.977,2
1985-04-04,1.13,34.954,2
1985-04-05,1.13,53.935,2
1985-04-06,1.13,57.639,2
1985-04-07,1.13,69.097,2
1985-04-08,1.13,93.75,2
1985-04-09,1.13,82.407,2
1985-04-10,1.13,81.25,2
1985-04-11,1.13,84.144,2
1985-04-12,1.13,83.449,2
1985-04-13,1.13,89.005,2
1985-04-14,1.13,54.977,2
1985-04-15,1.13,72.106,2
1985-04-16,1.13,73.611,2
1985-04-17,1.13,62.384,2
1985-04-18,1.13,59.954,2
1985-04-19,1.13,58.565,2
1985-04-20,1.13,57.986,2
1985-04-21,1.13,54.977,2
1985-04-22,1.13,60.417,2
1985-04-23,1.13,54.63,2
1985-04-24,1.13,56.366,2
1985-04-25,1.13,53.704,2
1985-04-26,1.13,53.356,2
1985-04-27,1.13,53.009,2
1985-04-28,1.13,53.472,2
1985-04-29,1.13,54.282,2
1985-04-30,1.13,53.125,2
1985-05-01,1.13,58.912,2
1985-05-02,1.13,55.787,2
1985-05-03,1.13,55.671,2
1985-05-04,1.13,55.787,2
1985-05-05,1.13,55.44,2
1985-05-06,1.13,55.44,2
1985-05-07,1.13,41.551,2
1985-05-08,1.13,40.509,2
1985-05-09,1.13,40.509,2
1985-05-10,1.13,40.741,2
1985-05-11,1.13,45.486,2
1985-05-12,1.13,14.815,2
1985-05-13,1.13,34.722,2
1985-05-14,1.13,37.731,2
1985-05-15,1.13,37.269,2
1985-05-16,1.13,37.5,2
1985-05-17,1.13,36.458,2
1985-05-18,1.13,36.69,2
1985-05-19,1.13,12.616,2
1985-05-20,1.13,30.324,2
1985-05-21,1.13,32.176,2
1985-05-22,1.13,26.273,2
1985-05-23,1.13,26.157,2
1985-05-24,1.13,25.81,2
1985-05-25,1.13,24.884,2
1985-05-26,1.13,11.227,2
1985-05-27,1.13,30.44,2
1985-05-28,1.13,30.44,2
1985-05-29,1.13,22.569,2
1985-05-30,1.13,21.412,2
1985-05-31,1.13,19.213,2
1985-06-01,1.13,42.824,2
1985-06-02,1.13,37.037,2
1985-06-03,1.13,52.083,2
1985-06-04,1.13,63.657,2
1985-06-05,1.13,63.657,2
1985-06-06,1.13,28.935,2
1985-06-07,1.13,63.657,2
1985-06-08,1.13,56.713,2
1985-06-09,1.13,49.769,2
1985-06-10,1.13,56.713,2
1985-06-11,1.13,63.657,2
1985-06-12,1.13,64.815,2
1985-06-13,1.13,64.815,2
1985-06-14,1.13,65.972,2
1985-06-15,1.13,65.972,2
1985-06-16,1.13,65.972,2
1985-06-17,1.13,65.972,2
1985-06-18,1.13,65.972,2
1985-06-19,1.13,59.028,2
1985-06-20,1.13,54.398,2
1985-06-21,1.13,47.454,2
1985-06-22,1.13,45.139,2
1985-06-23,1.13,12.153,2
1985-06-24,1.09,44.56,2
1985-06-25,1.13,47.454,2
1985-06-26,1.13,37.037,2
1985-06-27,1.13,37.037,2
1985-06-28,1.13,38.194,2
1985-06-29,1.13,40.509,2
1985-06-30,1.13,7.986,2
1985-07-01,1.13,38.426,2
1985-07-02,1.13,38.426,2
1985-07-03,1.13,39.583,2
1985-07-04,1.13,39.236,2
1985-07-05,1.13,40.972,2
1985-07-06,1.13,43.287,2
1985-07-07,1.13,12.5,2
1985-07-08,1.1,41.898,2
1985-07-09,1.13,43.866,2
1985-07-10,1.13,44.329,2
1985-07-11,1.13,46.296,2
1985-07-12,1.13,43.75,2
1985-07-13,1.13,51.389,2
1985-07-14,1.13,12.153,2
1985-07-15,1.06,36.574,2
1985-07-16,1.13,40.509,2
1985-07-17,1.13,44.329,2
1985-07-18,1.13,45.37,2
1985-07-19,1.13,46.065,2
1985-07-20,1.13,41.551,2
1985-07-21,1.13,13.079,2
1985-07-22,1.13,46.181,2
1985-07-23,1.13,45.486,2
1985-07-24,1.13,45.949,2
1985-07-25,1.1,7.06,2
1985-07-26,1.13,44.444,2
1985-07-27,1.13,45.255,2
1985-07-28,1.13,6.944,2
1985-07-29,1.07,37.384,2
1985-07-30,1.13,28.819,2
1985-07-31,1.13,34.375,2
1985-08-01,1.13,50.579,2
1985-08-02,1.13,50.81,2
1985-08-03,1.13,51.042,2
1985-08-04,1.13,8.796,2
1985-08-05,1.05,44.676,2
1985-08-06,1.13,50.926,2
1985-08-07,1.13,51.852,2
1985-08-08,1.13,44.676,2
1985-08-09,1.13,50.81,2
1985-08-10,1.13,49.421,2
1985-08-11,1.13,7.523,2
1985-08-12,1.13,45.486,2
1985-08-13,1.13,43.519,2
1985-08-14,1.13,46.412,2
1985-08-15,1.13,12.5,2
1985-08-16,0.9,42.824,2
1985-08-17,1.13,41.898,2
1985-08-18,1.13,11.574,2
1985-08-19,1.13,8.102,2
1985-08-20,0.95,8.102,2
1985-08-21,0.78,8.102,2
1985-08-22,0.79,7.639,2
1985-08-23,1.13,7.639,2
1985-08-24,1.1,8.333,2
1985-08-25,1.08,8.102,2
1985-08-26,1.05,8.102,2
1985-08-27,1.03,8.102,2
1985-08-28,1.0,8.102,2
1985-08-29,0.78,8.102,2
1985-08-30,1.0,8.102,2
1985-08-31,1.0,8.102,2
1985-09-01,1.02,8.102,2
1985-09-02,1.0,8.102,2
1985-09-03,1.0,8.102,2
1985-09-04,1.0,8.102,2
1985-09-05,1.02,8.102,2
1985-09-06,1.03,8.102,2
1985-09-07,1.04,7.755,2
1985-09-08,1.08,8.102,2
1985-09-09,1.08,8.102,2
1985-09-10,1.08,7.523,2
1985-09-11,1.13,8.102,2
1985-09-12,1.13,8.102,2
1985-09-13,1.1,8.102,2
1985-09-14,1.13,8.102,2
1985-09-15,1.13,8.102,2
1985-09-16,1.13,29.977,2
1985-09-17,1.13,33.218,2
1985-09-18,1.13,29.861,2
1985-09-19,1.13,29.861,2
1985-09-20,1.13,29.977,2
1985-09-21,1.13,29.977,2
1985-09-22,1.13,9.606,2
1985-09-23,1.06,27.083,2
1985-09-24,1.13,30.556,2
1985-09-25,1.13,30.556,2
1985-09-26,1.12,31.25,2
1985-09-27,1.13,20.255,2
1985-09-28,1.13,14.699,2
1985-09-29,1.13,6.944,2
1985-09-30,1.04,8.449,2
1985-10-01,1.13,17.94,2
1985-10-02,1.13,16.898,2
1985-10-03,1.13,30.903,2
1985-10-04,1.13,20.37,2
1985-10-05,1.1,26.389,2
1985-10-06,1.13,5.093,2
1985-10-07,1.02,31.597,2
1985-10-08,1.11,33.102,2
1985-10-09,1.1,31.481,2
1985-10-10,1.13,32.407,2
1985-10-11,1.13,27.083,2
1985-10-12,1.13,4.514,2
1985-10-13,1.0,1.62,2
1985-10-14,0.9,35.417,2
1985-10-15,1.09,37.963,2
1985-10-16,1.13,38.426,2
1985-10-17,1.13,37.963,2
1985-10-18,1.13,37.963,2
1985-10-19,1.13,38.194,2
1985-10-20,1.13,6.713,2
1985-10-21,0.9,40.856,2
1985-10-22,1.13,36.921,2
1985-10-23,1.13,32.407,2
1985-10-24,1.13,38.542,2
1985-10-25,1.13,38.773,2
1985-10-26,1.13,38.773,2
1985-10-27,1.13,6.713,2
1985-10-28,0.95,35.417,2
1985-10-29,1.13,34.491,2
1985-10-30,1.13,37.963,2
1985-10-31,1.13,37.963,2
1985-11-01,1.13,9.028,2
1985-11-02,1.0,34.028,2
1985-11-03,1.13,6.597,2
1985-11-04,1.0,33.681,2
1985-11-05,1.13,38.542,2
1985-11-06,1.13,38.542,2
1985-11-07,1.13,43.056,2
1985-11-08,1.13,43.403,2
1985-11-09,1.13,14.236,2
1985-11-10,1.13,15.046,2
1985-11-11,1.13,7.292,2
1985-11-12,1.13,9.375,2
1985-11-13,1.13,4.861,2
1985-11-14,1.13,3.704,2
1985-11-15,0.81,5.44,2
1985-11-16,0.93,1.389,2
1985-11-17,1.13,2.083,2
1985-11-18,1.13,2.662,2
1985-11-19,1.13,2.315,2
1985-11-20,1.13,1.968,2
1985-11-21,1.13,2.083,2
1985-11-22,1.13,1.968,2
1985-11-23,1.13,1.852,2
1985-11-24,1.13,1.62,2
1985-11-25,1.13,1.505,2
1985-11-26,1.13,1.62,2
1985-11-27,1.13,1.736,2
1985-11-28,1.13,1.852,2
1985-11-29,1.13,1.968,2
1985-11-30,1.13,1.968,2
1985-12-01,1.13,2.199,2
1985-12-02,1.13,2.083,2
1985-12-03,1.13,1.736,2
1985-12-04,1.13,1.852,2
1985-12-05,1.13,1.968,2
1985-12-06,1.13,2.778,2
1985-12-07,1.13,2.662,2
1985-12-08,1.13,3.009,2
1985-12-09,1.13,2.778,2
1985-12-10,1.13,3.125,2
1985-12-11,1.13,3.009,2
1985-12-12,1.13,3.125,2
1985-12-13,1.13,2.894,2
1985-12-14,1.13,2.778,2
1985-12-15,1.13,2.199,2
1985-12-16,1.13,2.083,2
1985-12-17,1.13,2.083,2
1985-12-18,1.13,2.083,2
1985-12-19,1.13,1.736,2
1985-12-20,1.13,2.083,2
1985-12-21,1.13,1.968,2
1985-12-22,1.13,1.968,2
1985-12-23,1.13,3.125,2
1985-12-24,1.13,11.806,2
1985-12-25,1.13,46.528,2
1985-12-26,1.13,38.773,2
1985-12-27,1.13,32.407,2
1985-12-28,1.13,36.806,2
1985-12-29,1.13,28.356,2
1985-12-30,1.13,18.866,2
1985-12-31,1.12,15.972,2
1986-01-01,1.12,22.222,2
1986-01-02,1.13,46.759,2
1986-01-03,1.13,48.611,2
1986-01-04,1.05,41.088,2
1986-01-05,1.04,34.491,2
1986-01-06,1.04,33.333,2
1986-01-07,1.05,30.787,2
1986-01-08,1.06,31.366,2
1986-01-09,1.04,26.157,2
1986-01-10,1.04,27.431,2
1986-01-11,1.11,42.245,2
1986-01-12,1.13,27.199,2
1986-01-13,1.04,26.968,2
1986-01-14,1.08,37.037,2
1986-01-15,1.1,37.616,2
1986-01-16,1.13,30.671,2
1986-01-17,1.13,21.991,2
1986-01-18,1.04,19.907,2
1986-01-19,1.05,18.056,2
1986-01-20,1.05,17.593,2
1986-01-21,1.04,17.014,2
1986-01-22,1.04,15.972,2
1986-01-23,1.05,18.171,2
1986-01-24,1.05,27.894,2
1986-01-25,1.05,26.273,2
1986-01-26,1.06,23.495,2
1986-01-27,1.06,24.537,2
1986-01-28,1.01,32.639,2
1986-01-29,1.04,35.764,2
1986-01-30,1.05,37.731,2
1986-01-31,1.05,32.639,2
1986-02-01,1.02,30.208,2
1986-02-02,1.04,18.403,2
1986-02-03,1.04,20.023,2
1986-02-04,1.04,26.852,2
1986-02-05,1.13,42.824,2
1986-02-06,1.12,43.056,2
1986-02-07,1.13,0.0,2
1986-02-08,1.13,43.056,2
1986-02-09,1.09,20.37,2
1986-02-10,1.04,37.616,2
1986-02-11,1.11,42.361,2
1986-02-12,1.12,42.361,2
1986-02-13,1.13,42.708,2
1986-02-14,1.04,51.968,2
1986-02-15,1.05,36.458,2
1986-02-16,1.03,39.12,2
1986-02-17,1.05,47.801,2
1986-02-18,1.01,0.0,2
1986-02-19,1.01,47.685,2
1986-02-20,1.02,0.0,2
1986-02-21,1.02,39.236,2
1986-02-22,1.03,0.0,2
1986-02-23,1.03,46.991,2
1986-02-24,1.02,0.0,2
1986-02-25,1.02,48.264,2
1986-02-26,1.06,49.306,2
1986-02-27,1.04,0.0,2
1986-02-28,1.04,48.264,2
1986-03-01,1.04,48.611,2
1986-03-02,1.04,48.148,2
1986-03-03,1.03,46.991,2
1986-03-04,1.02,43.981,2
1986-03-05,1.01,41.204,2
1986-03-06,1.11,43.981,2
1986-03-07,1.01,34.491,2
1986-03-08,1.06,40.046,2
1986-03-09,1.07,28.009,2
1986-03-10,1.02,38.194,2
1986-03-11,1.03,41.667,2
1986-03-12,1.13,44.213,2
1986-03-13,1.13,44.56,2
1986-03-14,1.11,49.884,2
1986-03-15,1.13,46.644,2
1986-03-16,1.11,22.917,2
1986-03-17,1.05,36.574,2
1986-03-18,1.1,42.593,2
1986-03-19,1.11,40.856,2
1986-03-20,1.13,42.593,2
1986-03-21,1.13,49.884,2
1986-03-22,1.13,46.759,2
1986-03-23,1.11,28.009,2
1986-03-24,1.01,41.204,2
1986-03-25,1.13,50.231,2
1986-03-26,1.13,49.769,2
1986-03-27,1.13,42.593,2
1986-03-28,1.05,31.481,2
1986-03-29,1.05,40.972,2
1986-03-30,1.13,28.935,2
1986-03-31,1.04,38.194,2
1986-04-01,1.1,49.537,2
1986-04-02,1.13,50.0,2
1986-04-03,1.13,50.0,2
1986-04-04,1.13,48.958,2
1986-04-05,1.13,49.421,2
1986-04-06,1.12,26.389,2
1986-04-07,1.04,37.963,2
1986-04-08,1.12,42.708,2
1986-04-09,1.12,47.685,2
1986-04-10,1.12,48.958,2
1986-04-11,1.12,48.727,2
1986-04-12,1.13,49.074,2
1986-04-13,1.11,21.759,2
1986-04-14,1.01,39.815,2
1986-04-15,1.12,42.014,2
1986-04-16,1.13,46.644,2
1986-04-17,1.12,47.454,2
1986-04-18,1.13,42.477,2
1986-04-19,1.02,37.037,2
1986-04-20,1.1,20.023,2
1986-04-21,1.0,28.588,2
1986-04-22,1.1,43.171,2
1986-04-23,1.11,46.875,2
1986-04-24,1.12,42.824,2
1986-04-25,1.13,44.329,2
1986-04-26,1.12,41.898,2
1986-04-27,1.09,18.519,2
1986-04-28,1.12,39.815,2
1986-04-29,1.1,42.708,2
1986-04-30,1.09,42.824,2
1986-05-01,1.12,19.097,2
1986-05-02,1.12,38.889,2
1986-05-03,1.1,31.019,2
1986-05-04,1.05,15.162,2
1986-05-05,1.04,26.273,2
1986-05-06,1.06,27.315,2
1986-05-07,1.02,26.505,2
1986-05-08,1.03,26.042,2
1986-05-09,1.04,25.926,2
1986-05-10,1.06,26.505,2
1986-05-11,1.08,15.509,2
1986-05-12,1.05,26.042,2
1986-05-13,1.03,26.968,2
1986-05-14,1.03,27.431,2
1986-05-15,1.02,26.736,2
1986-05-16,1.04,28.241,2
1986-05-17,1.05,28.241,2
1986-05-18,1.03,16.204,2
1986-05-19,1.05,27.199,2
1986-05-20,1.03,26.273,2
1986-05-21,1.02,38.31,2
1986-05-22,1.04,40.394,2
1986-05-23,1.06,37.384,2
1986-05-24,0.98,37.731,2
1986-05-25,1.02,13.079,2
1986-05-26,1.05,35.301,2
1986-05-27,1.05,39.12,2
1986-05-28,1.06,43.75,2
1986-05-29,1.1,13.542,2
1986-05-30,1.1,32.87,2
1986-05-31,0.98,43.171,2
1986-06-01,1.1,17.245,2
1986-06-02,0.97,39.815,2
1986-06-03,1.12,47.338,2
1986-06-04,1.13,47.106,2
1986-06-05,1.12,47.106,2
1986-06-06,1.11,46.412,2
1986-06-07,1.05,45.486,2
1986-06-08,1.13,14.815,2
1986-06-09,0.97,39.12,2
1986-06-10,1.12,48.264,2
1986-06-11,1.12,44.213,2
1986-06-12,1.02,39.931,2
1986-06-13,1.08,42.708,2
1986-06-14,1.12,42.477,2
1986-06-15,1.1,12.847,2
1986-06-16,0.83,37.963,2
1986-06-17,1.07,44.329,2
1986-06-18,1.1,41.898,2
1986-06-19,1.13,41.782,2
1986-06-20,1.13,42.708,2
1986-06-21,1.13,47.222,2
1986-06-22,1.1,11.458,2
1986-06-23,1.03,32.176,2
1986-06-24,1.09,38.542,2
1986-06-25,1.11,39.352,2
1986-06-26,1.1,34.259,2
1986-06-27,1.1,35.764,2
1986-06-28,1.06,34.954,2
1986-06-29,1.08,8.565,2
1986-06-30,1.0,32.87,2
1986-07-01,1.1,41.435,2
1986-07-02,1.12,44.097,2
1986-07-03,1.13,45.833,2
1986-07-04,1.11,42.593,2
1986-07-05,1.13,43.056,2
1986-07-06,1.12,15.741,2
1986-07-07,0.98,40.625,2
1986-07-08,1.13,44.097,2
1986-07-09,1.13,43.981,2
1986-07-10,1.13,44.329,2
1986-07-11,1.13,40.741,2
1986-07-12,1.13,39.699,2
1986-07-13,1.13,12.616,2
1986-07-14,1.02,43.056,2
1986-07-15,1.13,42.824,2
1986-07-16,1.13,38.194,2
1986-07-17,1.12,43.403,2
1986-07-18,1.13,43.056,2
1986-07-19,1.12,43.287,2
1986-07-20,1.13,7.176,2
1986-07-21,1.11,43.287,2
1986-07-22,1.13,40.394,2
1986-07-23,1.13,36.458,2
1986-07-24,1.13,39.352,2
1986-07-25,1.13,7.176,2
1986-07-26,1.13,37.153,2
1986-07-27,1.13,7.292,2
1986-07-28,1.12,33.102,2
1986-07-29,1.13,30.324,2
1986-07-30,1.13,28.356,2
1986-07-31,1.1,24.306,2
1986-08-01,1.13,43.403,2
1986-08-02,1.13,43.981,2
1986-08-03,1.13,7.523,2
1986-08-04,1.13,43.981,2
1986-08-05,1.13,44.213,2
1986-08-06,1.13,44.329,2
1986-08-07,1.13,44.444,2
1986-08-08,1.13,42.245,2
1986-08-09,1.13,44.907,2
1986-08-10,1.05,4.977,2
1986-08-11,1.13,44.329,2
1986-08-12,1.13,41.898,2
1986-08-13,1.13,41.435,2
1986-08-14,1.13,40.856,2
1986-08-15,1.13,6.713,2
1986-08-16,1.13,6.713,2
1986-08-17,1.13,6.597,2
1986-08-18,1.05,5.44,2
1986-08-19,1.1,6.366,2
1986-08-20,1.13,5.903,2
1986-08-21,1.11,6.019,2
1986-08-22,1.11,6.597,2
1986-08-23,1.12,5.324,2
1986-08-24,1.11,5.787,2
1986-08-25,1.1,5.787,2
1986-08-26,1.09,5.903,2
1986-08-27,1.1,5.44,2
1986-08-28,1.12,6.25,2
1986-08-29,1.1,5.556,2
1986-08-30,1.11,6.019,2
1986-08-31,1.11,6.019,2
1986-09-01,1.11,5.208,2
1986-09-02,1.11,5.556,2
1986-09-03,1.11,6.019,2
1986-09-04,1.1,5.556,2
1986-09-05,1.1,5.324,2
1986-09-06,1.09,5.787,2
1986-09-07,1.11,5.671,2
1986-09-08,1.13,5.556,2
1986-09-09,1.1,6.25,2
1986-09-10,1.08,5.208,2
1986-09-11,1.11,0.231,2
1986-09-12,1.09,4.63,2
1986-09-13,1.07,2.894,2
1986-09-14,1.01,1.157,2
1986-09-15,1.1,1.273,2
1986-09-16,1.11,7.407,2
1986-09-17,1.11,1.736,2
1986-09-18,1.12,1.736,2
1986-09-19,1.12,11.574,2
1986-09-20,1.13,44.213,2
1986-09-21,1.13,39.468,2
1986-09-22,1.13,40.046,2
1986-09-23,1.13,55.671,2
1986-09-24,1.13,55.787,2
1986-09-25,1.13,55.671,2
1986-09-26,1.08,55.903,2
1986-09-27,1.13,40.625,2
1986-09-28,1.13,9.606,2
1986-09-29,1.04,35.648,2
1986-09-30,1.13,40.046,2
1986-10-01,0.86,42.014,2
1986-10-02,0.86,41.782,2
1986-10-03,0.86,41.782,2
1986-10-04,0.86,49.537,2
1986-10-05,0.86,5.44,2
1986-10-06,0.68,46.412,2
1986-10-07,0.85,49.19,2
1986-10-08,0.85,48.958,2
1986-10-09,0.86,48.843,2
1986-10-10,0.85,40.972,2
1986-10-11,0.86,49.653,2
1986-10-12,0.86,1.62,2
1986-10-13,0.86,49.19,2
1986-10-14,0.86,50.0,2
1986-10-15,0.85,50.579,2
1986-10-16,0.86,50.0,2
1986-10-17,0.86,43.403,2
1986-10-18,0.86,50.579,2
1986-10-19,0.86,3.588,2
1986-10-20,0.86,50.116,2
1986-10-21,0.85,39.005,2
1986-10-22,0.86,40.741,2
1986-10-23,0.85,40.972,2
1986-10-24,0.85,40.741,2
1986-10-25,0.86,40.972,2
1986-10-26,0.86,3.241,2
1986-10-27,0.85,24.074,2
1986-10-28,0.85,27.431,2
1986-10-29,0.85,27.662,2
1986-10-30,0.86,28.009,2
1986-10-31,0.85,28.241,2
1986-11-01,0.86,2.431,2
1986-11-02,0.83,2.315,2
1986-11-03,0.83,40.625,2
1986-11-04,0.85,41.435,2
1986-11-05,0.86,41.319,2
1986-11-06,0.86,22.338,2
1986-11-07,0.86,19.329,2
1986-11-08,0.85,2.315,2
1986-11-09,0.85,1.852,2
1986-11-10,0.86,1.852,2
1986-11-11,0.85,1.852,2
1986-11-12,0.85,1.968,2
1986-11-13,0.85,2.431,2
1986-11-14,0.86,3.704,2
1986-11-15,0.86,7.176,2
1986-11-16,0.85,4.745,2
1986-11-17,0.85,6.829,2
1986-11-18,0.84,3.125,2
1986-11-19,0.86,3.356,2
1986-11-20,0.85,2.894,2
1986-11-21,0.86,3.009,2
1986-11-22,0.86,22.917,2
1986-11-23,0.83,2.894,2
1986-11-24,0.84,22.569,2
1986-11-25,0.84,23.264,2
1986-11-26,0.85,23.611,2
1986-11-27,0.86,22.106,2
1986-11-28,0.86,23.843,2
1986-11-29,0.86,2.546,2
1986-11-30,0.86,2.662,2
1986-12-01,0.85,2.431,2
1986-12-02,0.86,2.662,2
1986-12-03,0.85,2.431,2
1986-12-04,0.86,2.662,2
1986-12-05,0.85,2.546,2
1986-12-06,0.85,2.546,2
1986-12-07,0.85,2.546,2
1986-12-08,0.85,2.546,2
1986-12-09,0.86,3.125,2
1986-12-10,0.86,3.588,2
1986-12-11,0.78,1.852,2
1986-12-12,0.85,2.662,2
1986-12-13,0.85,3.241,2
1986-12-14,0.86,7.292,2
1986-12-15,0.85,12.5,2
1986-12-16,0.85,12.153,2
1986-12-17,0.85,11.227,2
1986-12-18,0.85,11.574,2
1986-12-19,0.85,10.648,2
1986-12-20,0.85,10.185,2
1986-12-21,0.85,4.167,2
1986-12-22,0.85,11.921,2
1986-12-23,0.86,11.111,2
1986-12-24,0.86,4.977,2
1986-12-25,0.85,4.051,2
1986-12-26,0.85,3.704,2
1986-12-27,0.85,3.472,2
1986-12-28,0.85,3.472,2
1986-12-29,0.85,3.009,2
1986-12-30,0.85,2.778,2
1986-12-31,0.85,2.662,2
1987-01-01,0.86,2.894,2
1987-01-02,0.85,2.778,2
1987-01-03,0.85,2.662,2
1987-01-04,0.86,2.894,2
1987-01-05,0.85,2.778,2
1987-01-06,0.85,2.894,2
1987-01-07,0.86,3.125,2
1987-01-08,0.85,3.009,2
1987-01-09,0.85,3.009,2
1987-01-10,0.85,3.009,2
1987-01-11,0.85,3.009,2
1987-01-12,0.85,3.009,2
1987-01-13,0.85,4.051,2
1987-01-14,0.86,4.745,2
1987-01-15,0.85,4.514,2
1987-01-16,0.85,4.051,2
1987-01-17,0.86,4.167,2
1987-01-18,0.85,3.935,2
1987-01-19,0.85,3.935,2
1987-01-20,0.86,4.167,2
1987-01-21,0.85,4.051,2
1987-01-22,0.85,3.935,2
1987-01-23,0.85,3.704,2
1987-01-24,0.85,3.704,2
1987-01-25,0.85,3.935,2
1987-01-26,0.85,4.63,2
1987-01-27,0.86,5.556,2
1987-01-28,0.85,5.903,2
1987-01-29,0.85,9.491,2
1987-01-30,0.85,9.375,2
1987-01-31,0.85,7.87,2
1987-02-01,0.85,7.407,2
1987-02-02,0.85,7.06,2
1987-02-03,0.85,7.407,2
1987-02-04,0.85,7.292,2
1987-02-05,0.84,7.292,2
1987-02-06,0.84,6.481,2
1987-02-07,0.86,6.829,2
1987-02-08,0.85,6.713,2
1987-02-09,0.85,6.829,2
1987-02-10,0.86,6.481,2
1987-02-11,0.85,5.671,2
1987-02-12,0.86,5.787,2
1987-02-13,0.85,5.671,2
1987-02-14,0.86,6.944,2
1987-02-15,0.85,6.944,2
1987-02-16,0.85,7.755,2
1987-02-17,0.86,18.171,2
1987-02-18,0.86,19.907,2
1987-02-19,0.85,12.731,2
1987-02-20,0.85,9.375,2
1987-02-21,0.85,9.259,2
1987-02-22,0.85,8.796,2
1987-02-23,0.85,9.259,2
1987-02-24,0.85,8.912,2
1987-02-25,0.85,10.532,2
1987-02-26,0.86,10.995,2
1987-02-27,0.86,12.153,2
1987-02-28,0.85,14.352,2
1987-03-01,0.85,14.699,2
1987-03-02,0.85,14.12,2
1987-03-03,0.84,12.384,2
1987-03-04,0.85,12.269,2
1987-03-05,0.85,11.69,2
1987-03-06,0.85,13.079,2
1987-03-07,0.86,9.954,2
1987-03-08,0.85,9.259,2
1987-03-09,0.85,9.028,2
1987-03-10,0.85,8.681,2
1987-03-11,0.85,8.565,2
1987-03-12,0.86,8.449,2
1987-03-13,0.86,8.102,2
1987-03-14,0.85,7.87,2
1987-03-15,0.86,7.87,2
1987-03-16,0.84,6.25,2
1987-03-17,0.85,6.134,2
1987-03-18,0.86,6.134,2
1987-03-19,0.85,5.787,2
1987-03-20,0.85,5.787,2
1987-03-21,0.85,5.903,2
1987-03-22,0.85,6.019,2
1987-03-23,0.85,5.556,2
1987-03-24,0.85,5.556,2
1987-03-25,0.86,7.407,2
1987-03-26,0.86,9.375,2
1987-03-27,0.85,7.176,2
1987-03-28,0.85,8.102,2
1987-03-29,0.85,8.102,2
1987-03-30,0.85,7.87,2
1987-03-31,0.86,8.333,2
1987-04-01,0.85,8.333,2
1987-04-02,0.85,8.565,2
1987-04-03,0.85,9.259,2
1987-04-04,0.85,9.375,2
1987-04-05,0.85,9.491,2
1987-04-06,0.85,9.606,2
1987-04-07,0.86,15.741,2
1987-04-08,0.85,16.435,2
1987-04-09,0.85,17.361,2
1987-04-10,0.85,14.236,2
1987-04-11,0.86,13.889,2
1987-04-12,0.85,13.773,2
1987-04-13,0.85,12.616,2
1987-04-14,0.84,10.069,2
1987-04-15,0.85,9.722,2
1987-04-16,0.85,9.954,2
1987-04-17,0.85,9.838,2
1987-04-18,0.85,9.722,2
1987-04-19,0.85,9.375,2
1987-04-20,0.85,9.144,2
1987-04-21,0.85,8.796,2
1987-04-22,0.85,8.681,2
1987-04-23,0.85,8.565,2
1987-04-24,0.85,10.185,2
1987-04-25,0.86,11.69,2
1987-04-26,0.85,10.417,2
1987-04-27,0.85,9.606,2
1987-04-28,0.85,9.491,2
1987-04-29,0.86,9.954,2
1987-04-30,0.85,9.259,2
1987-05-01,0.84,8.565,2
1987-05-02,0.84,8.218,2
1987-05-03,0.86,8.449,2
1987-05-04,0.85,7.523,2
1987-05-05,0.85,7.523,2
1987-05-06,0.85,7.176,2
1987-05-07,0.85,7.06,2
1987-05-08,0.84,6.481,2
1987-05-09,0.84,5.44,2
1987-05-10,0.85,5.556,2
1987-05-11,0.85,5.671,2
1987-05-12,0.85,5.324,2
1987-05-13,0.82,5.44,2
1987-05-14,0.78,6.019,2
1987-05-15,0.69,5.903,2
1987-05-16,0.81,6.134,2
1987-05-17,0.85,5.903,2
1987-05-18,0.77,6.25,2
1987-05-19,0.81,6.366,2
1987-05-20,0.76,5.903,2
1987-05-21,0.83,6.481,2
1987-05-22,0.83,6.481,2
1987-05-23,0.83,6.481,2
1987-05-24,0.83,6.944,2
1987-05-25,0.81,6.944,2
1987-05-26,0.79,7.523,2
1987-05-27,0.77,7.407,2
1987-05-28,0.84,7.755,2
1987-05-29,0.64,6.597,2
1987-05-30,0.69,4.63,2
1987-05-31,0.83,6.713,2
1987-06-01,0.81,5.556,2
1987-06-02,0.81,14.352,2
1987-06-03,0.81,29.63,2
1987-06-04,0.78,32.755,2
1987-06-05,0.64,25.347,2
1987-06-06,0.81,28.819,2
1987-06-07,0.81,6.366,2
1987-06-08,0.74,31.481,2
1987-06-09,0.81,31.134,2
1987-06-10,0.81,24.19,2
1987-06-11,0.83,30.208,2
1987-06-12,0.8,34.491,2
1987-06-13,0.8,33.681,2
1987-06-14,0.83,5.44,2
1987-06-15,0.85,32.986,2
1987-06-16,0.83,33.912,2
1987-06-17,0.83,26.389,2
1987-06-18,0.83,5.324,2
1987-06-19,0.82,32.407,2
1987-06-20,0.82,35.301,2
1987-06-21,0.81,6.25,2
1987-06-22,0.78,33.681,2
1987-06-23,0.8,34.491,2
1987-06-24,0.81,32.986,2
1987-06-25,0.79,33.681,2
1987-06-26,0.83,34.954,2
1987-06-27,0.81,35.532,2
1987-06-28,0.81,8.912,2
1987-06-29,0.79,34.954,2
1987-06-30,0.82,34.375,2
1987-07-01,0.85,34.722,2
1987-07-02,0.81,33.912,2
1987-07-03,0.83,33.449,2
1987-07-04,0.82,34.491,2
1987-07-05,0.84,8.218,2
1987-07-06,0.84,30.324,2
1987-07-07,0.79,37.847,2
1987-07-08,0.64,31.829,2
1987-07-09,0.83,35.764,2
1987-07-10,0.82,37.153,2
1987-07-11,0.82,35.995,2
1987-07-12,0.82,8.218,2
1987-07-13,0.83,36.458,2
1987-07-14,0.81,36.69,2
1987-07-15,0.81,37.384,2
1987-07-16,0.81,34.028,2
1987-07-17,0.84,35.764,2
1987-07-18,0.8,18.171,2
1987-07-19,0.74,7.639,2
1987-07-20,0.78,32.523,2
1987-07-21,0.77,37.731,2
1987-07-22,0.83,37.731,2
1987-07-23,0.8,37.963,2
1987-07-24,0.82,37.731,2
1987-07-25,0.83,7.06,2
1987-07-26,0.81,7.986,2
1987-07-27,0.82,37.847,2
1987-07-28,0.79,40.278,2
1987-07-29,0.81,40.394,2
1987-07-30,0.82,42.361,2
1987-07-31,0.81,42.361,2
1987-08-01,0.82,32.87,2
1987-08-02,0.8,7.407,2
1987-08-03,0.81,39.931,2
1987-08-04,0.81,40.509,2
1987-08-05,0.8,40.509,2
1987-08-06,0.81,40.394,2
1987-08-07,0.81,39.815,2
1987-08-08,0.81,37.269,2
1987-08-09,0.8,7.407,2
1987-08-10,0.82,40.972,2
1987-08-11,0.82,40.625,2
1987-08-12,0.8,40.046,2
1987-08-13,0.8,16.551,2
1987-08-14,0.83,7.755,2
1987-08-15,0.83,7.176,2
1987-08-16,0.81,7.755,2
1987-08-17,0.81,8.102,2
1987-08-18,0.81,7.292,2
1987-08-19,0.85,6.134,2
1987-08-20,0.81,5.787,2
1987-08-21,0.81,4.861,2
1987-08-22,0.81,5.903,2
1987-08-23,0.83,5.556,2
1987-08-24,0.83,5.903,2
1987-08-25,0.81,5.787,2
1987-08-26,0.81,5.903,2
1987-08-27,0.81,5.324,2
1987-08-28,0.83,5.556,2
1987-08-29,0.82,4.745,2
1987-08-30,0.83,4.861,2
1987-08-31,0.83,3.472,2
1987-09-01,0.84,2.546,2
1987-09-02,0.85,3.241,2
1987-09-03,0.85,3.704,2
1987-09-04,0.83,4.514,2
1987-09-05,0.83,4.63,2
1987-09-06,0.83,4.63,2
1987-09-07,0.83,4.514,2
1987-09-08,0.83,5.208,2
1987-09-09,0.81,5.208,2
1987-09-10,0.82,5.208,2
1987-09-11,0.83,5.208,2
1987-09-12,0.83,5.324,2
1987-09-13,0.81,5.093,2
1987-09-14,0.81,5.093,2
1987-09-15,0.81,7.523,2
1987-09-16,0.81,14.815,2
1987-09-17,0.82,14.931,2
1987-09-18,0.82,17.593,2
1987-09-19,0.81,17.13,2
1987-09-20,0.82,5.324,2
1987-09-21,0.82,24.306,2
1987-09-22,0.82,23.958,2
1987-09-23,0.82,24.537,2
1987-09-24,0.83,25.694,2
1987-09-25,0.83,11.343,2
1987-09-26,0.77,1.157,2
1987-09-27,0.67,2.083,2
1987-09-28,0.86,4.282,2
1987-09-29,0.85,37.153,2
1987-09-30,0.83,39.236,2
1987-10-01,0.8,35.301,2
1987-10-02,0.83,36.69,2
1987-10-03,0.85,35.764,2
1987-10-04,0.76,2.894,2
1987-10-05,0.83,35.995,2
1987-10-06,0.83,37.384,2
1987-10-07,0.83,36.806,2
1987-10-08,0.83,37.269,2
1987-10-09,0.82,37.731,2
1987-10-10,0.83,38.194,2
1987-10-11,0.83,6.366,2
1987-10-12,0.84,4.282,2
1987-10-13,0.84,37.153,2
1987-10-14,0.82,42.708,2
1987-10-15,0.86,42.94,2
1987-10-16,0.83,47.222,2
1987-10-17,0.83,37.153,2
1987-10-18,0.74,19.213,2
1987-10-19,0.72,14.931,2
1987-10-20,0.77,23.148,2
1987-10-21,0.83,25.347,2
1987-10-22,0.82,21.412,2
1987-10-23,0.83,17.361,2
1987-10-24,0.83,17.13,2
1987-10-25,0.81,15.046,2
1987-10-26,0.8,38.773,2
1987-10-27,0.82,50.347,2
1987-10-28,0.79,35.185,2
1987-10-29,0.83,32.639,2
1987-10-30,0.84,35.417,2
1987-10-31,0.81,20.023,2
1987-11-01,0.85,15.162,2
1987-11-02,0.85,42.94,2
1987-11-03,0.82,41.088,2
1987-11-04,0.83,39.236,2
1987-11-05,0.79,43.634,2
1987-11-06,0.86,38.426,2
1987-11-07,0.85,40.972,2
1987-11-08,0.8,15.278,2
1987-11-09,0.82,40.509,2
1987-11-10,0.86,56.829,2
1987-11-11,0.86,56.597,2
1987-11-12,0.86,55.556,2
1987-11-13,0.86,54.745,2
1987-11-14,0.86,45.718,2
1987-11-15,0.8,31.366,2
1987-11-16,0.86,42.708,2
1987-11-17,0.86,54.745,2
1987-11-18,0.86,55.787,2
1987-11-19,0.86,54.398,2
1987-11-20,0.86,43.287,2
1987-11-21,0.86,55.556,2
1987-11-22,0.84,41.088,2
1987-11-23,0.86,40.625,2
1987-11-24,0.86,53.704,2
1987-11-25,0.86,54.745,2
1987-11-26,0.86,55.208,2
1987-11-27,0.86,55.093,2
1987-11-28,0.85,55.671,2
1987-11-29,0.86,58.681,2
1987-11-30,0.86,48.958,2
1987-12-01,0.84,54.282,2
1987-12-02,0.86,52.894,2
1987-12-03,0.85,55.556,2
1987-12-04,0.86,53.588,2
1987-12-05,0.83,55.324,2
1987-12-06,0.85,57.639,2
1987-12-07,0.85,58.681,2
1987-12-08,0.83,53.009,2
1987-12-09,0.86,48.264,2
1987-12-10,0.86,57.06,2
1987-12-11,0.85,56.829,2
1987-12-12,0.86,58.565,2
1987-12-13,0.86,57.407,2
1987-12-14,0.86,56.019,2
1987-12-15,0.85,55.208,2
1987-12-16,0.85,57.06,2
1987-12-17,0.84,57.292,2
1987-12-18,0.85,56.829,2
1987-12-19,0.86,57.755,2
1987-12-20,0.86,58.565,2
1987-12-21,0.86,54.167,2
1987-12-22,0.86,56.597,2
1987-12-23,0.86,53.588,2
1987-12-24,0.85,52.083,2
1987-12-25,0.86,42.361,2
1987-12-26,0.85,56.366,2
1987-12-27,0.86,56.25,2
1987-12-28,0.86,56.019,2
1987-12-29,0.85,54.514,2
1987-12-30,0.86,54.282,2
1987-12-31,0.86,54.514,2
1988-01-01,0.76,44.097,2
1988-01-02,0.84,54.745,2
1988-01-03,0.86,57.639,2
1988-01-04,0.86,52.315,2
1988-01-05,0.86,57.755,2
1988-01-06,0.86,46.875,2
1988-01-07,0.83,50.347,2
1988-01-08,0.86,56.713,2
1988-01-09,0.86,57.407,2
1988-01-10,0.85,57.523,2
1988-01-11,0.85,57.176,2
1988-01-12,0.86,57.755,2
1988-01-13,0.86,56.597,2
1988-01-14,0.86,57.06,2
1988-01-15,0.86,56.481,2
1988-01-16,0.85,56.944,2
1988-01-17,0.85,56.829,2
1988-01-18,0.85,57.639,2
1988-01-19,0.86,57.292,2
1988-01-20,0.86,56.25,2
1988-01-21,0.86,58.102,2
1988-01-22,0.85,51.273,2
1988-01-23,0.85,57.06,2
1988-01-24,0.86,57.06,2
1988-01-25,0.86,54.051,2
1988-01-26,0.86,56.019,2
1988-01-27,0.84,54.051,2
1988-01-28,0.85,53.472,2
1988-01-29,0.86,53.009,2
1988-01-30,0.83,54.745,2
1988-01-31,0.83,55.556,2
1988-02-01,0.81,57.176,2
1988-02-02,0.84,56.944,2
1988-02-03,0.86,57.407,2
1988-02-04,0.85,59.954,2
1988-02-05,0.85,62.037,2
1988-02-06,0.85,68.403,2
1988-02-07,0.86,54.514,2
1988-02-08,0.86,67.361,2
1988-02-09,0.86,70.602,2
1988-02-10,0.86,72.338,2
1988-02-11,0.86,84.144,2
1988-02-12,0.86,95.255,2
1988-02-13,0.86,95.255,2
1988-02-14,0.86,94.444,2
1988-02-15,0.86,94.444,2
1988-02-16,0.85,92.477,2
1988-02-17,0.85,95.023,2
1988-02-18,0.86,77.431,2
1988-02-19,0.86,73.843,2
1988-02-20,0.86,73.958,2
1988-02-21,0.86,58.681,2
1988-02-22,0.85,72.338,2
1988-02-23,0.86,68.171,2
1988-02-24,0.86,62.616,2
1988-02-25,0.86,62.5,2
1988-02-26,0.86,58.681,2
1988-02-27,0.86,58.681,2
1988-02-28,0.86,58.796,2
1988-02-29,0.85,58.681,2
1988-03-01,0.86,58.681,2
1988-03-02,0.86,58.681,2
1988-03-03,0.86,58.681,2
1988-03-04,0.84,58.449,2
1988-03-05,0.86,58.796,2
1988-03-06,0.86,58.796,2
1988-03-07,0.85,58.681,2
1988-03-08,0.86,52.199,2
1988-03-09,0.86,52.199,2
1988-03-10,0.83,34.722,2
1988-03-11,0.86,35.532,2
1988-03-12,0.85,31.134,2
1988-03-13,0.81,9.491,2
1988-03-14,0.85,29.051,2
1988-03-15,0.84,28.241,2
1988-03-16,0.86,27.431,2
1988-03-17,0.86,28.009,2
1988-03-18,0.86,27.894,2
1988-03-19,0.85,8.102,2
1988-03-20,0.86,7.986,2
1988-03-21,0.86,25.694,2
1988-03-22,0.86,26.273,2
1988-03-23,0.85,25.694,2
1988-03-24,0.86,25.694,2
1988-03-25,0.85,25.81,2
1988-03-26,0.85,25.231,2
1988-03-27,0.86,7.755,2
1988-03-28,0.85,25.116,2
1988-03-29,0.85,25.0,2
1988-03-30,0.86,24.884,2
1988-03-31,0.86,8.449,2
1988-04-01,0.86,8.565,2
1988-04-02,0.85,26.736,2
1988-04-03,0.85,8.449,2
1988-04-04,0.85,29.861,2
1988-04-05,0.85,21.296,2
1988-04-06,0.85,21.528,2
1988-04-07,0.85,21.644,2
1988-04-08,0.85,21.759,2
1988-04-09,0.85,20.949,2
1988-04-10,0.84,8.681,2
1988-04-11,0.86,24.074,2
1988-04-12,0.84,25.694,2
1988-04-13,0.85,16.319,2
1988-04-14,0.86,14.931,2
1988-04-15,0.86,24.306,2
1988-04-16,0.86,24.653,2
1988-04-17,0.86,13.773,2
1988-04-18,0.85,34.722,2
1988-04-19,0.84,41.551,2
1988-04-20,0.84,46.991,2
1988-04-21,0.85,47.801,2
1988-04-22,0.85,48.843,2
1988-04-23,0.86,50.81,2
1988-04-24,0.86,22.801,2
1988-04-25,0.86,43.75,2
1988-04-26,0.86,59.028,2
1988-04-27,0.85,57.292,2
1988-04-28,0.86,57.639,2
1988-04-29,0.86,58.333,2
1988-04-30,0.86,57.639,2
1988-05-01,0.85,17.94,2
1988-05-02,0.85,44.213,2
1988-05-03,0.85,54.514,2
1988-05-04,0.86,53.009,2
1988-05-05,0.86,53.935,2
1988-05-06,0.85,54.745,2
1988-05-07,0.85,54.282,2
1988-05-08,0.85,55.208,2
1988-05-09,0.82,54.398,2
1988-05-10,0.86,55.671,2
1988-05-11,0.85,67.824,2
1988-05-12,0.85,65.046,2
1988-05-13,0.86,78.009,2
1988-05-14,0.83,75.926,2
1988-05-15,0.8,55.787,2
1988-05-16,0.86,81.019,2
1988-05-17,0.86,79.745,2
1988-05-18,0.82,80.44,2
1988-05-19,0.86,79.398,2
1988-05-20,0.86,57.176,2
1988-05-21,0.85,56.713,2
1988-05-22,0.86,57.87,2
1988-05-23,0.86,63.31,2
1988-05-24,0.86,62.384,2
1988-05-25,0.86,53.472,2
1988-05-26,0.85,51.968,2
1988-05-27,0.85,52.431,2
1988-05-28,0.86,52.662,2
1988-05-29,0.86,42.708,2
1988-05-30,0.85,45.37,2
1988-05-31,0.85,29.282,2
1988-06-01,0.85,41.782,2
1988-06-02,0.86,38.194,2
1988-06-03,0.86,45.718,2
1988-06-04,0.85,53.009,2
1988-06-05,0.86,15.741,2
1988-06-06,0.85,46.296,2
1988-06-07,0.85,50.347,2
1988-06-08,0.85,52.546,2
1988-06-09,0.85,51.736,2
1988-06-10,0.85,53.704,2
1988-06-11,0.85,54.282,2
1988-06-12,0.86,27.778,2
1988-06-13,0.86,45.37,2
1988-06-14,0.86,54.398,2
1988-06-15,0.85,52.894,2
1988-06-16,0.86,51.968,2
1988-06-17,0.85,51.389,2
1988-06-18,0.86,51.62,2
1988-06-19,0.86,20.602,2
1988-06-20,0.85,43.981,2
1988-06-21,0.85,50.81,2
1988-06-22,0.85,52.315,2
1988-06-23,0.86,52.315,2
1988-06-24,0.86,52.431,2
1988-06-25,0.85,42.593,2
1988-06-26,0.85,11.111,2
1988-06-27,0.85,42.13,2
1988-06-28,0.83,41.667,2
1988-06-29,0.84,39.931,2
1988-06-30,0.83,40.394,2
1988-07-01,0.84,47.222,2
1988-07-02,0.85,54.282,2
1988-07-03,0.85,17.94,2
1988-07-04,0.82,46.296,2
1988-07-05,0.86,53.472,2
1988-07-06,0.86,54.63,2
1988-07-07,0.85,54.861,2
1988-07-08,0.85,53.704,2
1988-07-09,0.86,51.62,2
1988-07-10,0.86,33.912,2
1988-07-11,0.85,46.412,2
1988-07-12,0.85,52.431,2
1988-07-13,0.85,52.431,2
1988-07-14,0.86,53.588,2
1988-07-15,0.85,52.894,2
1988-07-16,0.83,49.653,2
1988-07-17,0.85,48.611,2
1988-07-18,0.85,49.19,2
1988-07-19,0.86,49.769,2
1988-07-20,0.86,52.894,2
1988-07-21,0.86,52.315,2
1988-07-22,0.86,50.926,2
1988-07-23,0.86,50.694,2
1988-07-24,0.86,28.704,2
1988-07-25,0.86,46.991,2
1988-07-26,0.86,50.347,2
1988-07-27,0.86,48.958,2
1988-07-28,0.85,48.958,2
1988-07-29,0.86,49.074,2
1988-07-30,0.85,49.421,2
1988-07-31,0.86,26.505,2
1988-08-01,0.77,46.528,2
1988-08-02,0.85,48.843,2
1988-08-03,0.85,48.611,2
1988-08-04,0.86,48.843,2
1988-08-05,0.86,64.815,2
1988-08-06,0.85,64.352,2
1988-08-07,0.86,65.625,2
1988-08-08,0.85,60.069,2
1988-08-09,0.85,64.352,2
1988-08-10,0.85,64.236,2
1988-08-11,0.85,63.079,2
1988-08-12,0.86,63.889,2
1988-08-13,0.86,62.616,2
1988-08-14,0.85,6.829,2
1988-08-15,0.63,7.87,2
1988-08-16,0.62,7.87,2
1988-08-17,0.81,6.829,2
1988-08-18,0.81,6.829,2
1988-08-19,0.81,6.944,2
1988-08-20,0.82,6.481,2
1988-08-21,0.81,6.597,2
1988-08-22,0.62,7.407,2
1988-08-23,0.82,7.87,2
1988-08-24,0.82,7.06,2
1988-08-25,0.83,7.292,2
1988-08-26,0.83,6.25,2
1988-08-27,0.83,5.093,2
1988-08-28,0.84,4.282,2
1988-08-29,0.61,7.755,2
1988-08-30,0.82,6.481,2
1988-08-31,0.81,6.481,2
1988-09-01,0.84,6.597,2
1988-09-02,0.81,6.019,2
1988-09-03,0.83,6.019,2
1988-09-04,0.83,5.671,2
1988-09-05,0.65,7.407,2
1988-09-06,0.83,6.597,2
1988-09-07,0.83,6.25,2
1988-09-08,0.81,6.481,2
1988-09-09,0.62,7.407,2
1988-09-10,0.63,7.407,2
1988-09-11,0.82,6.25,2
1988-09-12,0.63,8.218,2
1988-09-13,0.83,6.366,2
1988-09-14,0.83,14.468,2
1988-09-15,0.81,37.269,2
1988-09-16,0.77,38.426,2
1988-09-17,0.79,31.597,2
1988-09-18,0.81,5.671,2
1988-09-19,0.64,35.648,2
1988-09-20,0.81,33.218,2
1988-09-21,0.8,5.787,2
1988-09-22,0.82,5.787,2
1988-09-23,0.82,10.532,2
1988-09-24,0.81,36.111,2
1988-09-25,0.81,5.208,2
1988-09-26,0.66,37.731,2
1988-09-27,0.81,35.301,2
1988-09-28,0.81,36.343,2
1988-09-29,0.81,36.921,2
1988-09-30,0.83,38.31,2
1988-10-01,0.82,37.616,2
1988-10-02,0.81,4.63,2
1988-10-03,0.61,33.333,2
1988-10-04,0.81,37.616,2
1988-10-05,0.85,41.782,2
1988-10-06,0.78,37.847,2
1988-10-07,0.82,40.741,2
1988-10-08,0.81,37.384,2
1988-10-09,0.82,2.431,2
1988-10-10,0.61,36.111,2
1988-10-11,0.83,39.352,2
1988-10-12,0.81,2.315,2
1988-10-13,0.61,37.037,2
1988-10-14,0.81,37.616,2
1988-10-15,0.84,39.583,2
1988-10-16,0.85,9.028,2
1988-10-17,0.85,38.542,2
1988-10-18,0.83,37.037,2
1988-10-19,0.83,37.153,2
1988-10-20,0.83,44.444,2
1988-10-21,0.82,39.583,2
1988-10-22,0.83,40.046,2
1988-10-23,0.84,4.514,2
1988-10-24,0.85,38.31,2
1988-10-25,0.85,38.31,2
1988-10-26,0.84,38.773,2
1988-10-27,0.84,40.162,2
1988-10-28,0.83,39.931,2
1988-10-29,0.82,38.773,2
1988-10-30,0.83,2.546,2
1988-10-31,0.85,39.583,2
1988-11-01,0.83,3.356,2
1988-11-02,0.85,49.884,2
1988-11-03,0.86,54.051,2
1988-11-04,0.86,55.671,2
1988-11-05,0.85,46.296,2
1988-11-06,0.81,1.968,2
1988-11-07,0.84,2.431,2
1988-11-08,0.83,2.315,2
1988-11-09,0.85,2.199,2
1988-11-10,0.86,7.06,2
1988-11-11,0.81,2.083,2
1988-11-12,0.84,2.199,2
1988-11-13,0.85,2.315,2
1988-11-14,0.85,2.315,2
1988-11-15,0.85,2.315,2
1988-11-16,0.83,2.199,2
1988-11-17,0.84,2.315,2
1988-11-18,0.84,2.315,2
1988-11-19,0.84,2.315,2
1988-11-20,0.84,2.199,2
1988-11-21,0.85,2.315,2
1988-11-22,0.84,2.315,2
1988-11-23,0.81,2.315,2
1988-11-24,0.8,2.315,2
1988-11-25,0.82,2.199,2
1988-11-26,0.84,2.315,2
1988-11-27,0.83,2.199,2
1988-11-28,0.84,2.431,2
1988-11-29,0.83,2.199,2
1988-11-30,0.82,2.199,2
1988-12-01,0.84,10.88,2
1988-12-02,0.84,8.796,2
1988-12-03,0.85,5.093,2
1988-12-04,0.85,4.282,2
1988-12-05,0.84,3.472,2
1988-12-06,0.84,3.241,2
1988-12-07,0.85,3.009,2
1988-12-08,0.84,2.778,2
1988-12-09,0.85,2.431,2
1988-12-10,0.82,2.083,2
1988-12-11,0.84,2.083,2
1988-12-12,0.85,2.199,2
1988-12-13,0.83,2.083,2
1988-12-14,0.81,2.083,2
1988-12-15,0.83,2.199,2
1988-12-16,0.81,2.083,2
1988-12-17,0.83,2.199,2
1988-12-18,0.83,2.662,2
1988-12-19,0.8,2.199,2
1988-12-20,0.82,2.315,2
1988-12-21,0.84,2.778,2
1988-12-22,0.82,2.315,2
1988-12-23,0.85,2.546,2
1988-12-24,0.83,2.431,2
1988-12-25,0.84,2.662,2
1988-12-26,0.82,2.315,2
1988-12-27,0.83,2.199,2
1988-12-28,0.84,2.431,2
1988-12-29,0.81,2.315,2
1988-12-30,0.81,2.315,2
1988-12-31,0.83,2.315,2
1989-01-01,0.81,2.315,2
1989-01-02,0.83,2.315,2
1989-01-03,0.84,2.199,2
1989-01-04,0.83,2.315,2
1989-01-05,0.82,2.315,2
1989-01-06,0.84,3.125,2
1989-01-07,0.84,4.514,2
1989-01-08,0.83,4.398,2
1989-01-09,0.83,3.356,2
1989-01-10,0.82,2.662,2
1989-01-11,0.84,2.546,2
1989-01-12,0.83,2.199,2
1989-01-13,0.84,3.009,2
1989-01-14,0.83,2.431,2
1989-01-15,0.84,2.778,2
1989-01-16,0.83,7.639,2
1989-01-17,0.84,2.662,2
1989-01-18,0.85,2.778,2
1989-01-19,0.84,2.662,2
1989-01-20,0.84,2.662,2
1989-01-21,0.83,2.431,2
1989-01-22,0.84,2.546,2
1989-01-23,0.84,2.431,2
1989-01-24,0.85,2.546,2
1989-01-25,0.83,2.546,2
1989-01-26,0.83,2.546,2
1989-01-27,0.84,2.662,2
1989-01-28,0.83,2.431,2
1989-01-29,0.83,2.546,2
1989-01-30,0.82,2.431,2
1989-01-31,0.81,2.778,2
1989-02-01,0.81,2.199,2
1989-02-02,0.85,2.662,2
1989-02-03,0.82,2.315,2
1989-02-04,0.83,2.315,2
1989-02-05,0.83,2.083,2
1989-02-06,0.85,2.431,2
1989-02-07,0.84,2.546,2
1989-02-08,0.81,2.546,2
1989-02-09,0.83,2.431,2
1989-02-10,0.83,2.778,2
1989-02-11,0.8,2.199,2
1989-02-12,0.81,2.315,2
1989-02-13,0.82,2.199,2
1989-02-14,0.82,2.083,2
1989-02-15,0.83,2.199,2
1989-02-16,0.85,5.44,2
1989-02-17,0.61,2.315,2
1989-02-18,0.63,2.199,2
1989-02-19,0.65,2.199,2
1989-02-20,0.67,2.431,2
1989-02-21,0.66,2.199,2
1989-02-22,0.69,2.315,2
1989-02-23,0.7,2.431,2
1989-02-24,0.74,2.662,2
1989-02-25,0.72,17.477,2
1989-02-26,0.83,29.514,2
1989-02-27,0.74,10.995,2
1989-02-28,0.8,21.181,2
1989-03-01,0.83,45.255,2
1989-03-02,0.7,44.444,2
1989-03-03,0.71,43.519,2
1989-03-04,0.7,32.523,2
1989-03-05,0.69,25.579,2
1989-03-06,0.7,20.023,2
1989-03-07,0.73,17.824,2
1989-03-08,0.73,15.625,2
1989-03-09,0.71,15.046,2
1989-03-10,0.73,13.542,2
1989-03-11,0.72,12.384,2
1989-03-12,0.74,11.806,2
1989-03-13,0.72,11.806,2
1989-03-14,0.7,10.185,2
1989-03-15,0.72,9.491,2
1989-03-16,0.71,9.028,2
1989-03-17,0.74,9.375,2
1989-03-18,0.72,8.218,2
1989-03-19,0.72,8.449,2
1989-03-20,0.72,8.102,2
1989-03-21,0.71,7.407,2
1989-03-22,0.73,7.407,2
1989-03-23,0.72,6.944,2
1989-03-24,0.72,6.25,2
1989-03-25,0.74,6.366,2
1989-03-26,0.74,6.019,2
1989-03-27,0.72,5.787,2
1989-03-28,0.72,7.292,2
1989-03-29,0.74,8.449,2
1989-03-30,0.72,7.639,2
1989-03-31,0.73,7.523,2
1989-04-01,0.71,7.06,2
1989-04-02,0.72,7.292,2
1989-04-03,0.72,7.292,2
1989-04-04,0.71,6.944,2
1989-04-05,0.71,6.713,2
1989-04-06,0.7,7.523,2
1989-04-07,0.71,6.829,2
1989-04-08,0.73,6.829,2
1989-04-09,0.72,7.639,2
1989-04-10,0.75,9.606,2
1989-04-11,0.76,9.606,2
1989-04-12,0.76,18.056,2
1989-04-13,0.73,33.218,2
1989-04-14,0.67,35.069,2
1989-04-15,0.63,32.407,2
1989-04-16,0.74,40.046,2
1989-04-17,0.69,36.111,2
1989-04-18,0.65,30.903,2
1989-04-19,0.62,27.431,2
1989-04-20,0.62,28.241,2
1989-04-21,0.63,25.926,2
1989-04-22,0.62,21.875,2
1989-04-23,0.77,32.06,2
1989-04-24,0.7,28.935,2
1989-04-25,0.71,33.218,2
1989-04-26,0.68,35.417,2
1989-04-27,0.63,28.819,2
1989-04-28,0.65,28.125,2
1989-04-29,0.66,26.042,2
1989-04-30,0.63,22.569,2
1989-05-01,0.64,20.949,2
1989-05-02,0.61,19.444,2
1989-05-03,0.62,17.708,2
1989-05-04,0.61,15.856,2
1989-05-05,0.63,15.741,2
1989-05-06,0.64,14.468,2
1989-05-07,0.63,13.31,2
1989-05-08,0.64,12.5,2
1989-05-09,0.64,12.847,2
1989-05-10,0.65,12.037,2
1989-05-11,0.84,9.375,2
1989-05-12,0.84,10.764,2
1989-05-13,0.83,10.301,2
1989-05-14,0.84,9.491,2
1989-05-15,0.83,9.259,2
1989-05-16,0.84,8.102,2
1989-05-17,0.84,7.87,2
1989-05-18,0.83,7.176,2
1989-05-19,0.84,6.25,2
1989-05-20,0.83,6.597,2
1989-05-21,0.84,7.639,2
1989-05-22,0.85,7.639,2
1989-05-23,0.84,7.407,2
1989-05-24,0.83,8.333,2
1989-05-25,0.85,9.722,2
1989-05-26,0.85,9.144,2
1989-05-27,0.84,9.028,2
1989-05-28,0.85,10.532,2
1989-05-29,0.85,12.384,2
1989-05-30,0.84,13.426,2
1989-05-31,0.85,13.657,2
1989-06-01,0.77,14.699,2
1989-06-02,0.8,18.634,2
1989-06-03,0.82,13.889,2
1989-06-04,0.81,10.648,2
1989-06-05,0.84,14.931,2
1989-06-06,0.77,12.037,2
1989-06-07,0.79,35.069,2
1989-06-08,0.77,42.361,2
1989-06-09,0.75,38.542,2
1989-06-10,0.59,23.032,2
1989-06-11,0.7,6.944,2
1989-06-12,0.77,21.759,2
1989-06-13,0.82,30.44,2
1989-06-14,0.85,31.481,2
1989-06-15,0.75,33.796,2
1989-06-16,0.76,31.366,2
1989-06-17,0.72,14.699,2
1989-06-18,0.72,10.764,2
1989-06-19,0.71,17.94,2
1989-06-20,0.75,17.014,2
1989-06-21,0.76,17.477,2
1989-06-22,0.76,12.384,2
1989-06-23,0.76,13.657,2
1989-06-24,0.82,16.435,2
1989-06-25,0.64,7.986,2
1989-06-26,0.82,14.699,2
1989-06-27,0.8,34.606,2
1989-06-28,0.81,42.361,2
1989-06-29,0.81,43.171,2
1989-06-30,0.81,41.667,2
1989-07-01,0.81,42.245,2
1989-07-02,0.56,9.028,2
1989-07-03,0.81,40.856,2
1989-07-04,0.81,45.023,2
1989-07-05,0.81,44.676,2
1989-07-06,0.8,44.676,2
1989-07-07,0.81,43.287,2
1989-07-08,0.82,38.194,2
1989-07-09,0.58,9.028,2
1989-07-10,0.81,36.111,2
1989-07-11,0.81,39.931,2
1989-07-12,0.81,41.551,2
1989-07-13,0.8,44.56,2
1989-07-14,0.8,43.171,2
1989-07-15,0.68,45.718,2
1989-07-16,0.54,7.06,2
1989-07-17,0.81,38.079,2
1989-07-18,0.81,37.037,2
1989-07-19,0.8,40.625,2
1989-07-20,0.81,42.477,2
1989-07-21,0.81,42.94,2
1989-07-22,0.79,43.75,2
1989-07-23,0.83,9.028,2
1989-07-24,0.82,21.875,2
1989-07-25,0.82,9.028,2
1989-07-26,0.79,42.708,2
1989-07-27,0.81,42.708,2
1989-07-28,0.81,45.255,2
1989-07-29,0.81,44.329,2
1989-07-30,0.64,9.028,2
1989-07-31,0.8,44.444,2
1989-08-01,0.81,44.56,2
1989-08-02,0.81,45.833,2
1989-08-03,0.81,44.907,2
1989-08-04,0.8,37.847,2
1989-08-05,0.81,43.519,2
1989-08-06,0.82,7.176,2
1989-08-07,0.81,42.593,2
1989-08-08,0.81,43.403,2
1989-08-09,0.81,43.287,2
1989-08-10,0.81,43.403,2
1989-08-11,0.81,44.097,2
1989-08-12,0.79,28.472,2
1989-08-13,0.81,6.944,2
1989-08-14,0.82,7.986,2
1989-08-15,0.64,8.449,2
1989-08-16,0.84,6.134,2
1989-08-17,0.81,5.556,2
1989-08-18,0.82,6.597,2
1989-08-19,0.83,6.944,2
1989-08-20,0.81,6.944,2
1989-08-21,0.82,7.639,2
1989-08-22,0.82,7.986,2
1989-08-23,0.82,7.986,2
1989-08-24,0.83,7.986,2
1989-08-25,0.83,7.986,2
1989-08-26,0.82,7.986,2
1989-08-27,0.8,7.986,2
1989-08-28,0.81,7.986,2
1989-08-29,0.81,7.986,2
1989-08-30,0.83,7.639,2
1989-08-31,0.81,4.977,2
1989-09-01,0.79,5.671,2
1989-09-02,0.83,6.019,2
1989-09-03,0.82,6.019,2
1989-09-04,0.83,6.481,2
1989-09-05,0.64,7.639,2
1989-09-06,0.82,7.639,2
1989-09-07,0.64,6.944,2
1989-09-08,0.65,6.944,2
1989-09-09,0.83,12.269,2
1989-09-10,0.82,8.218,2
1989-09-11,0.83,26.62,2
1989-09-12,0.83,25.81,2
1989-09-13,0.81,22.917,2
1989-09-14,0.83,14.815,2
1989-09-15,0.83,14.005,2
1989-09-16,0.83,14.699,2
1989-09-17,0.65,4.051,2
1989-09-18,0.83,13.426,2
1989-09-19,0.73,5.787,2
1989-09-20,0.81,8.449,2
1989-09-21,0.81,9.028,2
1989-09-22,0.81,9.838,2
1989-09-23,0.83,8.333,2
1989-09-24,0.56,5.671,2
1989-09-25,0.82,7.523,2
1989-09-26,0.84,12.153,2
1989-09-27,0.82,11.458,2
1989-09-28,0.82,15.509,2
1989-09-29,0.81,16.551,2
1989-09-30,0.83,39.815,2
1989-10-01,0.61,4.514,1
1989-10-02,0.84,23.958,1
1989-10-03,0.74,22.222,1
1989-10-04,0.81,37.963,1
1989-10-05,0.83,26.042,1
1989-10-06,0.71,23.032,1
1989-10-07,0.8,23.495,1
1989-10-08,0.62,4.514,1
1989-10-09,0.83,11.343,1
1989-10-10,0.76,25.347,1
1989-10-11,0.74,22.338,1
1989-10-12,0.55,4.514,1
1989-10-13,0.81,33.796,1
1989-10-14,0.82,41.088,1
1989-10-15,0.63,3.588,1
1989-10-16,0.83,27.315,1
1989-10-17,0.81,31.829,1
1989-10-18,0.84,17.13,1
1989-10-19,0.81,17.245,1
1989-10-20,0.59,18.519,1
1989-10-21,0.85,37.5,1
1989-10-22,0.79,2.546,1
1989-10-23,0.77,23.38,1
1989-10-24,0.82,42.014,1
1989-10-25,0.83,21.528,1
1989-10-26,0.79,26.389,1
1989-10-27,0.84,35.185,1
1989-10-28,0.83,42.014,1
1989-10-29,0.7,2.546,1
1989-10-30,0.83,41.551,1
1989-10-31,0.83,42.824,1
1989-11-01,0.71,2.546,1
1989-11-02,0.84,42.593,1
1989-11-03,0.85,39.352,1
1989-11-04,0.83,38.773,1
1989-11-05,0.84,2.546,1
1989-11-06,0.83,38.657,1
1989-11-07,0.83,26.62,1
1989-11-08,0.78,24.537,1
1989-11-09,0.77,29.745,1
1989-11-10,0.81,32.755,1
1989-11-11,0.83,2.778,1
1989-11-12,0.83,3.356,1
1989-11-13,0.78,3.356,1
1989-11-14,0.83,2.778,1
1989-11-15,0.83,4.514,1
1989-11-16,0.81,3.472,1
1989-11-17,0.74,2.778,1
1989-11-18,0.76,4.63,1
1989-11-19,0.77,14.12,1
1989-11-20,0.73,16.898,1
1989-11-21,0.72,14.468,1
1989-11-22,0.72,9.375,1
1989-11-23,0.74,8.796,1
1989-11-24,0.75,10.069,1
1989-11-25,0.74,8.565,1
1989-11-26,0.74,7.87,1
1989-11-27,0.74,13.773,1
1989-11-28,0.76,9.375,1
1989-11-29,0.74,8.333,1
1989-11-30,0.72,7.176,1
1989-12-01,0.74,8.565,1
1989-12-02,0.74,12.153,1
1989-12-03,0.72,11.227,1
1989-12-04,0.75,9.722,1
1989-12-05,0.73,9.144,1
1989-12-06,0.73,7.523,1
1989-12-07,0.74,7.986,1
1989-12-08,0.73,7.755,1
1989-12-09,0.76,7.176,1
1989-12-10,0.75,10.069,1
1989-12-11,0.77,9.375,1
1989-12-12,0.74,9.606,1
1989-12-13,0.72,21.065,1
1989-12-14,0.71,17.824,1
1989-12-15,0.81,35.88,1
1989-12-16,0.76,48.495,1
1989-12-17,0.76,48.727,1
1989-12-18,0.76,48.727,1
1989-12-19,0.72,48.38,1
1989-12-20,0.83,51.505,1
1989-12-21,0.85,54.514,1
1989-12-22,0.85,58.681,1
1989-12-23,0.85,58.681,1
1989-12-24,0.85,58.565,1
1989-12-25,0.85,58.681,1
1989-12-26,0.86,58.681,1
1989-12-27,0.86,58.681,1
1989-12-28,0.86,58.681,1
1989-12-29,0.86,58.681,1
1989-12-30,0.85,58.681,1
1989-12-31,0.85,58.681,1
1990-01-01,0.86,58.681,1
1990-01-02,0.86,58.681,1
1990-01-03,0.85,58.681,1
1990-01-04,0.86,58.681,1
1990-01-05,0.85,51.389,1
1990-01-06,0.86,58.681,1
1990-01-07,0.86,58.681,1
1990-01-08,0.86,57.523,1
1990-01-09,0.85,58.333,1
1990-01-10,0.85,58.681,1
1990-01-11,0.85,58.681,1
1990-01-12,0.85,58.681,1
1990-01-13,0.86,56.829,1
1990-01-14,0.86,58.681,1
1990-01-15,0.86,56.134,1
1990-01-16,0.86,58.681,1
1990-01-17,0.86,58.681,1
1990-01-18,0.86,58.681,1
1990-01-19,0.86,58.218,1
1990-01-20,0.86,58.681,1
1990-01-21,0.86,57.986,1
1990-01-22,0.86,58.681,1
1990-01-23,0.85,57.292,1
1990-01-24,0.86,58.681,1
1990-01-25,0.86,58.681,1
1990-01-26,0.85,20.139,1
1990-01-27,0.82,19.213,1
1990-01-28,0.83,21.181,1
1990-01-29,0.85,46.644,1
1990-01-30,0.86,53.356,1
1990-01-31,0.86,52.083,1
1990-02-01,0.86,54.977,1
1990-02-02,0.86,54.282,1
1990-02-03,0.81,52.894,1
1990-02-04,0.68,42.94,1
1990-02-05,0.85,50.694,1
1990-02-06,0.85,55.556,1
1990-02-07,0.85,51.505,1
1990-02-08,0.85,51.389,1
1990-02-09,0.86,51.968,1
1990-02-10,0.85,51.852,1
1990-02-11,0.76,38.426,1
1990-02-12,0.85,49.884,1
1990-02-13,0.85,56.597,1
1990-02-14,0.85,53.241,1
1990-02-15,0.86,51.852,1
1990-02-16,0.85,51.62,1
1990-02-17,0.85,50.81,1
1990-02-18,0.67,30.903,1
1990-02-19,0.85,45.718,1
1990-02-20,0.77,40.509,1
1990-02-21,0.63,38.31,1
1990-02-22,0.61,37.153,1
1990-02-23,0.62,31.25,1
1990-02-24,0.77,35.417,1
1990-02-25,0.74,24.537,1
1990-02-26,0.67,39.352,1
1990-02-27,0.63,31.134,1
1990-02-28,0.73,20.37,1
1990-03-01,0.68,20.949,1
1990-03-02,0.71,20.255,1
1990-03-03,0.62,21.065,1
1990-03-04,0.62,11.458,1
1990-03-05,0.62,20.023,1
1990-03-06,0.64,18.519,1
1990-03-07,0.65,16.782,1
1990-03-08,0.74,13.773,1
1990-03-09,0.72,14.236,1
1990-03-10,0.7,13.657,1
1990-03-11,0.7,7.523,1
1990-03-12,0.7,12.847,1
1990-03-13,0.73,11.227,1
1990-03-14,0.72,8.102,1
1990-03-15,0.69,10.648,1
1990-03-16,0.71,9.606,1
1990-03-17,0.7,7.06,1
1990-03-18,0.7,6.829,1
1990-03-19,0.68,6.481,1
1990-03-20,0.69,8.218,1
1990-03-21,0.68,6.019,1
1990-03-22,0.67,5.787,1
1990-03-23,0.71,5.324,1
1990-03-24,0.71,6.713,1
1990-03-25,0.68,6.019,1
1990-03-26,0.67,5.903,1
1990-03-27,0.68,5.671,1
1990-03-28,0.68,5.671,1
1990-03-29,0.67,5.671,1
1990-03-30,0.64,5.787,1
1990-03-31,0.64,5.556,1
1990-04-01,0.65,5.556,1
1990-04-02,0.67,5.787,1
1990-04-03,0.71,6.019,1
1990-04-04,0.71,6.019,1
1990-04-05,0.73,6.019,1
1990-04-06,0.78,6.829,1
1990-04-07,0.73,8.218,1
1990-04-08,0.71,6.944,1
1990-04-09,0.7,6.481,1
1990-04-10,0.71,6.134,1
1990-04-11,0.72,6.366,1
1990-04-12,0.7,6.134,1
1990-04-13,0.7,5.903,1
1990-04-14,0.71,5.903,1
1990-04-15,0.71,5.903,1
1990-04-16,0.68,5.787,1
1990-04-17,0.71,4.977,1
1990-04-18,0.73,4.977,1
1990-04-19,0.73,4.977,1
1990-04-20,0.73,4.977,1
1990-04-21,0.73,4.977,1
1990-04-22,0.73,4.977,1
1990-04-23,0.73,4.977,1
1990-04-24,0.68,5.44,1
1990-04-25,0.68,4.977,1
1990-04-26,0.67,6.25,1
1990-04-27,0.65,5.556,1
1990-04-28,0.64,5.556,1
1990-04-29,0.61,5.556,1
1990-04-30,0.58,5.556,1
1990-05-01,0.6,5.556,1
1990-05-02,0.67,5.556,1
1990-05-03,0.61,5.556,1
1990-05-04,0.86,6.713,1
1990-05-05,0.85,7.986,1
1990-05-06,0.79,7.986,1
1990-05-07,0.81,7.986,1
1990-05-08,0.78,8.218,1
1990-05-09,0.83,8.449,1
1990-05-10,0.82,8.449,1
1990-05-11,0.85,8.449,1
1990-05-12,0.83,6.366,1
1990-05-13,0.8,4.977,1
1990-05-14,0.76,4.977,1
1990-05-15,0.65,5.324,1
1990-05-16,0.67,6.019,1
1990-05-17,0.78,6.019,1
1990-05-18,0.7,6.019,1
1990-05-19,0.66,6.597,1
1990-05-20,0.56,6.944,1
1990-05-21,0.6,7.639,1
1990-05-22,0.67,7.986,1
1990-05-23,0.62,7.986,1
1990-05-24,0.68,7.986,1
1990-05-25,0.69,7.986,1
1990-05-26,0.74,7.986,1
1990-05-27,0.55,7.986,1
1990-05-28,0.78,7.986,1
1990-05-29,0.8,7.986,1
1990-05-30,0.81,7.986,1
1990-05-31,0.78,7.986,1
1990-06-01,0.77,7.986,1
1990-06-02,0.81,31.829,1
1990-06-03,0.55,7.986,1
1990-06-04,0.81,31.481,1
1990-06-05,0.81,32.755,1
1990-06-06,0.79,33.218,1
1990-06-07,0.8,33.218,1
1990-06-08,0.81,21.296,1
1990-06-09,0.81,30.787,1
1990-06-10,0.56,9.028,1
1990-06-11,0.82,31.366,1
1990-06-12,0.81,32.523,1
1990-06-13,0.51,23.38,1
1990-06-14,0.81,22.685,1
1990-06-15,0.81,26.736,1
1990-06-16,0.82,24.421,1
1990-06-17,0.55,7.986,1
1990-06-18,0.79,30.787,1
1990-06-19,0.81,31.829,1
1990-06-20,0.8,30.903,1
1990-06-21,0.76,32.523,1
1990-06-22,0.71,26.273,1
1990-06-23,0.79,15.046,1
1990-06-24,0.55,6.944,1
1990-06-25,0.81,31.597,1
1990-06-26,0.82,32.06,1
1990-06-27,0.81,31.25,1
1990-06-28,0.81,25.463,1
1990-06-29,0.81,28.704,1
1990-06-30,0.8,30.093,1
1990-07-01,0.55,6.944,1
1990-07-02,0.8,30.208,1
1990-07-03,0.81,32.986,1
1990-07-04,0.81,32.986,1
1990-07-05,0.81,31.134,1
1990-07-06,0.81,31.597,1
1990-07-07,0.82,19.907,1
1990-07-08,0.6,7.986,1
1990-07-09,0.81,29.745,1
1990-07-10,0.8,30.903,1
1990-07-11,0.81,30.324,1
1990-07-12,0.81,31.134,1
1990-07-13,0.82,27.083,1
1990-07-14,0.81,29.167,1
1990-07-15,0.8,7.986,1
1990-07-16,0.82,11.69,1
1990-07-17,0.82,30.556,1
1990-07-18,0.81,29.745,1
1990-07-19,0.79,27.894,1
1990-07-20,0.81,29.398,1
1990-07-21,0.77,17.824,1
1990-07-22,0.81,7.986,1
1990-07-23,0.82,28.819,1
1990-07-24,0.77,31.019,1
1990-07-25,0.81,30.671,1
1990-07-26,0.83,28.125,1
1990-07-27,0.8,31.019,1
1990-07-28,0.81,7.986,1
1990-07-29,0.83,7.986,1
1990-07-30,0.81,7.986,1
1990-07-31,0.8,7.986,1
1990-08-01,0.81,7.986,1
1990-08-02,0.8,7.986,1
1990-08-03,0.81,7.986,1
1990-08-04,0.81,7.986,1
1990-08-05,0.81,7.986,1
1990-08-06,0.81,7.986,1
1990-08-07,0.8,7.986,1
1990-08-08,0.8,7.986,1
1990-08-09,0.82,7.986,1
1990-08-10,0.81,7.986,1
1990-08-11,0.8,7.986,1
1990-08-12,0.81,7.986,1
1990-08-13,0.8,9.375,1
1990-08-14,0.81,7.986,1
1990-08-15,0.81,7.986,1
1990-08-16,0.8,7.986,1
1990-08-17,0.8,7.986,1
1990-08-18,0.81,7.986,1
1990-08-19,0.81,7.986,1
1990-08-20,0.82,7.986,1
1990-08-21,0.81,7.986,1
1990-08-22,0.81,7.986,1
1990-08-23,0.82,6.134,1
1990-08-24,0.81,5.556,1
1990-08-25,0.81,5.556,1
1990-08-26,0.82,5.556,1
1990-08-27,0.81,5.556,1
1990-08-28,0.71,5.556,1
1990-08-29,0.71,5.556,1
1990-08-30,0.71,5.556,1
1990-08-31,0.72,6.134,1
1990-09-01,0.77,6.944,1
1990-09-02,0.81,7.523,1
1990-09-03,0.81,7.986,1
1990-09-04,0.78,9.028,1
1990-09-05,0.77,9.028,1
1990-09-06,0.78,9.028,1
1990-09-07,0.79,9.028,1
1990-09-08,0.81,9.028,1
1990-09-09,0.81,9.028,1
1990-09-10,0.81,9.028,1
1990-09-11,0.81,9.028,1
1990-09-12,0.81,9.028,1
1990-09-13,0.82,9.028,1
1990-09-14,0.81,9.028,1
1990-09-15,0.81,9.028,1
1990-09-16,0.81,9.028,1
1990-09-17,0.81,8.102,1
1990-09-18,0.81,8.796,1
1990-09-19,0.72,5.903,1
1990-09-20,0.75,7.06,1
1990-09-21,0.72,9.838,1
1990-09-22,0.67,15.162,1
1990-09-23,0.74,4.977,1
1990-09-24,0.61,20.602,1
1990-09-25,0.63,24.884,1
1990-09-26,0.63,20.833,1
1990-09-27,0.64,25.347,1
1990-09-28,0.64,25.231,1
1990-09-29,0.83,16.319,1
1990-09-30,0.64,3.472,1
1990-10-01,0.74,3.356,1
1990-10-02,0.74,3.356,1
1990-10-03,0.74,3.356,1
1990-10-04,0.72,3.356,1
1990-10-05,0.73,3.356,1
1990-10-06,0.82,32.87,1
1990-10-07,0.65,3.356,1
1990-10-08,0.76,29.167,1
1990-10-09,0.74,26.62,1
1990-10-10,0.81,38.657,1
1990-10-11,0.81,38.657,1
1990-10-12,0.64,3.356,1
1990-10-13,0.74,34.606,1
1990-10-14,0.59,3.356,1
1990-10-15,0.78,34.144,1
1990-10-16,0.8,39.468,1
1990-10-17,0.79,40.162,1
1990-10-18,0.77,24.421,1
1990-10-19,0.74,19.676,1
1990-10-20,0.81,37.037,1
1990-10-21,0.57,12.037,1
1990-10-22,0.76,36.343,1
1990-10-23,0.79,37.731,1
1990-10-24,0.78,40.046,1
1990-10-25,0.78,45.718,1
1990-10-26,0.79,41.088,1
1990-10-27,0.77,22.917,1
1990-10-28,0.77,11.69,1
1990-10-29,0.8,19.444,1
1990-10-30,0.78,29.282,1
1990-10-31,0.8,29.63,1
1990-11-01,0.75,7.176,1
1990-11-02,0.77,44.56,1
1990-11-03,0.82,39.352,1
1990-11-04,0.73,2.315,1
1990-11-05,0.82,39.236,1
1990-11-06,0.83,37.269,1
1990-11-07,0.82,38.657,1
1990-11-08,0.83,37.269,1
1990-11-09,0.83,38.194,1
1990-11-10,0.83,39.236,1
1990-11-11,0.84,3.472,1
1990-11-12,0.81,40.856,1
1990-11-13,0.82,39.699,1
1990-11-14,0.85,42.014,1
1990-11-15,0.85,55.556,1
1990-11-16,0.86,58.449,1
1990-11-17,0.81,49.306,1
1990-11-18,0.85,42.593,1
1990-11-19,0.85,58.565,1
1990-11-20,0.86,58.449,1
1990-11-21,0.82,56.134,1
1990-11-22,0.76,38.426,1
1990-11-23,0.8,7.639,1
1990-11-24,0.79,1.968,1
1990-11-25,0.79,6.829,1
1990-11-26,0.78,5.903,1
1990-11-27,0.78,3.935,1
1990-11-28,0.79,3.009,1
1990-11-29,0.76,5.093,1
1990-11-30,0.8,2.431,1
1990-12-01,0.82,4.63,1
1990-12-02,0.73,1.968,1
1990-12-03,0.83,6.829,1
1990-12-04,0.77,7.87,1
1990-12-05,0.7,1.968,1
1990-12-06,0.63,1.968,1
1990-12-07,0.57,1.968,1
1990-12-08,0.81,3.472,1
1990-12-09,0.82,4.63,1
1990-12-10,0.85,4.977,1
1990-12-11,0.84,7.176,1
1990-12-12,0.84,1.968,1
1990-12-13,0.74,1.968,1
1990-12-14,0.75,17.245,1
1990-12-15,0.8,36.69,1
1990-12-16,0.77,6.481,1
1990-12-17,0.8,40.046,1
1990-12-18,0.8,41.667,1
1990-12-19,0.78,42.014,1
1990-12-20,0.79,40.625,1
1990-12-21,0.78,40.625,1
1990-12-22,0.74,21.644,1
1990-12-23,0.72,3.356,1
1990-12-24,0.81,22.222,1
1990-12-25,0.75,3.704,1
1990-12-26,0.74,7.986,1
1990-12-27,0.76,8.449,1
1990-12-28,0.78,13.31,1
1990-12-29,0.83,8.565,1
1990-12-30,0.8,8.102,1
1990-12-31,0.77,15.046,1
1991-01-01,0.83,8.218,1
1991-01-02,0.83,7.176,1
1991-01-03,0.8,15.856,1
1991-01-04,0.79,30.093,1
1991-01-05,0.74,29.051,1
1991-01-06,0.8,6.366,1
1991-01-07,0.75,25.0,1
1991-01-08,0.82,16.204,1
1991-01-09,0.77,10.301,1
1991-01-10,0.81,16.551,1
1991-01-11,0.82,42.245,1
1991-01-12,0.84,46.296,1
1991-01-13,0.79,56.829,1
1991-01-14,0.85,58.102,1
1991-01-15,0.85,58.449,1
1991-01-16,0.84,64.468,1
1991-01-17,0.61,75.694,1
1991-01-18,0.81,72.106,1
1991-01-19,0.84,64.12,1
1991-01-20,0.86,58.449,1
1991-01-21,0.86,58.449,1
1991-01-22,0.85,58.449,1
1991-01-23,0.86,58.449,1
1991-01-24,0.85,58.449,1
1991-01-25,0.86,58.449,1
1991-01-26,0.85,52.662,1
1991-01-27,0.84,58.449,1
1991-01-28,0.85,58.449,1
1991-01-29,0.85,58.449,1
1991-01-30,0.86,56.25,1
1991-01-31,0.85,58.449,1
1991-02-01,0.81,57.06,1
1991-02-02,0.75,43.171,1
1991-02-03,0.83,5.671,1
1991-02-04,0.8,40.509,1
1991-02-05,0.77,41.898,1
1991-02-06,0.8,41.667,1
1991-02-07,0.77,42.94,1
1991-02-08,0.77,44.792,1
1991-02-09,0.83,43.634,1
1991-02-10,0.84,10.532,1
1991-02-11,0.81,46.181,1
1991-02-12,0.82,45.602,1
1991-02-13,0.83,46.181,1
1991-02-14,0.8,44.213,1
1991-02-15,0.81,42.014,1
1991-02-16,0.75,43.287,1
1991-02-17,0.85,6.829,1
1991-02-18,0.79,42.13,1
1991-02-19,0.76,45.255,1
1991-02-20,0.77,43.634,1
1991-02-21,0.76,44.907,1
1991-02-22,0.81,45.255,1
1991-02-23,0.84,40.625,1
1991-02-24,0.77,6.944,1
1991-02-25,0.79,40.046,1
1991-02-26,0.76,46.296,1
1991-02-27,0.74,45.139,1
1991-02-28,0.74,45.023,1
1991-03-01,0.74,17.014,1
1991-03-02,0.77,6.25,1
1991-03-03,0.71,5.44,1
1991-03-04,0.71,5.787,1
1991-03-05,0.79,9.375,1
1991-03-06,0.74,19.444,1
1991-03-07,0.83,17.361,1
1991-03-08,0.81,21.528,1
1991-03-09,0.83,25.463,1
1991-03-10,0.83,35.764,1
1991-03-11,0.82,37.037,1
1991-03-12,0.81,38.31,1
1991-03-13,0.81,43.981,1
1991-03-14,0.81,44.097,1
1991-03-15,0.78,45.718,1
1991-03-16,0.85,42.13,1
1991-03-17,0.81,23.727,1
1991-03-18,0.85,46.296,1
1991-03-19,0.81,49.653,1
1991-03-20,0.84,62.037,1
1991-03-21,0.86,90.394,1
1991-03-22,0.86,91.782,1
1991-03-23,0.8,56.134,1
1991-03-24,0.83,37.731,1
1991-03-25,0.84,49.884,1
1991-03-26,0.86,77.894,1
1991-03-27,0.86,61.574,1
1991-03-28,0.82,66.898,1
1991-03-29,0.75,10.764,1
1991-03-30,0.81,60.185,1
1991-03-31,0.59,10.995,1
1991-04-01,0.74,58.102,1
1991-04-02,0.77,55.671,1
1991-04-03,0.75,51.042,1
1991-04-04,0.75,56.713,1
1991-04-05,0.75,57.292,1
1991-04-06,0.81,56.597,1
1991-04-07,0.66,10.648,1
1991-04-08,0.77,52.546,1
1991-04-09,0.78,56.25,1
1991-04-10,0.81,51.042,1
1991-04-11,0.85,50.116,1
1991-04-12,0.81,51.042,1
1991-04-13,0.81,50.579,1
1991-04-14,0.83,6.713,1
1991-04-15,0.78,48.958,1
1991-04-16,0.79,63.194,1
1991-04-17,0.86,29.514,1
1991-04-18,0.86,43.519,1
1991-04-19,0.86,43.519,1
1991-04-20,0.81,53.472,1
1991-04-21,0.71,10.648,1
1991-04-22,0.78,53.704,1
1991-04-23,0.78,55.44,1
1991-04-24,0.81,46.991,1
1991-04-25,0.74,45.602,1
1991-04-26,0.79,45.833,1
1991-04-27,0.84,43.171,1
1991-04-28,0.83,14.12,1
1991-04-29,0.79,44.792,1
1991-04-30,0.84,48.38,1
1991-05-01,0.84,12.963,1
1991-05-02,0.83,44.792,1
1991-05-03,0.83,47.685,1
1991-05-04,0.84,19.907,1
1991-05-05,0.84,7.176,1
1991-05-06,0.84,20.486,1
1991-05-07,0.82,37.963,1
1991-05-08,0.84,37.616,1
1991-05-09,0.83,38.079,1
1991-05-10,0.81,35.417,1
1991-05-11,0.83,27.315,1
1991-05-12,0.81,5.556,1
1991-05-13,0.79,28.704,1
1991-05-14,0.79,29.861,1
1991-05-15,0.79,30.787,1
1991-05-16,0.78,36.343,1
1991-05-17,0.81,35.185,1
1991-05-18,0.81,22.685,1
1991-05-19,0.82,6.944,1
1991-05-20,0.81,15.972,1
1991-05-21,0.76,32.407,1
1991-05-22,0.78,29.63,1
1991-05-23,0.69,32.407,1
1991-05-24,0.76,31.019,1
1991-05-25,0.47,33.449,1
1991-05-26,0.46,7.176,1
1991-05-27,0.81,22.338,1
1991-05-28,0.78,31.481,1
1991-05-29,0.79,31.713,1
1991-05-30,0.8,32.639,1
1991-05-31,0.81,21.181,1
1991-06-01,0.81,44.792,1
1991-06-02,0.8,7.523,1
1991-06-03,0.81,44.213,1
1991-06-04,0.8,44.097,1
1991-06-05,0.82,43.403,1
1991-06-06,0.82,41.898,1
1991-06-07,0.69,43.75,1
1991-06-08,0.82,45.139,1
1991-06-09,0.66,8.449,1
1991-06-10,0.8,44.444,1
1991-06-11,0.8,44.792,1
1991-06-12,0.8,44.676,1
1991-06-13,0.79,45.833,1
1991-06-14,0.8,45.833,1
1991-06-15,0.8,45.718,1
1991-06-16,0.61,8.449,1
1991-06-17,0.79,41.319,1
1991-06-18,0.8,45.602,1
1991-06-19,0.8,45.255,1
1991-06-20,0.81,45.949,1
1991-06-21,0.8,45.37,1
1991-06-22,0.8,46.181,1
1991-06-23,0.61,8.449,1
1991-06-24,0.8,45.139,1
1991-06-25,0.79,46.065,1
1991-06-26,0.8,46.065,1
1991-06-27,0.81,44.792,1
1991-06-28,0.81,45.139,1
1991-06-29,0.81,45.949,1
1991-06-30,0.6,8.449,1
1991-07-01,0.8,45.833,1
1991-07-02,0.79,46.759,1
1991-07-03,0.8,46.181,1
1991-07-04,0.8,45.486,1
1991-07-05,0.8,45.486,1
1991-07-06,0.81,45.486,1
1991-07-07,0.65,7.523,1
1991-07-08,0.81,43.75,1
1991-07-09,0.81,45.486,1
1991-07-10,0.81,45.255,1
1991-07-11,0.81,45.718,1
1991-07-12,0.81,46.644,1
1991-07-13,0.81,46.065,1
1991-07-14,0.85,9.722,1
1991-07-15,0.8,47.801,1
1991-07-16,0.81,47.454,1
1991-07-17,0.81,46.759,1
1991-07-18,0.8,46.528,1
1991-07-19,0.81,46.296,1
1991-07-20,0.79,46.181,1
1991-07-21,0.8,9.491,1
1991-07-22,0.81,46.181,1
1991-07-23,0.79,46.065,1
1991-07-24,0.81,46.065,1
1991-07-25,0.8,9.491,1
1991-07-26,0.79,9.491,1
1991-07-27,0.6,9.491,1
1991-07-28,0.8,11.574,1
1991-07-29,0.78,9.491,1
1991-07-30,0.78,9.491,1
1991-07-31,0.78,9.491,1
1991-08-01,0.79,9.491,1
1991-08-02,0.79,9.491,1
1991-08-03,0.81,9.491,1
1991-08-04,0.81,9.491,1
1991-08-05,0.81,9.491,1
1991-08-06,0.81,9.491,1
1991-08-07,0.81,9.491,1
1991-08-08,0.79,9.491,1
1991-08-09,0.81,9.491,1
1991-08-10,0.81,9.491,1
1991-08-11,0.8,9.491,1
1991-08-12,0.79,9.491,1
1991-08-13,0.8,9.491,1
1991-08-14,0.8,9.491,1
1991-08-15,0.8,9.491,1
1991-08-16,0.8,9.491,1
1991-08-17,0.81,9.491,1
1991-08-18,0.81,9.491,1
1991-08-19,0.82,9.491,1
1991-08-20,0.82,9.491,1
1991-08-21,0.8,9.491,1
1991-08-22,0.8,9.491,1
1991-08-23,0.81,9.491,1
1991-08-24,0.81,9.491,1
1991-08-25,0.81,9.491,1
1991-08-26,0.81,9.491,1
1991-08-27,0.81,9.491,1
1991-08-28,0.81,9.491,1
1991-08-29,0.81,9.491,1
1991-08-30,0.81,9.491,1
1991-08-31,0.81,9.491,1
1991-09-01,0.81,9.491,1
1991-09-02,0.78,16.667,1
1991-09-03,0.81,43.287,1
1991-09-04,0.81,30.787,1
1991-09-05,0.79,20.255,1
1991-09-06,0.81,26.62,1
1991-09-07,0.81,17.014,1
1991-09-08,0.81,9.491,1
1991-09-09,0.81,34.606,1
1991-09-10,0.81,35.301,1
1991-09-11,0.8,8.565,1
1991-09-12,0.81,32.986,1
1991-09-13,0.84,31.366,1
1991-09-14,0.81,33.912,1
1991-09-15,0.81,4.977,1
1991-09-16,0.81,37.037,1
1991-09-17,0.83,36.921,1
1991-09-18,0.83,36.806,1
1991-09-19,0.82,38.657,1
1991-09-20,0.81,32.639,1
1991-09-21,0.81,23.958,1
1991-09-22,0.71,6.019,1
1991-09-23,0.82,26.157,1
1991-09-24,0.83,36.111,1
1991-09-25,0.84,37.269,1
1991-09-26,0.83,31.944,1
1991-09-27,0.81,33.912,1
1991-09-28,0.85,15.162,1
1991-09-29,0.78,4.514,1
1991-09-30,0.82,19.792,1
1991-10-01,0.77,14.468,1
1991-10-02,0.81,19.792,1
1991-10-03,0.83,20.023,1
1991-10-04,0.81,20.255,1
1991-10-05,0.83,23.843,1
1991-10-06,0.78,3.009,1
1991-10-07,0.83,39.699,1
1991-10-08,0.81,40.046,1
1991-10-09,0.81,37.037,1
1991-10-10,0.82,40.162,1
1991-10-11,0.83,34.028,1
1991-10-12,0.81,6.019,1
1991-10-13,0.77,5.556,1
1991-10-14,0.79,35.648,1
1991-10-15,0.82,40.625,1
1991-10-16,0.79,39.699,1
1991-10-17,0.73,43.171,1
1991-10-18,0.84,16.435,1
1991-10-19,0.84,19.097,1
1991-10-20,0.79,6.134,1
1991-10-21,0.83,33.333,1
1991-10-22,0.83,36.458,1
1991-10-23,0.79,19.097,1
1991-10-24,0.81,16.551,1
1991-10-25,0.83,19.56,1
1991-10-26,0.82,9.838,1
1991-10-27,0.79,4.282,1
1991-10-28,0.82,16.204,1
1991-10-29,0.81,15.972,1
1991-10-30,0.83,20.023,1
1991-10-31,0.82,9.954,1
1991-11-01,0.81,3.009,1
1991-11-02,0.81,11.343,1
1991-11-03,0.81,6.944,1
1991-11-04,0.8,23.727,1
1991-11-05,0.84,27.083,1
1991-11-06,0.82,26.62,1
1991-11-07,0.67,42.014,1
1991-11-08,0.63,42.245,1
1991-11-09,0.82,40.046,1
1991-11-10,0.7,2.662,1
1991-11-11,0.79,41.782,1
1991-11-12,0.79,40.625,1
1991-11-13,0.69,31.713,1
1991-11-14,0.86,42.94,1
1991-11-15,0.61,36.343,1
1991-11-16,0.77,26.968,1
1991-11-17,0.8,5.903,1
1991-11-18,0.85,45.718,1
1991-11-19,0.86,54.398,1
1991-11-20,0.86,57.755,1
1991-11-21,0.85,55.787,1
1991-11-22,0.85,47.454,1
1991-11-23,0.82,43.171,1
1991-11-24,0.75,3.819,1
1991-11-25,0.85,43.634,1
1991-11-26,0.85,45.718,1
1991-11-27,0.85,45.486,1
1991-11-28,0.85,46.644,1
1991-11-29,0.85,46.181,1
1991-11-30,0.85,46.528,1
1991-12-01,0.85,3.241,1
1991-12-02,0.83,5.44,1
1991-12-03,0.8,2.662,1
1991-12-04,0.77,2.546,1
1991-12-05,0.75,2.546,1
1991-12-06,0.72,2.546,1
1991-12-07,0.7,2.546,1
1991-12-08,0.68,2.546,1
1991-12-09,0.69,2.546,1
1991-12-10,0.81,2.662,1
1991-12-11,0.85,3.125,1
1991-12-12,0.85,2.546,1
1991-12-13,0.85,2.546,1
1991-12-14,0.82,4.282,1
1991-12-15,0.71,1.968,1
1991-12-16,0.83,1.968,1
1991-12-17,0.85,1.968,1
1991-12-18,0.85,1.968,1
1991-12-19,0.85,1.968,1
1991-12-20,0.85,1.968,1
1991-12-21,0.85,1.968,1
1991-12-22,0.76,1.968,1
1991-12-23,0.8,4.398,1
1991-12-24,0.82,1.968,1
1991-12-25,0.72,1.968,1
1991-12-26,0.82,16.551,1
1991-12-27,0.83,27.662,1
1991-12-28,0.83,30.671,1
1991-12-29,0.82,1.968,1
1991-12-30,0.82,29.051,1
1991-12-31,0.83,25.926,1
1992-01-01,0.82,1.968,1
1992-01-02,0.83,32.986,1
1992-01-03,0.8,38.194,1
1992-01-04,0.81,38.889,1
1992-01-05,0.8,1.968,1
1992-01-06,0.75,1.968,1
1992-01-07,0.83,37.269,1
1992-01-08,0.84,37.616,1
1992-01-09,0.81,42.014,1
1992-01-10,0.85,25.347,1
1992-01-11,0.83,24.884,1
1992-01-12,0.85,1.968,1
1992-01-13,0.78,22.569,1
1992-01-14,0.81,20.37,1
1992-01-15,0.82,17.13,1
1992-01-16,0.83,10.764,1
1992-01-17,0.73,1.968,1
1992-01-18,0.82,7.407,1
1992-01-19,0.73,1.968,1
1992-01-20,0.82,7.755,1
1992-01-21,0.81,7.87,1
1992-01-22,0.82,7.639,1
1992-01-23,0.83,7.523,1
1992-01-24,0.82,6.366,1
1992-01-25,0.7,2.546,1
1992-01-26,0.6,2.546,1
1992-01-27,0.77,3.935,1
1992-01-28,0.82,6.25,1
1992-01-29,0.78,6.134,1
1992-01-30,0.83,6.25,1
1992-01-31,0.81,6.25,1
1992-02-01,0.72,2.546,1
1992-02-02,0.72,2.546,1
1992-02-03,0.84,2.546,1
1992-02-04,0.81,3.125,1
1992-02-05,0.83,2.894,1
1992-02-06,0.83,2.199,1
1992-02-07,0.83,2.199,1
1992-02-08,0.83,2.199,1
1992-02-09,0.72,2.199,1
1992-02-10,0.84,2.199,1
1992-02-11,0.73,2.199,1
1992-02-12,0.85,2.083,1
1992-02-13,0.75,1.968,1
1992-02-14,0.83,1.968,1
1992-02-15,0.83,1.968,1
1992-02-16,0.73,1.968,1
1992-02-17,0.83,1.968,1
1992-02-18,0.72,1.968,1
1992-02-19,0.84,1.968,1
1992-02-20,0.78,1.968,1
1992-02-21,0.69,1.968,1
1992-02-22,0.84,2.315,1
1992-02-23,0.75,1.968,1
1992-02-24,0.82,1.968,1
1992-02-25,0.73,1.968,1
1992-02-26,0.65,1.968,1
1992-02-27,0.84,4.977,1
1992-02-28,0.84,2.315,1
1992-02-29,0.83,2.662,1
1992-03-01,0.84,2.662,1
1992-03-02,0.83,2.662,1
1992-03-03,0.85,2.662,1
1992-03-04,0.81,2.662,1
1992-03-05,0.79,2.431,1
1992-03-06,0.77,2.431,1
1992-03-07,0.81,2.546,1
1992-03-08,0.65,2.546,1
1992-03-09,0.62,2.546,1
1992-03-10,0.6,3.125,1
1992-03-11,0.6,3.356,1
1992-03-12,0.6,3.356,1
1992-03-13,0.78,7.176,1
1992-03-14,0.83,3.356,1
1992-03-15,0.64,3.356,1
1992-03-16,0.59,3.356,1
1992-03-17,0.6,2.546,1
1992-03-18,0.83,2.546,1
1992-03-19,0.67,3.009,1
1992-03-20,0.77,3.009,1
1992-03-21,0.83,3.009,1
1992-03-22,0.67,3.009,1
1992-03-23,0.77,3.009,1
1992-03-24,0.78,3.009,1
1992-03-25,0.71,3.009,1
1992-03-26,0.69,3.009,1
1992-03-27,0.81,3.935,1
1992-03-28,0.73,3.009,1
1992-03-29,0.63,2.894,1
1992-03-30,0.82,3.009,1
1992-03-31,0.78,8.333,1
1992-04-01,0.8,6.944,1
1992-04-02,0.69,24.421,1
1992-04-03,0.77,26.736,1
1992-04-04,0.76,23.611,1
1992-04-05,0.8,16.204,1
1992-04-06,0.73,13.542,1
1992-04-07,0.75,6.829,1
1992-04-08,0.81,7.06,1
1992-04-09,0.8,6.019,1
1992-04-10,0.79,6.597,1
1992-04-11,0.79,6.019,1
1992-04-12,0.78,5.093,1
1992-04-13,0.79,4.977,1
1992-04-14,0.8,4.63,1
1992-04-15,0.79,5.093,1
1992-04-16,0.85,3.935,1
1992-04-17,0.84,4.514,1
1992-04-18,0.81,7.87,1
1992-04-19,0.81,4.514,1
1992-04-20,0.8,12.5,1
1992-04-21,0.8,12.384,1
1992-04-22,0.79,18.866,1
1992-04-23,0.81,16.204,1
1992-04-24,0.81,16.088,1
1992-04-25,0.83,21.296,1
1992-04-26,0.77,3.472,1
1992-04-27,0.79,19.213,1
1992-04-28,0.81,41.088,1
1992-04-29,0.82,42.593,1
1992-04-30,0.81,41.319,1
1992-05-01,0.56,5.556,1
1992-05-02,0.81,40.856,1
1992-05-03,0.55,5.556,1
1992-05-04,0.81,40.625,1
1992-05-05,0.81,41.782,1
1992-05-06,0.81,43.75,1
1992-05-07,0.79,39.468,1
1992-05-08,0.82,42.824,1
1992-05-09,0.8,20.37,1
1992-05-10,0.56,6.481,1
1992-05-11,0.82,19.213,1
1992-05-12,0.74,18.981,1
1992-05-13,0.75,18.634,1
1992-05-14,0.77,19.213,1
1992-05-15,0.8,18.634,1
1992-05-16,0.82,7.87,1
1992-05-17,0.55,7.523,1
1992-05-18,0.78,8.681,1
1992-05-19,0.81,8.218,1
1992-05-20,0.83,10.648,1
1992-05-21,0.76,7.523,1
1992-05-22,0.79,10.995,1
1992-05-23,0.8,11.574,1
1992-05-24,0.63,7.523,1
1992-05-25,0.8,9.606,1
1992-05-26,0.8,10.069,1
1992-05-27,0.8,17.94,1
1992-05-28,0.8,15.046,1
1992-05-29,0.79,6.829,1
1992-05-30,0.77,14.583,1
1992-05-31,0.59,5.556,1
1992-06-01,0.8,13.657,1
1992-06-02,0.83,32.986,1
1992-06-03,0.79,42.014,1
1992-06-04,0.81,39.931,1
1992-06-05,0.8,41.667,1
1992-06-06,0.69,15.162,1
1992-06-07,0.61,4.167,1
1992-06-08,0.72,16.782,1
1992-06-09,0.81,34.259,1
1992-06-10,0.81,33.681,1
1992-06-11,0.74,20.37,1
1992-06-12,0.75,18.866,1
1992-06-13,0.76,18.519,1
1992-06-14,0.69,3.472,1
1992-06-15,0.82,21.296,1
1992-06-16,0.77,35.532,1
1992-06-17,0.75,34.491,1
1992-06-18,0.83,34.144,1
1992-06-19,0.83,35.532,1
1992-06-20,0.8,30.208,1
1992-06-21,0.68,4.977,1
1992-06-22,0.78,29.977,1
1992-06-23,0.79,40.625,1
1992-06-24,0.76,43.056,1
1992-06-25,0.74,44.213,1
1992-06-26,0.75,45.023,1
1992-06-27,0.78,43.866,1
1992-06-28,0.59,6.944,1
1992-06-29,0.81,43.634,1
1992-06-30,0.8,45.37,1
1992-07-01,0.81,45.833,1
1992-07-02,0.81,46.759,1
1992-07-03,0.81,45.255,1
1992-07-04,0.8,48.495,1
1992-07-05,0.71,9.491,1
1992-07-06,0.75,46.644,1
1992-07-07,0.82,46.644,1
1992-07-08,0.81,46.181,1
1992-07-09,0.81,46.875,1
1992-07-10,0.81,46.644,1
1992-07-11,0.61,48.727,1
1992-07-12,0.64,11.343,1
1992-07-13,0.81,42.361,1
1992-07-14,0.77,46.528,1
1992-07-15,0.79,46.528,1
1992-07-16,0.81,39.699,1
1992-07-17,0.78,46.875,1
1992-07-18,0.81,45.139,1
1992-07-19,0.59,9.491,1
1992-07-20,0.81,46.412,1
1992-07-21,0.81,46.528,1
1992-07-22,0.81,48.032,1
1992-07-23,0.81,45.255,1
1992-07-24,0.81,45.37,1
1992-07-25,0.8,46.875,1
1992-07-26,0.8,9.491,1
1992-07-27,0.81,9.491,1
1992-07-28,0.8,9.491,1
1992-07-29,0.79,9.491,1
1992-07-30,0.79,9.491,1
1992-07-31,0.8,9.491,1
1992-08-01,0.79,9.491,1
1992-08-02,0.79,9.491,1
1992-08-03,0.8,9.491,1
1992-08-04,0.8,9.491,1
1992-08-05,0.79,9.491,1
1992-08-06,0.8,9.491,1
1992-08-07,0.8,9.491,1
1992-08-08,0.8,9.491,1
1992-08-09,0.79,9.491,1
1992-08-10,0.8,9.491,1
1992-08-11,0.8,9.491,1
1992-08-12,0.79,9.491,1
1992-08-13,0.8,9.491,1
1992-08-14,0.8,9.491,1
1992-08-15,0.8,9.491,1
1992-08-16,0.8,9.491,1
1992-08-17,0.79,9.491,1
1992-08-18,0.78,9.491,1
1992-08-19,0.79,9.491,1
1992-08-20,0.81,9.491,1
1992-08-21,0.8,9.491,1
1992-08-22,0.81,9.491,1
1992-08-23,0.8,9.491,1
1992-08-24,0.8,9.491,1
1992-08-25,0.81,14.699,1
1992-08-26,0.79,25.0,1
1992-08-27,0.81,33.681,1
1992-08-28,0.79,32.06,1
1992-08-29,0.81,26.389,1
1992-08-30,0.82,8.333,1
1992-08-31,0.8,5.671,1
1992-09-01,0.85,5.093,1
1992-09-02,0.79,8.218,1
1992-09-03,0.63,4.051,1
1992-09-04,0.83,35.301,1
1992-09-05,0.82,40.741,1
1992-09-06,0.81,4.051,1
1992-09-07,0.82,39.699,1
1992-09-08,0.82,41.435,1
1992-09-09,0.82,42.13,1
1992-09-10,0.82,42.13,1
1992-09-11,0.83,43.519,1
1992-09-12,0.81,43.981,1
1992-09-13,0.82,6.481,1
1992-09-14,0.81,43.634,1
1992-09-15,0.81,44.213,1
1992-09-16,0.81,45.023,1
1992-09-17,0.75,45.37,1
1992-09-18,0.72,46.181,1
1992-09-19,0.81,44.56,1
1992-09-20,0.79,7.523,1
1992-09-21,0.81,44.676,1
1992-09-22,0.81,43.981,1
1992-09-23,0.81,42.245,1
1992-09-24,0.82,43.634,1
1992-09-25,0.81,43.287,1
1992-09-26,0.82,43.403,1
1992-09-27,0.81,5.787,1
1992-09-28,0.81,42.824,1
1992-09-29,0.82,42.13,1
1992-09-30,0.84,41.551,1
1992-10-01,0.82,42.245,1
1992-10-02,0.82,42.014,1
1992-10-03,0.83,29.514,1
1992-10-04,0.71,3.009,1
1992-10-05,0.82,41.551,1
1992-10-06,0.81,41.782,1
1992-10-07,0.81,42.014,1
1992-10-08,0.81,42.708,1
1992-10-09,0.79,43.287,1
1992-10-10,0.85,14.815,1
1992-10-11,0.69,3.009,1
1992-10-12,0.58,3.009,1
1992-10-13,0.82,33.218,1
1992-10-14,0.81,41.667,1
1992-10-15,0.83,41.435,1
1992-10-16,0.83,41.435,1
1992-10-17,0.83,44.56,1
1992-10-18,0.69,3.009,1
1992-10-19,0.83,40.509,1
1992-10-20,0.82,44.444,1
1992-10-21,0.81,42.245,1
1992-10-22,0.83,41.319,1
1992-10-23,0.82,41.435,1
1992-10-24,0.83,40.394,1
1992-10-25,0.74,2.199,1
1992-10-26,0.83,39.352,1
1992-10-27,0.82,29.514,1
1992-10-28,0.82,33.333,1
1992-10-29,0.77,32.523,1
1992-10-30,0.75,9.144,1
1992-10-31,0.75,22.454,1
1992-11-01,0.72,2.546,1
1992-11-02,0.82,31.366,1
1992-11-03,0.83,38.079,1
1992-11-04,0.86,41.435,1
1992-11-05,0.85,49.884,1
1992-11-06,0.85,42.245,1
1992-11-07,0.86,43.519,1
1992-11-08,0.72,5.208,1
1992-11-09,0.85,39.931,1
1992-11-10,0.85,46.065,1
1992-11-11,0.85,44.213,1
1992-11-12,0.86,44.213,1
1992-11-13,0.83,42.13,1
1992-11-14,0.75,4.861,1
1992-11-15,0.77,2.546,1
1992-11-16,0.76,2.546,1
1992-11-17,0.75,2.546,1
1992-11-18,0.75,2.546,1
1992-11-19,0.74,2.546,1
1992-11-20,0.74,2.546,1
1992-11-21,0.74,2.546,1
1992-11-22,0.71,2.546,1
1992-11-23,0.64,2.546,1
1992-11-24,0.83,2.546,1
1992-11-25,0.68,2.546,1
1992-11-26,0.74,2.546,1
1992-11-27,0.6,2.546,1
1992-11-28,0.74,2.546,1
1992-11-29,0.61,2.546,1
1992-11-30,0.59,2.546,1
1992-12-01,0.59,2.083,1
1992-12-02,0.59,2.315,1
1992-12-03,0.58,2.546,1
1992-12-04,0.81,12.616,1
1992-12-05,0.64,40.162,1
1992-12-06,0.75,22.569,1
1992-12-07,0.67,40.046,1
1992-12-08,0.63,37.963,1
1992-12-09,0.66,23.495,1
1992-12-10,0.62,19.213,1
1992-12-11,0.62,12.037,1
1992-12-12,0.85,17.94,1
1992-12-13,0.76,13.079,1
1992-12-14,0.64,31.366,1
1992-12-15,0.84,29.977,1
1992-12-16,0.85,33.796,1
1992-12-17,0.79,33.218,1
1992-12-18,0.78,30.671,1
1992-12-19,0.79,31.25,1
1992-12-20,0.79,4.282,1
1992-12-21,0.77,30.671,1
1992-12-22,0.84,42.13,1
1992-12-23,0.85,56.366,1
1992-12-24,0.86,58.681,1
1992-12-25,0.85,58.565,1
1992-12-26,0.85,51.852,1
1992-12-27,0.79,47.222,1
1992-12-28,0.85,45.486,1
1992-12-29,0.82,39.005,1
1992-12-30,0.84,44.792,1
1992-12-31,0.83,54.514,1
1993-01-01,0.81,33.218,1
1993-01-02,0.81,38.773,1
1993-01-03,0.8,31.944,1
1993-01-04,0.83,42.824,1
1993-01-05,0.83,39.468,1
1993-01-06,0.8,28.588,1
1993-01-07,0.79,40.046,1
1993-01-08,0.84,42.593,1
1993-01-09,0.82,44.792,1
1993-01-10,0.81,27.778,1
1993-01-11,0.79,39.352,1
1993-01-12,0.85,40.162,1
1993-01-13,0.85,43.403,1
1993-01-14,0.85,42.13,1
1993-01-15,0.84,41.667,1
1993-01-16,0.83,41.088,1
1993-01-17,0.83,24.653,1
1993-01-18,0.83,37.616,1
1993-01-19,0.8,36.574,1
1993-01-20,0.82,36.69,1
1993-01-21,0.85,34.028,1
1993-01-22,0.81,30.093,1
1993-01-23,0.81,22.454,1
1993-01-24,0.81,5.787,1
1993-01-25,0.81,29.514,1
1993-01-26,0.82,25.926,1
1993-01-27,0.83,25.694,1
1993-01-28,0.83,23.495,1
1993-01-29,0.83,24.884,1
1993-01-30,0.76,17.014,1
1993-01-31,0.75,7.292,1
1993-02-01,0.81,18.75,1
1993-02-02,0.79,18.75,1
1993-02-03,0.82,18.287,1
1993-02-04,0.82,17.824,1
1993-02-05,0.83,17.94,1
1993-02-06,0.81,4.63,1
1993-02-07,0.79,4.514,1
1993-02-08,0.73,7.292,1
1993-02-09,0.77,2.199,1
1993-02-10,0.82,5.44,1
1993-02-11,0.78,6.366,1
1993-02-12,0.76,2.315,1
1993-02-13,0.83,2.778,1
1993-02-14,0.83,3.356,1
1993-02-15,0.83,3.241,1
1993-02-16,0.84,3.125,1
1993-02-17,0.81,3.472,1
1993-02-18,0.79,3.819,1
1993-02-19,0.83,2.315,1
1993-02-20,0.82,3.241,1
1993-02-21,0.83,2.662,1
1993-02-22,0.82,2.894,1
1993-02-23,0.84,2.431,1
1993-02-24,0.81,7.87,1
1993-02-25,0.74,2.431,1
1993-02-26,0.69,2.431,1
1993-02-27,0.83,5.208,1
1993-02-28,0.73,2.431,1
1993-03-01,0.8,3.704,1
1993-03-02,0.76,0.347,1
1993-03-03,0.69,0.81,1
1993-03-04,0.69,0.347,1
1993-03-05,0.69,0.347,1
1993-03-06,0.67,0.347,1
1993-03-07,0.67,0.347,1
1993-03-08,0.65,0.347,1
1993-03-09,0.64,0.347,1
1993-03-10,0.63,0.347,1
1993-03-11,0.61,0.347,1
1993-03-12,0.82,0.347,1
1993-03-13,0.67,1.736,1
1993-03-14,0.56,1.273,1
1993-03-15,0.71,0.347,1
1993-03-16,0.82,0.347,1
1993-03-17,0.84,0.347,1
1993-03-18,0.84,0.347,1
1993-03-19,0.84,0.347,1
1993-03-20,0.84,0.347,1
1993-03-21,0.84,0.347,1
1993-03-22,0.84,0.347,1
1993-03-23,0.84,0.347,1
1993-03-24,0.84,0.347,1
1993-03-25,0.84,0.347,1
1993-03-26,0.83,0.347,1
1993-03-27,0.84,0.347,1
1993-03-28,0.84,0.347,1
1993-03-29,0.85,0.347,1
1993-03-30,0.74,1.273,1
1993-03-31,0.76,1.968,1
1993-04-01,0.64,1.389,1
1993-04-02,0.81,0.463,1
1993-04-03,0.79,0.347,1
1993-04-04,0.79,0.347,1
1993-04-05,0.77,0.347,1
1993-04-06,0.74,0.347,1
1993-04-07,0.83,0.694,1
1993-04-08,0.75,0.81,1
1993-04-09,0.66,1.042,1
1993-04-10,0.6,0.81,1
1993-04-11,0.58,0.81,1
1993-04-12,0.67,5.556,1
1993-04-13,0.73,0.81,1
1993-04-14,0.82,0.81,1
1993-04-15,0.85,1.273,1
1993-04-16,0.84,1.505,1
1993-04-17,0.83,1.389,1
1993-04-18,0.81,1.273,1
1993-04-19,0.82,0.926,1
1993-04-20,0.8,1.273,1
1993-04-21,0.69,1.505,1
1993-04-22,0.83,1.505,1
1993-04-23,0.82,1.505,1
1993-04-24,0.76,5.903,1
1993-04-25,0.77,1.505,1
1993-04-26,0.83,1.505,1
1993-04-27,0.83,5.556,1
1993-04-28,0.82,5.671,1
1993-04-29,0.78,6.25,1
1993-04-30,0.8,2.083,1
1993-05-01,0.85,1.505,1
1993-05-02,0.83,2.315,1
1993-05-03,0.8,2.431,1
1993-05-04,0.82,1.505,1
1993-05-05,0.81,1.505,1
1993-05-06,0.76,2.315,1
1993-05-07,0.75,3.009,1
1993-05-08,0.76,3.009,1
1993-05-09,0.75,3.009,1
1993-05-10,0.85,3.009,1
1993-05-11,0.83,5.208,1
1993-05-12,0.84,4.977,1
1993-05-13,0.83,4.051,1
1993-05-14,0.83,5.787,1
1993-05-15,0.79,6.019,1
1993-05-16,0.81,5.671,1
1993-05-17,0.8,4.745,1
1993-05-18,0.84,6.366,1
1993-05-19,0.84,5.44,1
1993-05-20,0.85,4.514,1
1993-05-21,0.84,4.051,1
1993-05-22,0.85,4.398,1
1993-05-23,0.85,5.556,1
1993-05-24,0.84,5.671,1
1993-05-25,0.82,21.412,1
1993-05-26,0.85,39.005,1
1993-05-27,0.86,57.986,1
1993-05-28,0.85,56.366,1
1993-05-29,0.83,55.44,1
1993-05-30,0.85,55.556,1
1993-05-31,0.84,54.745,1
1993-06-01,0.85,55.44,1
1993-06-02,0.85,55.44,1
1993-06-03,0.83,53.704,1
1993-06-04,0.84,56.481,1
1993-06-05,0.85,49.421,1
1993-06-06,0.85,17.708,1
1993-06-07,0.84,48.727,1
1993-06-08,0.85,50.116,1
1993-06-09,0.83,56.134,1
1993-06-10,0.85,54.745,1
1993-06-11,0.84,56.25,1
1993-06-12,0.85,57.755,1
1993-06-13,0.81,22.338,1
1993-06-14,0.84,48.727,1
1993-06-15,0.85,57.292,1
1993-06-16,0.83,54.051,1
1993-06-17,0.84,52.778,1
1993-06-18,0.75,50.463,1
1993-06-19,0.82,18.056,1
1993-06-20,0.82,3.588,1
1993-06-21,0.81,26.968,1
1993-06-22,0.81,29.861,1
1993-06-23,0.79,25.347,1
1993-06-24,0.82,19.676,1
1993-06-25,0.82,23.727,1
1993-06-26,0.81,28.935,1
1993-06-27,0.81,6.944,1
1993-06-28,0.8,30.208,1
1993-06-29,0.81,31.25,1
1993-06-30,0.8,34.491,1
1993-07-01,0.81,37.5,1
1993-07-02,0.81,35.88,1
1993-07-03,0.82,36.69,1
1993-07-04,0.82,6.944,1
1993-07-05,0.81,44.097,1
1993-07-06,0.81,41.435,1
1993-07-07,0.8,40.278,1
1993-07-08,0.79,44.097,1
1993-07-09,0.79,43.634,1
1993-07-10,0.79,38.889,1
1993-07-11,0.6,6.944,1
1993-07-12,0.8,36.574,1
1993-07-13,0.8,43.403,1
1993-07-14,0.81,44.097,1
1993-07-15,0.79,43.287,1
1993-07-16,0.79,43.171,1
1993-07-17,0.8,43.866,1
1993-07-18,0.71,6.944,1
1993-07-19,0.79,43.634,1
1993-07-20,0.81,42.593,1
1993-07-21,0.8,42.94,1
1993-07-22,0.79,43.171,1
1993-07-23,0.8,43.056,1
1993-07-24,0.8,43.171,1
1993-07-25,0.78,7.639,1
1993-07-26,0.78,43.866,1
1993-07-27,0.79,43.519,1
1993-07-28,0.8,43.519,1
1993-07-29,0.8,43.287,1
1993-07-30,0.81,40.741,1
1993-07-31,0.79,43.056,1
1993-08-01,0.8,10.648,1
1993-08-02,0.8,46.528,1
1993-08-03,0.8,46.759,1
1993-08-04,0.81,46.412,1
1993-08-05,0.8,46.412,1
1993-08-06,0.8,46.296,1
1993-08-07,0.81,26.042,1
1993-08-08,0.8,9.606,1
1993-08-09,0.8,24.306,1
1993-08-10,0.45,25.579,1
1993-08-11,0.69,8.912,1
1993-08-12,0.82,19.097,1
1993-08-13,0.81,18.75,1
1993-08-14,0.79,19.097,1
1993-08-15,0.8,10.069,1
1993-08-16,0.75,16.088,1
1993-08-17,0.78,16.782,1
1993-08-18,0.81,19.444,1
1993-08-19,0.77,39.583,1
1993-08-20,0.79,37.384,1
1993-08-21,0.79,30.556,1
1993-08-22,0.8,9.491,1
1993-08-23,0.8,9.491,1
1993-08-24,0.8,9.491,1
1993-08-25,0.8,8.449,1
1993-08-26,0.8,8.449,1
1993-08-27,0.8,8.449,1
1993-08-28,0.81,7.986,1
1993-08-29,0.6,7.986,1
1993-08-30,0.81,8.449,1
1993-08-31,0.81,8.449,1
1993-09-01,0.81,6.019,1
1993-09-02,0.81,6.019,1
1993-09-03,0.81,6.019,1
1993-09-04,0.81,6.019,1
1993-09-05,0.8,6.019,1
1993-09-06,0.8,6.019,1
1993-09-07,0.8,6.019,1
1993-09-08,0.81,6.019,1
1993-09-09,0.81,6.019,1
1993-09-10,0.83,6.019,1
1993-09-11,0.83,3.704,1
1993-09-12,0.75,3.009,1
1993-09-13,0.83,1.736,1
1993-09-14,0.82,0.463,1
1993-09-15,0.82,0.463,1
1993-09-16,0.83,0.463,1
1993-09-17,0.81,11.69,1
1993-09-18,0.81,31.366,1
1993-09-19,0.79,0.81,1
1993-09-20,0.83,28.241,1
1993-09-21,0.81,28.241,1
1993-09-22,0.82,19.676,1
1993-09-23,0.8,10.648,1
1993-09-24,0.78,10.069,1
1993-09-25,0.77,5.903,1
1993-09-26,0.75,1.042,1
1993-09-27,0.82,37.616,1
1993-09-28,0.82,42.014,1
1993-09-29,0.83,41.435,1
1993-09-30,0.82,43.519,1
1993-10-01,0.81,43.287,1
1993-10-02,0.81,26.852,1
1993-10-03,0.75,12.384,1
1993-10-04,0.81,42.477,1
1993-10-05,0.83,43.171,1
1993-10-06,0.83,44.444,1
1993-10-07,0.79,50.926,1
1993-10-08,0.81,47.917,1
1993-10-09,0.82,41.551,1
1993-10-10,0.77,7.639,1
1993-10-11,0.63,41.898,1
1993-10-12,0.81,13.079,1
1993-10-13,0.81,30.556,1
1993-10-14,0.78,39.699,1
1993-10-15,0.82,38.657,1
1993-10-16,0.84,56.829,1
1993-10-17,0.85,56.944,1
1993-10-18,0.85,56.944,1
1993-10-19,0.85,56.944,1
1993-10-20,0.85,56.944,1
1993-10-21,0.85,56.944,1
1993-10-22,0.85,56.944,1
1993-10-23,0.85,56.944,1
1993-10-24,0.85,56.944,1
1993-10-25,0.85,56.944,1
1993-10-26,0.85,55.556,1
1993-10-27,0.85,52.546,1
1993-10-28,0.85,56.944,1
1993-10-29,0.85,56.944,1
1993-10-30,0.85,56.944,1
1993-10-31,0.85,56.944,1
1993-11-01,0.85,59.028,1
1993-11-02,0.85,59.028,1
1993-11-03,0.85,59.028,1
1993-11-04,0.85,59.028,1
1993-11-05,0.85,59.028,1
1993-11-06,0.85,59.028,1
1993-11-07,0.85,59.028,1
1993-11-08,0.85,59.028,1
1993-11-09,0.85,59.028,1
1993-11-10,0.85,59.028,1
1993-11-11,0.85,59.028,1
1993-11-12,0.85,59.028,1
1993-11-13,0.85,59.028,1
1993-11-14,0.85,58.912,1
1993-11-15,0.85,59.028,1
1993-11-16,0.85,59.028,1
1993-11-17,0.85,59.028,1
1993-11-18,0.85,59.028,1
1993-11-19,0.85,59.028,1
1993-11-20,0.85,59.028,1
1993-11-21,0.85,59.028,1
1993-11-22,0.85,59.028,1
1993-11-23,0.85,59.028,1
1993-11-24,0.85,59.028,1
1993-11-25,0.85,59.028,1
1993-11-26,0.85,59.028,1
1993-11-27,0.85,59.028,1
1993-11-28,0.85,59.028,1
1993-11-29,0.85,59.028,1
1993-11-30,0.83,46.991,1
1993-12-01,0.8,41.319,1
1993-12-02,0.85,52.315,1
1993-12-03,0.85,48.032,1
1993-12-04,0.85,56.366,1
1993-12-05,0.85,56.944,1
1993-12-06,0.85,56.944,1
1993-12-07,0.85,56.944,1
1993-12-08,0.85,56.944,1
1993-12-09,0.85,57.06,1
1993-12-10,0.85,56.944,1
1993-12-11,0.85,56.944,1
1993-12-12,0.85,56.944,1
1993-12-13,0.85,56.944,1
1993-12-14,0.85,56.944,1
1993-12-15,0.85,56.944,1
1993-12-16,0.85,56.944,1
1993-12-17,0.85,56.944,1
1993-12-18,0.85,56.944,1
1993-12-19,0.85,56.944,1
1993-12-20,0.85,56.134,1
1993-12-21,0.85,56.944,1
1993-12-22,0.85,56.944,1
1993-12-23,0.85,56.944,1
1993-12-24,0.8,52.199,1
1993-12-25,0.7,43.287,1
1993-12-26,0.75,12.153,1
1993-12-27,0.83,12.5,1
1993-12-28,0.79,6.134,1
1993-12-29,0.81,27.431,1
1993-12-30,0.78,20.023,1
1993-12-31,0.79,20.718,1
1994-01-01,0.65,24.537,1
1994-01-02,0.6,27.546,1
1994-01-03,0.77,27.546,1
1994-01-04,0.79,32.176,1
1994-01-05,0.65,29.861,1
1994-01-06,0.76,45.718,1
1994-01-07,0.8,50.579,1
1994-01-08,0.8,54.977,1
1994-01-09,0.81,54.398,1
1994-01-10,0.85,56.366,1
1994-01-11,0.85,59.028,1
1994-01-12,0.85,59.028,1
1994-01-13,0.85,59.028,1
1994-01-14,0.85,74.653,1
1994-01-15,0.85,95.023,1
1994-01-16,0.85,95.023,1
1994-01-17,0.85,95.023,1
1994-01-18,0.85,95.023,1
1994-01-19,0.86,95.023,1
1994-01-20,0.86,95.023,1
1994-01-21,0.85,95.023,1
1994-01-22,0.85,95.023,1
1994-01-23,0.86,95.023,1
1994-01-24,0.85,95.023,1
1994-01-25,0.85,66.551,1
1994-01-26,0.85,65.278,1
1994-01-27,0.86,32.06,1
1994-01-28,0.85,59.028,1
1994-01-29,0.85,59.028,1
1994-01-30,0.85,59.028,1
1994-01-31,0.85,58.333,1
1994-02-01,0.85,56.944,1
1994-02-02,0.85,56.944,1
1994-02-03,0.85,56.944,1
1994-02-04,0.85,56.944,1
1994-02-05,0.85,56.944,1
1994-02-06,0.85,56.944,1
1994-02-07,0.85,57.176,1
1994-02-08,0.85,56.944,1
1994-02-09,0.85,56.944,1
1994-02-10,0.85,56.944,1
1994-02-11,0.85,56.944,1
1994-02-12,0.85,56.944,1
1994-02-13,0.85,56.944,1
1994-02-14,0.85,56.944,1
1994-02-15,0.71,56.713,1
1994-02-16,0.8,15.741,1
1994-02-17,0.86,56.944,1
1994-02-18,0.86,56.944,1
1994-02-19,0.85,56.944,1
1994-02-20,0.86,56.944,1
1994-02-21,0.85,56.944,1
1994-02-22,0.85,56.944,1
1994-02-23,0.85,56.944,1
1994-02-24,0.85,56.944,1
1994-02-25,0.86,56.944,1
1994-02-26,0.85,56.944,1
1994-02-27,0.85,56.944,1
1994-02-28,0.85,56.944,1
1994-03-01,0.85,56.944,1
1994-03-02,0.86,56.944,1
1994-03-03,0.86,56.944,1
1994-03-04,0.85,56.944,1
1994-03-05,0.85,56.944,1
1994-03-06,0.85,56.944,1
1994-03-07,0.85,56.944,1
1994-03-08,0.85,56.944,1
1994-03-09,0.85,56.944,1
1994-03-10,0.85,56.944,1
1994-03-11,0.85,56.944,1
1994-03-12,0.85,56.944,1
1994-03-13,0.85,56.944,1
1994-03-14,0.85,56.944,1
1994-03-15,0.85,56.944,1
1994-03-16,0.86,56.944,1
1994-03-17,0.85,56.944,1
1994-03-18,0.85,56.944,1
1994-03-19,0.85,29.63,1
1994-03-20,0.85,11.574,1
1994-03-21,0.85,43.287,1
1994-03-22,0.85,46.875,1
1994-03-23,0.85,46.181,1
1994-03-24,0.86,45.602,1
1994-03-25,0.86,46.065,1
1994-03-26,0.85,45.833,1
1994-03-27,0.83,12.153,1
1994-03-28,0.85,42.477,1
1994-03-29,0.85,47.338,1
1994-03-30,0.85,46.296,1
1994-03-31,0.85,16.088,1
1994-04-01,0.85,7.176,1
1994-04-02,0.84,38.542,1
1994-04-03,0.81,11.111,1
1994-04-04,0.83,42.13,1
1994-04-05,0.85,45.023,1
1994-04-06,0.85,45.255,1
1994-04-07,0.85,45.949,1
1994-04-08,0.85,46.528,1
1994-04-09,0.81,37.037,1
1994-04-10,0.81,8.333,1
1994-04-11,0.8,37.269,1
1994-04-12,0.8,38.889,1
1994-04-13,0.81,38.657,1
1994-04-14,0.82,39.236,1
1994-04-15,0.81,37.037,1
1994-04-16,0.81,17.94,1
1994-04-17,0.81,1.968,1
1994-04-18,0.79,35.417,1
1994-04-19,0.81,38.426,1
1994-04-20,0.81,39.583,1
1994-04-21,0.82,40.278,1
1994-04-22,0.77,31.019,1
1994-04-23,0.83,29.745,1
1994-04-24,0.84,4.051,1
1994-04-25,0.81,30.787,1
1994-04-26,0.82,30.903,1
1994-04-27,0.81,29.282,1
1994-04-28,0.79,25.81,1
1994-04-29,0.81,24.306,1
1994-04-30,0.78,16.088,1
1994-05-01,0.61,4.977,1
1994-05-02,0.78,6.713,1
1994-05-03,0.81,21.528,1
1994-05-04,0.81,21.181,1
1994-05-05,0.79,23.727,1
1994-05-06,0.77,20.37,1
1994-05-07,0.75,15.972,1
1994-05-08,0.74,4.977,1
1994-05-09,0.79,9.722,1
1994-05-10,0.8,14.005,1
1994-05-11,0.8,15.741,1
1994-05-12,0.79,15.856,1
1994-05-13,0.75,18.056,1
1994-05-14,0.79,12.153,1
1994-05-15,0.83,4.977,1
1994-05-16,0.81,19.907,1
1994-05-17,0.83,17.593,1
1994-05-18,0.72,22.917,1
1994-05-19,0.79,24.19,1
1994-05-20,0.74,18.981,1
1994-05-21,0.85,12.5,1
1994-05-22,0.85,4.398,1
1994-05-23,0.68,30.787,1
1994-05-24,0.81,28.704,1
1994-05-25,0.81,33.565,1
1994-05-26,0.83,31.481,1
1994-05-27,0.81,37.847,1
1994-05-28,0.82,30.208,1
1994-05-29,0.83,3.472,1
1994-05-30,0.82,41.319,1
1994-05-31,0.83,41.319,1
1994-06-01,0.82,38.657,1
1994-06-02,0.83,40.509,1
1994-06-03,0.84,39.931,1
1994-06-04,0.85,21.991,1
1994-06-05,0.83,5.556,1
1994-06-06,0.76,18.866,1
1994-06-07,0.81,34.838,1
1994-06-08,0.8,36.69,1
1994-06-09,0.81,34.722,1
1994-06-10,0.8,41.551,1
1994-06-11,0.85,39.583,1
1994-06-12,0.83,6.944,1
1994-06-13,0.78,42.014,1
1994-06-14,0.79,41.204,1
1994-06-15,0.81,37.963,1
1994-06-16,0.39,40.856,1
1994-06-17,0.83,23.843,1
1994-06-18,0.82,26.157,1
1994-06-19,0.8,6.944,1
1994-06-20,0.81,24.421,1
1994-06-21,0.79,35.301,1
1994-06-22,0.78,32.407,1
1994-06-23,0.81,33.912,1
1994-06-24,0.76,16.898,1
1994-06-25,0.79,8.796,1
1994-06-26,0.81,6.944,1
1994-06-27,0.81,8.796,1
1994-06-28,0.8,10.648,1
1994-06-29,0.78,11.111,1
1994-06-30,0.79,10.417,1
1994-07-01,0.79,6.944,1
1994-07-02,0.8,14.699,1
1994-07-03,0.72,6.944,1
1994-07-04,0.81,19.56,1
1994-07-05,0.81,21.412,1
1994-07-06,0.81,20.833,1
1994-07-07,0.83,18.75,1
1994-07-08,0.8,25.0,1
1994-07-09,0.81,19.097,1
1994-07-10,0.71,6.944,1
1994-07-11,0.81,22.569,1
1994-07-12,0.82,25.0,1
1994-07-13,0.83,25.579,1
1994-07-14,0.81,19.907,1
1994-07-15,0.78,22.222,1
1994-07-16,0.81,6.481,1
1994-07-17,0.72,4.861,1
1994-07-18,0.83,20.602,1
1994-07-19,0.8,25.926,1
1994-07-20,0.81,25.0,1
1994-07-21,0.78,21.875,1
1994-07-22,0.81,24.421,1
1994-07-23,0.81,18.171,1
1994-07-24,0.69,5.556,1
1994-07-25,0.82,5.556,1
1994-07-26,0.83,27.315,1
1994-07-27,0.81,39.699,1
1994-07-28,0.8,39.352,1
1994-07-29,0.81,39.699,1
1994-07-30,0.81,5.787,1
1994-07-31,0.72,5.787,1
1994-08-01,0.37,10.069,1
1994-08-02,0.81,14.236,1
1994-08-03,0.8,35.995,1
1994-08-04,0.81,35.069,1
1994-08-05,0.82,13.657,1
1994-08-06,0.8,21.065,1
1994-08-07,0.69,5.44,1
1994-08-08,0.8,16.551,1
1994-08-09,0.81,17.94,1
1994-08-10,0.8,5.093,1
1994-08-11,0.82,11.343,1
1994-08-12,0.81,5.556,1
1994-08-13,0.83,5.44,1
1994-08-14,0.73,5.44,1
1994-08-15,0.74,5.208,1
1994-08-16,0.83,15.394,1
1994-08-17,0.81,14.236,1
1994-08-18,0.82,5.093,1
1994-08-19,0.81,15.162,1
1994-08-20,0.8,5.44,1
1994-08-21,0.71,5.44,1
1994-08-22,0.82,5.44,1
1994-08-23,0.82,5.44,1
1994-08-24,0.83,5.44,1
1994-08-25,0.82,5.44,1
1994-08-26,0.83,5.44,1
1994-08-27,0.82,5.44,1
1994-08-28,0.82,5.44,1
1994-08-29,0.83,5.44,1
1994-08-30,0.82,5.44,1
1994-08-31,0.83,5.44,1
1994-09-01,0.81,5.44,1
1994-09-02,0.81,5.44,1
1994-09-03,0.82,5.44,1
1994-09-04,0.68,5.44,1
1994-09-05,0.82,5.093,1
1994-09-06,0.81,4.745,1
1994-09-07,0.81,4.514,1
1994-09-08,0.81,4.514,1
1994-09-09,0.81,4.514,1
1994-09-10,0.81,4.051,1
1994-09-11,0.77,3.472,1
1994-09-12,0.81,3.241,1
1994-09-13,0.83,3.009,1
1994-09-14,0.83,2.778,1
1994-09-15,0.84,1.389,1
1994-09-16,0.85,1.042,1
1994-09-17,0.84,1.042,1
1994-09-18,0.7,1.62,1
1994-09-19,0.83,1.042,1
1994-09-20,0.84,1.042,1
1994-09-21,0.83,1.042,1
1994-09-22,0.83,1.042,1
1994-09-23,0.83,1.042,1
1994-09-24,0.84,1.042,1
1994-09-25,0.71,1.505,1
1994-09-26,0.85,1.042,1
1994-09-27,0.81,1.042,1
1994-09-28,0.83,1.042,1
1994-09-29,0.83,1.042,1
1994-09-30,0.84,1.042,1
1994-10-01,0.84,1.042,1
1994-10-02,0.74,1.042,1
1994-10-03,0.34,6.713,1
1994-10-04,0.08,3.009,1
1994-10-05,0.08,0.0,1
1994-10-06,0.08,0.0,1
1994-10-07,0.08,0.0,1
1994-10-08,0.08,0.0,1
1994-10-09,0.08,0.0,1
1994-10-10,0.08,0.0,1
1994-10-11,0.08,2.083,1
1994-10-12,0.08,0.0,1
1994-10-13,0.08,1.736,1
1994-10-14,0.09,0.231,1
1994-10-15,0.83,14.12,1
1994-10-16,0.69,1.62,1
1994-10-17,0.82,32.87,1
1994-10-18,0.79,33.681,1
1994-10-19,0.79,28.935,1
1994-10-20,0.76,40.394,1
1994-10-21,0.81,35.069,1
1994-10-22,0.72,39.236,1
1994-10-23,0.75,7.407,1
1994-10-24,0.74,38.773,1
1994-10-25,0.78,42.477,1
1994-10-26,0.67,44.097,1
1994-10-27,0.65,43.287,1
1994-10-28,0.62,42.245,1
1994-10-29,0.81,37.5,1
1994-10-30,0.73,0.926,1
1994-10-31,0.81,40.509,1
1994-11-01,0.75,0.694,1
1994-11-02,0.71,43.519,1
1994-11-03,0.77,41.088,1
1994-11-04,0.78,29.167,1
1994-11-05,0.77,43.981,1
1994-11-06,0.76,0.0,1
1994-11-07,0.69,42.94,1
1994-11-08,0.7,48.495,1
1994-11-09,0.81,29.63,1
1994-11-10,0.79,5.903,1
1994-11-11,0.75,12.963,1
1994-11-12,0.85,31.481,1
1994-11-13,0.79,12.269,1
1994-11-14,0.85,43.287,1
1994-11-15,0.84,48.032,1
1994-11-16,0.84,47.685,1
1994-11-17,0.85,27.546,1
1994-11-18,0.84,25.463,1
1994-11-19,0.84,25.694,1
1994-11-20,0.82,6.481,1
1994-11-21,0.76,0.694,1
1994-11-22,0.75,0.0,1
1994-11-23,0.76,0.0,1
1994-11-24,0.83,1.505,1
1994-11-25,0.82,1.852,1
1994-11-26,0.81,1.968,1
1994-11-27,0.83,2.083,1
1994-11-28,0.84,1.968,1
1994-11-29,0.82,1.968,1
1994-11-30,0.83,1.968,1
1994-12-01,0.82,1.968,1
1994-12-02,0.79,3.588,1
1994-12-03,0.76,39.815,1
1994-12-04,0.84,0.0,1
1994-12-05,0.77,41.898,1
1994-12-06,0.81,6.597,1
1994-12-07,0.82,38.889,1
1994-12-08,0.84,5.556,1
1994-12-09,0.78,44.444,1
1994-12-10,0.78,26.157,1
1994-12-11,0.75,8.912,1
1994-12-12,0.74,36.921,1
1994-12-13,0.72,40.162,1
1994-12-14,0.65,39.352,1
1994-12-15,0.65,36.69,1
1994-12-16,0.63,36.574,1
1994-12-17,0.78,23.38,1
1994-12-18,0.78,0.0,1
1994-12-19,0.82,38.31,1
1994-12-20,0.8,35.88,1
1994-12-21,0.8,37.963,1
1994-12-22,0.81,39.352,1
1994-12-23,0.82,38.31,1
1994-12-24,0.81,35.417,1
1994-12-25,0.7,1.273,1
1994-12-26,0.72,15.046,1
1994-12-27,0.82,26.968,1
1994-12-28,0.84,0.0,1
1994-12-29,0.84,0.0,1
1994-12-30,0.79,39.815,1
1994-12-31,0.74,28.356,1
1995-01-01,0.73,43.75,1
1995-01-02,0.74,25.926,1
1995-01-03,0.8,4.861,1
1995-01-04,0.7,3.241,1
1995-01-05,0.82,5.324,1
1995-01-06,0.78,3.125,1
1995-01-07,0.78,32.986,1
1995-01-08,0.74,3.125,1
1995-01-09,0.72,38.542,1
1995-01-10,0.82,34.375,1
1995-01-11,0.8,39.236,1
1995-01-12,0.8,38.542,1
1995-01-13,0.79,38.542,1
1995-01-14,0.77,39.12,1
1995-01-15,0.85,0.0,1
1995-01-16,0.69,39.12,1
1995-01-17,0.76,39.236,1
1995-01-18,0.82,38.194,1
1995-01-19,0.84,39.583,1
1995-01-20,0.77,17.708,1
1995-01-21,0.71,21.528,1
1995-01-22,0.8,5.787,1
1995-01-23,0.82,30.44,1
1995-01-24,0.8,37.731,1
1995-01-25,0.81,29.745,1
1995-01-26,0.81,15.972,1
1995-01-27,0.7,42.593,1
1995-01-28,0.81,44.329,1
1995-01-29,0.78,8.796,1
1995-01-30,0.78,47.454,1
1995-01-31,0.81,47.569,1
1995-02-01,0.69,19.907,1
1995-02-02,0.84,17.593,1
1995-02-03,0.83,18.634,1
1995-02-04,0.78,37.153,1
1995-02-05,0.77,41.667,1
1995-02-06,0.84,39.815,1
1995-02-07,0.84,47.917,1
1995-02-08,0.84,46.296,1
1995-02-09,0.84,45.486,1
1995-02-10,0.85,46.644,1
1995-02-11,0.78,38.657,1
1995-02-12,0.7,5.324,1
1995-02-13,0.85,39.815,1
1995-02-14,0.86,51.852,1
1995-02-15,0.86,54.63,1
1995-02-16,0.84,56.481,1
1995-02-17,0.84,56.481,1
1995-02-18,0.85,56.481,1
1995-02-19,0.85,56.481,1
1995-02-20,0.84,61.806,1
1995-02-21,0.85,56.481,1
1995-02-22,0.85,56.481,1
1995-02-23,0.83,56.481,1
1995-02-24,0.84,56.481,1
1995-02-25,0.83,56.481,1
1995-02-26,0.85,56.481,1
1995-02-27,0.84,56.481,1
1995-02-28,0.84,56.481,1
1995-03-01,0.84,56.481,1
1995-03-02,0.84,56.481,1
1995-03-03,0.84,56.481,1
1995-03-04,0.83,56.481,1
1995-03-05,0.84,56.481,1
1995-03-06,0.84,58.796,1
1995-03-07,0.84,61.458,1
1995-03-08,0.84,61.458,1
1995-03-09,0.85,63.657,1
1995-03-10,0.84,78.704,1
1995-03-11,0.84,94.444,1
1995-03-12,0.85,94.444,1
1995-03-13,0.84,94.097,1
1995-03-14,0.83,87.269,1
1995-03-15,0.84,87.847,1
1995-03-16,0.83,87.616,1
1995-03-17,0.85,69.907,1
1995-03-18,0.85,63.426,1
1995-03-19,0.85,47.685,1
1995-03-20,0.61,55.44,1
1995-03-21,0.85,56.944,1
1995-03-22,0.84,56.481,1
1995-03-23,0.85,56.481,1
1995-03-24,0.84,51.62,1
1995-03-25,0.85,46.181,1
1995-03-26,0.85,23.148,1
1995-03-27,0.85,44.097,1
1995-03-28,0.84,47.569,1
1995-03-29,0.85,46.181,1
1995-03-30,0.85,45.718,1
1995-03-31,0.78,41.088,1
1995-04-01,0.81,36.921,1
1995-04-02,0.82,1.042,1
1995-04-03,0.82,39.815,1
1995-04-04,0.81,40.625,1
1995-04-05,0.81,38.426,1
1995-04-06,0.79,38.889,1
1995-04-07,0.79,39.815,1
1995-04-08,0.81,32.986,1
1995-04-09,0.68,1.968,1
1995-04-10,0.77,32.639,1
1995-04-11,0.8,32.755,1
1995-04-12,0.81,35.995,1
1995-04-13,0.84,33.681,1
1995-04-14,0.76,4.051,1
1995-04-15,0.82,32.986,1
1995-04-16,0.81,4.051,1
1995-04-17,0.81,13.773,1
1995-04-18,0.78,34.491,1
1995-04-19,0.79,34.722,1
1995-04-20,0.79,33.796,1
1995-04-21,0.78,34.028,1
1995-04-22,0.83,17.477,1
1995-04-23,0.84,4.977,1
1995-04-24,0.82,36.574,1
1995-04-25,0.82,36.227,1
1995-04-26,0.82,26.273,1
1995-04-27,0.81,30.671,1
1995-04-28,0.8,38.079,1
1995-04-29,0.79,20.833,1
1995-04-30,0.77,4.977,1
1995-05-01,0.81,4.977,1
1995-05-02,0.77,13.194,1
1995-05-03,0.8,12.616,1
1995-05-04,0.81,12.616,1
1995-05-05,0.74,7.407,1
1995-05-06,0.81,5.556,1
1995-05-07,0.83,5.556,1
1995-05-08,0.83,17.94,1
1995-05-09,0.82,12.037,1
1995-05-10,0.8,15.394,1
1995-05-11,0.8,13.079,1
1995-05-12,0.79,16.319,1
1995-05-13,0.79,14.236,1
1995-05-14,0.84,5.556,1
1995-05-15,0.79,14.005,1
1995-05-16,0.85,15.162,1
1995-05-17,0.74,9.606,1
1995-05-18,0.79,10.069,1
1995-05-19,0.84,4.514,1
1995-05-20,0.84,6.597,1
1995-05-21,0.84,4.514,1
1995-05-22,0.76,15.741,1
1995-05-23,0.84,12.731,1
1995-05-24,0.77,15.509,1
1995-05-25,0.81,11.69,1
1995-05-26,0.82,15.509,1
1995-05-27,0.83,14.699,1
1995-05-28,0.84,4.745,1
1995-05-29,0.82,8.333,1
1995-05-30,0.8,10.301,1
1995-05-31,0.84,9.375,1
1995-06-01,0.81,11.458,1
1995-06-02,0.8,18.75,1
1995-06-03,0.83,24.421,1
1995-06-04,0.76,6.944,1
1995-06-05,0.81,23.611,1
1995-06-06,0.79,41.088,1
1995-06-07,0.81,34.144,1
1995-06-08,0.81,33.102,1
1995-06-09,0.8,26.736,1
1995-06-10,0.81,23.264,1
1995-06-11,0.81,7.523,1
1995-06-12,0.82,23.264,1
1995-06-13,0.81,24.19,1
1995-06-14,0.81,30.324,1
1995-06-15,0.79,26.852,1
1995-06-16,0.81,25.463,1
1995-06-17,0.81,25.347,1
1995-06-18,0.82,7.523,1
1995-06-19,0.81,24.884,1
1995-06-20,0.79,43.056,1
1995-06-21,0.8,43.287,1
1995-06-22,0.79,29.861,1
1995-06-23,0.81,31.944,1
1995-06-24,0.8,18.981,1
1995-06-25,0.72,3.009,1
1995-06-26,0.79,30.44,1
1995-06-27,0.8,23.495,1
1995-06-28,0.8,25.81,1
1995-06-29,0.78,29.167,1
1995-06-30,0.82,25.579,1
1995-07-01,0.75,29.745,1
1995-07-02,0.75,4.051,1
1995-07-03,0.82,29.398,1
1995-07-04,0.75,29.745,1
1995-07-05,0.79,37.847,1
1995-07-06,0.82,35.648,1
1995-07-07,0.81,36.806,1
1995-07-08,0.81,26.62,1
1995-07-09,0.26,9.491,1
1995-07-10,0.85,13.542,1
1995-07-11,0.67,16.088,1
1995-07-12,0.79,33.102,1
1995-07-13,0.79,41.435,1
1995-07-14,0.79,41.551,1
1995-07-15,0.84,21.644,1
1995-07-16,0.83,4.977,1
1995-07-17,0.81,11.343,1
1995-07-18,0.8,5.556,1
1995-07-19,0.81,11.458,1
1995-07-20,0.77,18.981,1
1995-07-21,0.8,18.75,1
1995-07-22,0.79,8.333,1
1995-07-23,0.83,6.713,1
1995-07-24,0.8,12.616,1
1995-07-25,0.81,35.764,1
1995-07-26,0.8,35.88,1
1995-07-27,0.81,35.185,1
1995-07-28,0.79,31.134,1
1995-07-29,0.8,27.662,1
1995-07-30,0.79,6.944,1
1995-07-31,0.81,39.931,1
1995-08-01,0.79,42.014,1
1995-08-02,0.8,41.667,1
1995-08-03,0.76,43.287,1
1995-08-04,0.78,42.245,1
1995-08-05,0.79,19.792,1
1995-08-06,0.74,6.944,1
1995-08-07,0.81,32.06,1
1995-08-08,0.79,43.634,1
1995-08-09,0.8,22.569,1
1995-08-10,0.8,42.477,1
1995-08-11,0.78,18.171,1
1995-08-12,0.8,15.162,1
1995-08-13,0.75,6.944,1
1995-08-14,0.72,17.708,1
1995-08-15,0.73,6.944,1
1995-08-16,0.8,16.435,1
1995-08-17,0.81,16.088,1
1995-08-18,0.8,18.519,1
1995-08-19,0.8,21.759,1
1995-08-20,0.74,6.944,1
1995-08-21,0.81,17.014,1
1995-08-22,0.76,27.315,1
1995-08-23,0.78,20.023,1
1995-08-24,0.79,20.255,1
1995-08-25,0.8,23.38,1
1995-08-26,0.81,26.62,1
1995-08-27,0.74,6.944,1
1995-08-28,0.82,40.278,1
1995-08-29,0.36,38.889,1
1995-08-30,0.77,14.005,1
1995-08-31,0.81,36.806,1
1995-09-01,0.81,25.81,1
1995-09-02,0.79,15.625,1
1995-09-03,0.75,6.944,1
1995-09-04,0.78,7.407,1
1995-09-05,0.81,6.019,1
1995-09-06,0.77,3.588,1
1995-09-07,0.81,0.81,1
1995-09-08,0.82,3.009,1
1995-09-09,0.77,3.009,1
1995-09-10,0.72,3.009,1
1995-09-11,0.8,2.431,1
1995-09-12,0.83,1.389,1
1995-09-13,0.83,0.463,1
1995-09-14,0.82,0.463,1
1995-09-15,0.81,0.463,1
1995-09-16,0.73,0.926,1
1995-09-17,0.72,0.463,1
1995-09-18,0.72,0.463,1
1995-09-19,0.72,0.463,1
1995-09-20,0.81,0.463,1
1995-09-21,0.81,0.463,1
1995-09-22,0.75,0.694,1
1995-09-23,0.76,0.463,1
1995-09-24,0.73,0.463,1
1995-09-25,0.74,0.463,1
1995-09-26,0.77,0.463,1
1995-09-27,0.77,0.463,1
1995-09-28,0.77,0.463,1
1995-09-29,0.76,0.463,1
1995-09-30,0.77,0.463,1
1995-10-01,0.64,1.505,1
1995-10-02,0.75,11.343,1
1995-10-03,0.67,15.278,1
1995-10-04,0.8,13.194,1
1995-10-05,0.78,15.162,1
1995-10-06,0.77,14.236,1
1995-10-07,0.82,14.931,1
1995-10-08,0.82,0.463,1
1995-10-09,0.81,26.505,1
1995-10-10,0.79,21.759,1
1995-10-11,0.75,11.458,1
1995-10-12,0.72,1.505,1
1995-10-13,0.78,12.037,1
1995-10-14,0.77,15.625,1
1995-10-15,0.71,1.042,1
1995-10-16,0.79,19.676,1
1995-10-17,0.81,17.477,1
1995-10-18,0.82,22.106,1
1995-10-19,0.8,13.657,1
1995-10-20,0.78,15.856,1
1995-10-21,0.8,11.806,1
1995-10-22,0.7,1.042,1
1995-10-23,0.79,18.981,1
1995-10-24,0.75,16.204,1
1995-10-25,0.75,17.477,1
1995-10-26,0.73,20.255,1
1995-10-27,0.71,18.634,1
1995-10-28,0.8,17.824,1
1995-10-29,0.81,2.199,1
1995-10-30,0.76,22.801,1
1995-10-31,0.8,24.884,1
1995-11-01,0.8,1.042,1
1995-11-02,0.8,28.125,1
1995-11-03,0.8,28.819,1
1995-11-04,0.77,19.329,1
1995-11-05,0.77,1.042,1
1995-11-06,0.74,29.282,1
1995-11-07,0.77,25.0,1
1995-11-08,0.8,33.681,1
1995-11-09,0.81,32.407,1
1995-11-10,0.81,33.218,1
1995-11-11,0.81,34.144,1
1995-11-12,0.78,3.819,1
1995-11-13,0.76,19.329,1
1995-11-14,0.78,37.963,1
1995-11-15,0.78,32.986,1
1995-11-16,0.78,20.602,1
1995-11-17,0.8,6.019,1
1995-11-18,0.79,1.042,1
1995-11-19,0.81,5.556,1
1995-11-20,0.77,21.296,1
1995-11-21,0.79,29.745,1
1995-11-22,0.72,30.208,1
1995-11-23,0.81,20.949,1
1995-11-24,0.79,22.569,1
1995-11-25,0.79,1.852,1
1995-11-26,0.81,1.042,1
1995-11-27,0.76,14.005,1
1995-11-28,0.79,8.681,1
1995-11-29,0.8,12.384,1
1995-11-30,0.78,15.856,1
1995-12-01,0.79,31.713,1
1995-12-02,0.8,34.259,1
1995-12-03,0.82,1.042,1
1995-12-04,0.78,31.713,1
1995-12-05,0.75,16.435,1
1995-12-06,0.75,1.042,1
1995-12-07,0.75,18.634,1
1995-12-08,0.81,1.042,1
1995-12-09,0.79,15.741,1
1995-12-10,0.82,1.042,1
1995-12-11,0.8,23.38,1
1995-12-12,0.79,30.787,1
1995-12-13,0.81,17.477,1
1995-12-14,0.8,19.676,1
1995-12-15,0.78,22.338,1
1995-12-16,0.75,30.44,1
1995-12-17,0.79,1.042,1
1995-12-18,0.79,32.407,1
1995-12-19,0.8,35.995,1
1995-12-20,0.77,33.218,1
1995-12-21,0.77,29.977,1
1995-12-22,0.78,31.944,1
1995-12-23,0.78,11.806,1
1995-12-24,0.77,35.995,1
1995-12-25,0.75,3.125,1
1995-12-26,0.75,36.69,1
1995-12-27,0.81,39.468,1
1995-12-28,0.82,51.62,1
1995-12-29,0.85,58.565,1
1995-12-30,0.85,75.463,1
1995-12-31,0.85,75.463,1
1996-01-01,0.84,77.546,1
1996-01-02,0.85,77.546,1
1996-01-03,0.86,77.546,1
1996-01-04,0.85,89.12,1
1996-01-05,0.86,97.454,1
1996-01-06,0.85,97.454,1
1996-01-07,0.86,97.454,1
1996-01-08,0.86,97.801,1
1996-01-09,0.85,101.042,1
1996-01-10,0.85,102.894,1
1996-01-11,0.85,102.894,1
1996-01-12,0.85,102.894,1
1996-01-13,0.85,102.894,1
1996-01-14,0.86,102.894,1
1996-01-15,0.86,102.894,1
1996-01-16,0.86,102.894,1
1996-01-17,0.86,102.894,1
1996-01-18,0.86,102.894,1
1996-01-19,0.85,93.75,1
1996-01-20,0.86,102.894,1
1996-01-21,0.86,102.894,1
1996-01-22,0.86,102.894,1
1996-01-23,0.86,102.894,1
1996-01-24,0.86,102.894,1
1996-01-25,0.85,102.894,1
1996-01-26,0.84,101.389,1
1996-01-27,0.85,85.995,1
1996-01-28,0.85,67.477,1
1996-01-29,0.85,80.556,1
1996-01-30,0.86,81.25,1
1996-01-31,0.86,62.5,1
1996-02-01,0.86,62.5,1
1996-02-02,0.86,62.5,1
1996-02-03,0.86,62.5,1
1996-02-04,0.86,62.5,1
1996-02-05,0.8,53.356,1
1996-02-06,0.86,56.25,1
1996-02-07,0.85,62.5,1
1996-02-08,0.86,62.5,1
1996-02-09,0.86,62.5,1
1996-02-10,0.85,61.343,1
1996-02-11,0.85,60.069,1
1996-02-12,0.85,49.19,1
1996-02-13,0.85,54.282,1
1996-02-14,0.86,57.176,1
1996-02-15,0.86,57.176,1
1996-02-16,0.86,57.176,1
1996-02-17,0.86,52.315,1
1996-02-18,0.81,28.356,1
1996-02-19,0.86,46.181,1
1996-02-20,0.85,54.63,1
1996-02-21,0.85,52.083,1
1996-02-22,0.86,55.208,1
1996-02-23,0.85,54.282,1
1996-02-24,0.86,53.125,1
1996-02-25,0.85,25.116,1
1996-02-26,0.86,44.329,1
1996-02-27,0.86,46.412,1
1996-02-28,0.86,47.454,1
1996-02-29,0.85,46.296,1
1996-03-01,0.85,47.917,1
1996-03-02,0.85,47.222,1
1996-03-03,0.85,28.704,1
1996-03-04,0.86,47.569,1
1996-03-05,0.86,47.685,1
1996-03-06,0.85,48.727,1
1996-03-07,0.85,46.412,1
1996-03-08,0.85,46.296,1
1996-03-09,0.83,36.343,1
1996-03-10,0.77,12.847,1
1996-03-11,0.84,35.185,1
1996-03-12,0.83,35.532,1
1996-03-13,0.84,41.551,1
1996-03-14,0.82,25.231,1
1996-03-15,0.75,24.421,1
1996-03-16,0.82,21.412,1
1996-03-17,0.81,12.037,1
1996-03-18,0.82,27.778,1
1996-03-19,0.69,28.704,1
1996-03-20,0.75,27.546,1
1996-03-21,0.8,29.514,1
1996-03-22,0.81,41.088,1
1996-03-23,0.83,26.389,1
1996-03-24,0.82,0.463,1
1996-03-25,0.81,31.597,1
1996-03-26,0.81,33.218,1
1996-03-27,0.79,5.208,1
1996-03-28,0.86,39.468,1
1996-03-29,0.83,44.097,1
1996-03-30,0.85,50.0,1
1996-03-31,0.85,51.62,1
1996-04-01,0.86,59.722,1
1996-04-02,0.85,64.12,1
1996-04-03,0.85,70.37,1
1996-04-04,0.86,65.162,1
1996-04-05,0.86,56.713,1
1996-04-06,0.86,51.852,1
1996-04-07,0.86,44.329,1
1996-04-08,0.86,47.801,1
1996-04-09,0.85,44.907,1
1996-04-10,0.85,57.292,1
1996-04-11,0.86,57.755,1
1996-04-12,0.85,57.755,1
1996-04-13,0.84,51.736,1
1996-04-14,0.86,32.755,1
1996-04-15,0.85,51.736,1
1996-04-16,0.86,52.778,1
1996-04-17,0.86,54.63,1
1996-04-18,0.83,51.62,1
1996-04-19,0.84,50.694,1
1996-04-20,0.82,38.889,1
1996-04-21,0.83,21.065,1
1996-04-22,0.82,38.657,1
1996-04-23,0.85,39.815,1
1996-04-24,0.85,43.866,1
1996-04-25,0.85,46.644,1
1996-04-26,0.86,48.727,1
1996-04-27,0.85,1.736,1
1996-04-28,0.83,12.731,1
1996-04-29,0.85,45.486,1
1996-04-30,0.84,51.157,1
1996-05-01,0.81,23.958,1
1996-05-02,0.85,47.106,1
1996-05-03,0.85,50.116,1
1996-05-04,0.85,52.199,1
1996-05-05,0.83,25.0,1
1996-05-06,0.82,42.94,1
1996-05-07,0.84,40.278,1
1996-05-08,0.85,37.037,1
1996-05-09,0.85,46.181,1
1996-05-10,0.86,44.444,1
1996-05-11,0.84,45.255,1
1996-05-12,0.85,24.306,1
1996-05-13,0.83,28.935,1
1996-05-14,0.84,45.718,1
1996-05-15,0.82,45.023,1
1996-05-16,0.85,44.213,1
1996-05-17,0.84,45.139,1
1996-05-18,0.83,45.37,1
1996-05-19,0.85,29.051,1
1996-05-20,0.79,45.139,1
1996-05-21,0.85,47.106,1
1996-05-22,0.81,32.87,1
1996-05-23,0.79,32.176,1
1996-05-24,0.83,37.616,1
1996-05-25,0.85,47.917,1
1996-05-26,0.84,26.852,1
1996-05-27,0.85,46.875,1
1996-05-28,0.85,43.866,1
1996-05-29,0.85,46.181,1
1996-05-30,0.84,46.065,1
1996-05-31,0.85,44.444,1
1996-06-01,0.84,42.245,1
1996-06-02,0.83,27.199,1
1996-06-03,0.85,40.625,1
1996-06-04,0.84,42.014,1
1996-06-05,0.85,42.361,1
1996-06-06,0.85,29.977,1
1996-06-07,0.85,41.088,1
1996-06-08,0.84,41.667,1
1996-06-09,0.86,23.148,1
1996-06-10,0.85,37.269,1
1996-06-11,0.85,39.12,1
1996-06-12,0.84,36.69,1
1996-06-13,0.84,36.111,1
1996-06-14,0.84,39.583,1
1996-06-15,0.84,40.278,1
1996-06-16,0.84,23.611,1
1996-06-17,0.84,37.847,1
1996-06-18,0.84,39.12,1
1996-06-19,0.85,39.236,1
1996-06-20,0.84,39.583,1
1996-06-21,0.84,40.509,1
1996-06-22,0.82,33.912,1
1996-06-23,0.85,6.944,1
1996-06-24,0.84,32.755,1
1996-06-25,0.84,34.375,1
1996-06-26,0.84,33.681,1
1996-06-27,0.84,15.856,1
1996-06-28,0.85,33.912,1
1996-06-29,0.85,33.333,1
1996-06-30,0.84,6.944,1
1996-07-01,0.85,31.829,1
1996-07-02,0.85,34.259,1
1996-07-03,0.84,34.491,1
1996-07-04,0.85,33.449,1
1996-07-05,0.84,32.639,1
1996-07-06,0.81,28.819,1
1996-07-07,0.81,7.523,1
1996-07-08,0.8,31.713,1
1996-07-09,0.8,30.787,1
1996-07-10,0.8,29.514,1
1996-07-11,0.8,29.745,1
1996-07-12,0.81,29.167,1
1996-07-13,0.79,27.431,1
1996-07-14,0.82,6.944,1
1996-07-15,0.78,26.62,1
1996-07-16,0.8,25.0,1
1996-07-17,0.78,11.227,1
1996-07-18,0.82,18.171,1
1996-07-19,0.78,27.083,1
1996-07-20,0.79,27.083,1
1996-07-21,0.81,6.944,1
1996-07-22,0.81,26.968,1
1996-07-23,0.8,27.199,1
1996-07-24,0.77,26.273,1
1996-07-25,0.81,27.083,1
1996-07-26,0.79,6.019,1
1996-07-27,0.83,6.019,1
1996-07-28,0.81,6.019,1
1996-07-29,0.79,6.019,1
1996-07-30,0.79,6.597,1
1996-07-31,0.79,6.944,1
1996-08-01,0.82,6.481,1
1996-08-02,0.82,6.481,1
1996-08-03,0.82,6.481,1
1996-08-04,0.82,6.481,1
1996-08-05,0.82,6.481,1
1996-08-06,0.81,6.481,1
1996-08-07,0.82,22.569,1
1996-08-08,0.81,27.083,1
1996-08-09,0.8,27.546,1
1996-08-10,0.81,28.009,1
1996-08-11,0.81,6.481,1
1996-08-12,0.82,15.162,1
1996-08-13,0.82,6.481,1
1996-08-14,0.82,6.481,1
1996-08-15,0.81,6.481,1
1996-08-16,0.81,6.481,1
1996-08-17,0.82,6.481,1
1996-08-18,0.82,6.481,1
1996-08-19,0.81,6.481,1
1996-08-20,0.82,6.481,1
1996-08-21,0.82,6.481,1
1996-08-22,0.82,6.481,1
1996-08-23,0.82,9.606,1
1996-08-24,0.81,6.481,1
1996-08-25,0.81,6.481,1
1996-08-26,0.82,4.977,1
1996-08-27,0.82,4.051,1
1996-08-28,0.82,4.051,1
1996-08-29,0.82,4.051,1
1996-08-30,0.82,4.051,1
1996-08-31,0.8,4.051,1
1996-09-01,0.79,4.977,1
1996-09-02,0.79,5.671,1
1996-09-03,0.79,6.019,1
1996-09-04,0.79,6.134,1
1996-09-05,0.77,6.134,1
1996-09-06,0.81,4.051,1
1996-09-07,0.82,4.051,1
1996-09-08,0.78,4.051,1
1996-09-09,0.82,4.051,1
1996-09-10,0.82,4.051,1
1996-09-11,0.81,4.514,1
1996-09-12,0.82,4.514,1
1996-09-13,0.82,4.514,1
1996-09-14,0.82,4.514,1
1996-09-15,0.78,3.472,1
1996-09-16,0.8,4.514,1
1996-09-17,0.83,2.315,1
1996-09-18,0.82,0.463,1
1996-09-19,0.82,0.463,1
1996-09-20,0.83,0.347,1
1996-09-21,0.84,0.347,1
1996-09-22,0.84,0.347,1
1996-09-23,0.84,0.347,1
1996-09-24,0.84,0.347,1
1996-09-25,0.83,0.347,1
1996-09-26,0.82,0.347,1
1996-09-27,0.82,0.347,1
1996-09-28,0.83,0.347,1
1996-09-29,0.67,1.852,1
1996-09-30,0.82,0.347,1
1996-10-01,0.83,0.347,1
1996-10-02,0.84,0.347,1
1996-10-03,0.84,0.347,1
1996-10-04,0.82,0.347,1
1996-10-05,0.81,0.347,1
1996-10-06,0.77,0.347,1
1996-10-07,0.74,0.347,1
1996-10-08,0.74,0.347,1
1996-10-09,0.8,13.426,1
1996-10-10,0.81,35.185,1
1996-10-11,0.83,7.523,1
1996-10-12,0.79,0.347,1
1996-10-13,0.77,0.347,1
1996-10-14,0.82,0.926,1
1996-10-15,0.83,0.347,1
1996-10-16,0.83,0.347,1
1996-10-17,0.83,0.347,1
1996-10-18,0.8,33.681,1
1996-10-19,0.82,35.069,1
1996-10-20,0.79,2.431,1
1996-10-21,0.8,36.69,1
1996-10-22,0.81,35.88,1
1996-10-23,0.82,35.301,1
1996-10-24,0.81,37.384,1
1996-10-25,0.81,35.532,1
1996-10-26,0.82,36.806,1
1996-10-27,0.78,0.347,1
1996-10-28,0.82,36.343,1
1996-10-29,0.8,37.384,1
1996-10-30,0.8,37.384,1
1996-10-31,0.81,37.037,1
1996-11-01,0.78,0.347,1
1996-11-02,0.82,32.06,1
1996-11-03,0.79,1.736,1
1996-11-04,0.81,35.764,1
1996-11-05,0.82,37.037,1
1996-11-06,0.81,37.731,1
1996-11-07,0.8,37.269,1
1996-11-08,0.79,37.037,1
1996-11-09,0.8,36.574,1
1996-11-10,0.2,6.944,1
1996-11-11,0.35,2.199,1
1996-11-12,0.72,0.347,1
1996-11-13,0.77,37.731,1
1996-11-14,0.81,36.69,1
1996-11-15,0.8,36.343,1
1996-11-16,0.8,35.417,1
1996-11-17,0.72,0.926,1
1996-11-18,0.71,10.995,1
1996-11-19,0.67,0.347,1
1996-11-20,0.79,0.347,1
1996-11-21,0.82,8.681,1
1996-11-22,0.72,23.264,1
1996-11-23,0.78,40.278,1
1996-11-24,0.8,27.315,1
1996-11-25,0.76,32.755,1
1996-11-26,0.78,18.866,1
1996-11-27,0.65,23.495,1
1996-11-28,0.85,12.731,1
1996-11-29,0.82,26.852,1
1996-11-30,0.79,33.796,1
1996-12-01,0.83,3.241,1
1996-12-02,0.72,37.5,1
1996-12-03,0.79,20.833,1
1996-12-04,0.79,23.148,1
1996-12-05,0.78,23.495,1
1996-12-06,0.82,0.116,1
1996-12-07,0.79,39.699,1
1996-12-08,0.83,2.199,1
1996-12-09,0.83,40.972,1
1996-12-10,0.84,44.792,1
1996-12-11,0.84,44.676,1
1996-12-12,0.85,45.602,1
1996-12-13,0.75,45.255,1
1996-12-14,0.85,42.824,1
1996-12-15,0.81,8.565,1
1996-12-16,0.85,41.435,1
1996-12-17,0.82,48.032,1
1996-12-18,0.84,47.917,1
1996-12-19,0.72,38.194,1
1996-12-20,0.73,24.19,1
1996-12-21,0.82,25.926,1
1996-12-22,0.82,16.898,1
1996-12-23,0.85,41.551,1
1996-12-24,0.77,40.046,1
1996-12-25,0.76,8.449,1
1996-12-26,0.82,40.278,1
1996-12-27,0.73,44.097,1
1996-12-28,0.84,40.972,1
1996-12-29,0.75,24.074,1
1996-12-30,0.84,43.056,1
1996-12-31,0.81,44.676,1
1997-01-01,0.84,5.787,1
1997-01-02,0.81,39.815,1
1997-01-03,0.76,45.602,1
1997-01-04,0.83,54.167,1
1997-01-05,0.77,15.394,1
1997-01-06,0.78,12.384,1
1997-01-07,0.84,42.014,1
1997-01-08,0.84,45.023,1
1997-01-09,0.85,56.134,1
1997-01-10,0.85,55.44,1
1997-01-11,0.79,33.102,1
1997-01-12,0.8,28.356,1
1997-01-13,0.77,29.398,1
1997-01-14,0.77,21.181,1
1997-01-15,0.84,41.667,1
1997-01-16,0.85,47.106,1
1997-01-17,0.85,45.949,1
1997-01-18,0.86,50.463,1
1997-01-19,0.84,49.769,1
1997-01-20,0.84,46.644,1
1997-01-21,0.83,56.481,1
1997-01-22,0.84,55.44,1
1997-01-23,0.85,55.671,1
1997-01-24,0.85,55.787,1
1997-01-25,0.85,55.208,1
1997-01-26,0.84,31.481,1
1997-01-27,0.85,39.931,1
1997-01-28,0.79,52.199,1
1997-01-29,0.84,36.574,1
1997-01-30,0.84,46.181,1
1997-01-31,0.84,44.676,1
1997-02-01,0.85,46.296,1
1997-02-02,0.73,7.986,1
1997-02-03,0.84,39.005,1
1997-02-04,0.85,45.718,1
1997-02-05,0.85,47.454,1
1997-02-06,0.78,43.403,1
1997-02-07,0.81,42.014,1
1997-02-08,0.77,37.963,1
1997-02-09,0.81,0.116,1
1997-02-10,0.7,42.477,1
1997-02-11,0.71,31.366,1
1997-02-12,0.72,32.407,1
1997-02-13,0.78,33.218,1
1997-02-14,0.78,32.407,1
1997-02-15,0.78,33.333,1
1997-02-16,0.78,2.778,1
1997-02-17,0.8,27.315,1
1997-02-18,0.68,32.523,1
1997-02-19,0.69,32.523,1
1997-02-20,0.8,9.259,1
1997-02-21,0.64,11.227,1
1997-02-22,0.78,9.606,1
1997-02-23,0.79,0.116,1
1997-02-24,0.74,37.269,1
1997-02-25,0.81,37.153,1
1997-02-26,0.81,38.194,1
1997-02-27,0.85,41.898,1
1997-02-28,0.84,41.667,1
1997-03-01,0.8,26.505,1
1997-03-02,0.83,0.463,1
1997-03-03,0.84,38.773,1
1997-03-04,0.81,30.671,1
1997-03-05,0.82,42.014,1
1997-03-06,0.85,36.69,1
1997-03-07,0.85,42.708,1
1997-03-08,0.85,42.014,1
1997-03-09,0.8,0.579,1
1997-03-10,0.84,40.394,1
1997-03-11,0.83,41.782,1
1997-03-12,0.83,41.204,1
1997-03-13,0.84,41.782,1
1997-03-14,0.83,42.708,1
1997-03-15,0.85,28.241,1
1997-03-16,0.79,2.083,1
1997-03-17,0.85,26.505,1
1997-03-18,0.84,29.398,1
1997-03-19,0.79,24.769,1
1997-03-20,0.79,29.977,1
1997-03-21,0.83,27.315,1
1997-03-22,0.81,38.657,1
1997-03-23,0.7,1.273,1
1997-03-24,0.79,37.5,1
1997-03-25,0.81,35.301,1
1997-03-26,0.78,30.903,1
1997-03-27,0.83,3.588,1
1997-03-28,0.78,2.546,1
1997-03-29,0.82,22.222,1
1997-03-30,0.6,2.894,1
1997-03-31,0.85,20.833,1
1997-04-01,0.74,22.454,1
1997-04-02,0.79,23.264,1
1997-04-03,0.8,19.676,1
1997-04-04,0.8,16.782,1
1997-04-05,0.79,16.551,1
1997-04-06,0.84,5.556,1
1997-04-07,0.8,19.329,1
1997-04-08,0.8,17.593,1
1997-04-09,0.8,10.764,1
1997-04-10,0.83,6.25,1
1997-04-11,0.8,6.597,1
1997-04-12,0.82,5.671,1
1997-04-13,0.81,5.556,1
1997-04-14,0.79,12.847,1
1997-04-15,0.71,6.481,1
1997-04-16,0.74,6.481,1
1997-04-17,0.71,6.481,1
1997-04-18,0.71,5.671,1
1997-04-19,0.7,4.745,1
1997-04-20,0.69,4.051,1
1997-04-21,0.81,4.051,1
1997-04-22,0.81,4.051,1
1997-04-23,0.78,6.481,1
1997-04-24,0.81,4.051,1
1997-04-25,0.77,4.051,1
1997-04-26,0.8,4.051,1
1997-04-27,0.8,4.051,1
1997-04-28,0.72,4.051,1
1997-04-29,0.76,4.051,1
1997-04-30,0.82,4.745,1
1997-05-01,0.62,5.556,1
1997-05-02,0.84,5.787,1
1997-05-03,0.81,6.019,1
1997-05-04,0.72,6.019,1
1997-05-05,0.81,4.282,1
1997-05-06,0.72,3.472,1
1997-05-07,0.77,2.546,1
1997-05-08,0.74,1.968,1
1997-05-09,0.6,1.968,1
1997-05-10,0.73,1.968,1
1997-05-11,0.66,1.968,1
1997-05-12,0.61,2.546,1
1997-05-13,0.61,3.472,1
1997-05-14,0.61,3.472,1
1997-05-15,0.72,4.167,1
1997-05-16,0.77,4.514,1
1997-05-17,0.6,4.514,1
1997-05-18,0.61,4.514,1
1997-05-19,0.64,3.935,1
1997-05-20,0.62,3.472,1
1997-05-21,0.63,3.472,1
1997-05-22,0.63,3.356,1
1997-05-23,0.72,2.431,1
1997-05-24,0.77,1.042,1
1997-05-25,0.79,1.042,1
1997-05-26,0.81,1.042,1
1997-05-27,0.81,1.042,1
1997-05-28,0.77,3.125,1
1997-05-29,0.77,4.051,1
1997-05-30,0.78,3.704,1
1997-05-31,0.72,5.093,1
1997-06-01,0.72,1.968,1
1997-06-02,0.82,2.431,1
1997-06-03,0.82,2.431,1
1997-06-04,0.82,5.093,1
1997-06-05,0.84,4.977,1
1997-06-06,0.79,5.44,1
1997-06-07,0.84,10.995,1
1997-06-08,0.83,11.806,1
1997-06-09,0.83,10.532,1
1997-06-10,0.84,17.477,1
1997-06-11,0.77,19.792,1
1997-06-12,0.81,15.972,1
1997-06-13,0.71,1.968,1
1997-06-14,0.78,9.722,1
1997-06-15,0.75,1.968,1
1997-06-16,0.76,25.347,1
1997-06-17,0.78,24.19,1
1997-06-18,0.83,24.074,1
1997-06-19,0.8,23.958,1
1997-06-20,0.78,26.042,1
1997-06-21,0.82,34.838,1
1997-06-22,0.61,6.481,1
1997-06-23,0.79,20.486,1
1997-06-24,0.78,23.843,1
1997-06-25,0.81,29.282,1
1997-06-26,0.79,26.968,1
1997-06-27,0.82,20.718,1
1997-06-28,0.79,40.972,1
1997-06-29,0.73,6.944,1
1997-06-30,0.77,34.954,1
1997-07-01,0.81,39.931,1
1997-07-02,0.79,7.292,1
1997-07-03,0.83,7.176,1
1997-07-04,0.83,35.88,1
1997-07-05,0.82,41.204,1
1997-07-06,0.81,6.944,1
1997-07-07,0.82,26.273,1
1997-07-08,0.81,44.213,1
1997-07-09,0.8,44.329,1
1997-07-10,0.84,45.718,1
1997-07-11,0.85,47.454,1
1997-07-12,0.85,48.032,1
1997-07-13,0.74,7.06,1
1997-07-14,0.85,45.833,1
1997-07-15,0.85,48.38,1
1997-07-16,0.84,43.287,1
1997-07-17,0.83,49.421,1
1997-07-18,0.84,50.926,1
1997-07-19,0.78,20.255,1
1997-07-20,0.71,6.944,1
1997-07-21,0.79,44.097,1
1997-07-22,0.85,43.75,1
1997-07-23,0.85,49.537,1
1997-07-24,0.84,50.926,1
1997-07-25,0.84,48.264,1
1997-07-26,0.85,49.769,1
1997-07-27,0.8,6.25,1
1997-07-28,0.84,46.528,1
1997-07-29,0.85,51.968,1
1997-07-30,0.84,49.421,1
1997-07-31,0.86,7.523,1
1997-08-01,0.86,6.944,1
1997-08-02,0.84,6.944,1
1997-08-03,0.7,6.944,1
1997-08-04,0.86,6.944,1
1997-08-05,0.84,7.292,1
1997-08-06,0.83,4.282,1
1997-08-07,0.84,6.944,1
1997-08-08,0.82,6.944,1
1997-08-09,0.82,6.944,1
1997-08-10,0.84,6.944,1
1997-08-11,0.85,6.944,1
1997-08-12,0.84,6.944,1
1997-08-13,0.86,6.944,1
1997-08-14,0.82,6.944,1
1997-08-15,0.77,6.944,1
1997-08-16,0.8,6.944,1
1997-08-17,0.79,6.944,1
1997-08-18,0.8,6.944,1
1997-08-19,0.78,6.944,1
1997-08-20,0.81,6.944,1
1997-08-21,0.81,6.944,1
1997-08-22,0.82,6.944,1
1997-08-23,0.81,6.944,1
1997-08-24,0.77,6.944,1
1997-08-25,0.79,7.639,1
1997-08-26,0.79,24.537,1
1997-08-27,0.81,23.148,1
1997-08-28,0.81,24.653,1
1997-08-29,0.81,26.273,1
1997-08-30,0.82,4.398,1
1997-08-31,0.8,3.472,1
1997-09-01,0.79,3.472,1
1997-09-02,0.77,3.472,1
1997-09-03,0.78,3.472,1
1997-09-04,0.78,3.472,1
1997-09-05,0.79,3.472,1
1997-09-06,0.78,3.472,1
1997-09-07,0.72,3.472,1
1997-09-08,0.79,4.514,1
1997-09-09,0.78,5.44,1
1997-09-10,0.82,6.019,1
1997-09-11,0.82,6.019,1
1997-09-12,0.76,6.019,1
1997-09-13,0.77,4.398,1
1997-09-14,0.77,3.009,1
1997-09-15,0.79,4.282,1
1997-09-16,0.79,4.977,1
1997-09-17,0.8,4.977,1
1997-09-18,0.82,4.282,1
1997-09-19,0.77,3.472,1
1997-09-20,0.8,3.472,1
1997-09-21,0.75,3.472,1
1997-09-22,0.8,3.472,1
1997-09-23,0.81,3.472,1
1997-09-24,0.83,2.662,1
1997-09-25,0.82,1.505,1
1997-09-26,0.8,2.199,1
1997-09-27,0.81,3.009,1
1997-09-28,0.78,3.009,1
1997-09-29,0.77,4.514,1
1997-09-30,0.75,6.366,1
1997-10-01,0.78,29.398,1
1997-10-02,0.81,30.208,1
1997-10-03,0.79,33.796,1
1997-10-04,0.8,30.324,1
1997-10-05,0.76,3.009,1
1997-10-06,0.81,38.426,1
1997-10-07,0.68,34.606,1
1997-10-08,0.81,38.31,1
1997-10-09,0.79,35.764,1
1997-10-10,0.74,39.005,1
1997-10-11,0.83,0.0,1
1997-10-12,0.78,0.579,1
1997-10-13,0.8,36.921,1
1997-10-14,0.81,32.06,1
1997-10-15,0.81,37.5,1
1997-10-16,0.79,37.963,1
1997-10-17,0.8,37.5,1
1997-10-18,0.81,32.407,1
1997-10-19,0.73,0.926,1
1997-10-20,0.81,38.657,1
1997-10-21,0.81,38.773,1
1997-10-22,0.75,38.426,1
1997-10-23,0.79,35.185,1
1997-10-24,0.79,37.269,1
1997-10-25,0.76,38.194,1
1997-10-26,0.78,0.0,1
1997-10-27,0.8,37.5,1
1997-10-28,0.75,42.13,1
1997-10-29,0.79,31.25,1
1997-10-30,0.81,37.153,1
1997-10-31,0.69,38.889,1
1997-11-01,0.76,15.625,1
1997-11-02,0.84,9.491,1
1997-11-03,0.81,17.708,1
1997-11-04,0.77,37.963,1
1997-11-05,0.81,38.889,1
1997-11-06,0.82,39.352,1
1997-11-07,0.81,37.731,1
1997-11-08,0.74,38.657,1
1997-11-09,0.81,18.75,1
1997-11-10,0.82,21.875,1
1997-11-11,0.77,19.907,1
1997-11-12,0.82,9.491,1
1997-11-13,0.83,9.722,1
1997-11-14,0.83,7.755,1
1997-11-15,0.82,5.324,1
1997-11-16,0.81,3.819,1
1997-11-17,0.81,11.921,1
1997-11-18,0.85,25.463,1
1997-11-19,0.84,27.315,1
1997-11-20,0.78,17.708,1
1997-11-21,0.78,37.269,1
1997-11-22,0.69,21.181,1
1997-11-23,0.84,0.926,1
1997-11-24,0.67,38.889,1
1997-11-25,0.81,27.778,1
1997-11-26,0.81,14.815,1
1997-11-27,0.81,18.287,1
1997-11-28,0.77,15.046,1
1997-11-29,0.81,11.343,1
1997-11-30,0.82,10.301,1
1997-12-01,0.79,10.417,1
1997-12-02,0.72,41.551,1
1997-12-03,0.85,51.273,1
1997-12-04,0.75,52.315,1
1997-12-05,0.66,38.773,1
1997-12-06,0.67,30.556,1
1997-12-07,0.79,36.227,1
1997-12-08,0.83,31.25,1
1997-12-09,0.8,34.606,1
1997-12-10,0.81,40.046,1
1997-12-11,0.81,29.977,1
1997-12-12,0.84,33.796,1
1997-12-13,0.78,29.745,1
1997-12-14,0.77,13.657,1
1997-12-15,0.79,29.282,1
1997-12-16,0.81,47.338,1
1997-12-17,0.78,48.495,1
1997-12-18,0.85,53.241,1
1997-12-19,0.86,55.671,1
1997-12-20,0.84,55.671,1
1997-12-21,0.76,45.833,1
1997-12-22,0.85,48.843,1
1997-12-23,0.85,56.713,1
1997-12-24,0.84,59.028,1
1997-12-25,0.82,57.176,1
1997-12-26,0.85,55.787,1
1997-12-27,0.85,56.829,1
1997-12-28,0.85,50.0,1
1997-12-29,0.85,56.134,1
1997-12-30,0.84,56.713,1
1997-12-31,0.85,55.556,1
1998-01-01,0.76,44.56,1
1998-01-02,0.82,51.736,1
1998-01-03,0.84,45.023,1
1998-01-04,0.85,51.852,1
1998-01-05,0.85,55.556,1
1998-01-06,0.85,56.134,1
1998-01-07,0.84,55.324,1
1998-01-08,0.8,54.977,1
1998-01-09,0.82,54.514,1
1998-01-10,0.76,46.759,1
1998-01-11,0.82,49.074,1
1998-01-12,0.83,52.662,1
1998-01-13,0.84,54.514,1
1998-01-14,0.85,55.787,1
1998-01-15,0.63,52.778,1
1998-01-16,0.75,52.083,1
1998-01-17,0.85,54.167,1
1998-01-18,0.85,53.935,1
1998-01-19,0.84,53.819,1
1998-01-20,0.84,53.704,1
1998-01-21,0.84,52.894,1
1998-01-22,0.83,53.125,1
1998-01-23,0.84,53.009,1
1998-01-24,0.82,53.009,1
1998-01-25,0.85,52.662,1
1998-01-26,0.84,52.546,1
1998-01-27,0.84,53.009,1
1998-01-28,0.85,53.125,1
1998-01-29,0.82,50.694,1
1998-01-30,0.82,48.264,1
1998-01-31,0.81,47.338,1
1998-02-01,0.84,49.884,1
1998-02-02,0.76,48.38,1
1998-02-03,0.72,35.417,1
1998-02-04,0.69,35.648,1
1998-02-05,0.68,32.87,1
1998-02-06,0.75,41.319,1
1998-02-07,0.84,29.745,1
1998-02-08,0.85,27.083,1
1998-02-09,0.75,38.079,1
1998-02-10,0.74,32.639,1
1998-02-11,0.84,30.903,1
1998-02-12,0.77,35.069,1
1998-02-13,0.63,31.713,1
1998-02-14,0.65,32.176,1
1998-02-15,0.84,21.296,1
1998-02-16,0.68,34.144,1
1998-02-17,0.71,29.051,1
1998-02-18,0.72,26.042,1
1998-02-19,0.81,25.463,1
1998-02-20,0.78,25.463,1
1998-02-21,0.71,22.801,1
1998-02-22,0.73,17.361,1
1998-02-23,0.78,28.125,1
1998-02-24,0.79,25.347,1
1998-02-25,0.72,27.083,1
1998-02-26,0.81,23.958,1
1998-02-27,0.8,26.968,1
1998-02-28,0.82,20.139,1
1998-03-01,0.76,17.477,1
1998-03-02,0.81,16.782,1
1998-03-03,0.75,21.065,1
1998-03-04,0.72,20.139,1
1998-03-05,0.8,18.75,1
1998-03-06,0.77,17.245,1
1998-03-07,0.74,16.782,1
1998-03-08,0.74,12.847,1
1998-03-09,0.71,17.477,1
1998-03-10,0.75,15.046,1
1998-03-11,0.77,12.384,1
1998-03-12,0.78,17.477,1
1998-03-13,0.75,18.287,1
1998-03-14,0.77,18.519,1
1998-03-15,0.84,12.153,1
1998-03-16,0.77,18.981,1
1998-03-17,0.77,12.153,1
1998-03-18,0.71,18.634,1
1998-03-19,0.75,14.468,1
1998-03-20,0.79,19.097,1
1998-03-21,0.82,24.306,1
1998-03-22,0.77,15.394,1
1998-03-23,0.76,20.718,1
1998-03-24,0.81,19.444,1
1998-03-25,0.79,19.444,1
1998-03-26,0.79,16.667,1
1998-03-27,0.78,16.088,1
1998-03-28,0.75,16.782,1
1998-03-29,0.83,11.458,1
1998-03-30,0.69,34.954,1
1998-03-31,0.82,30.556,1
1998-04-01,0.82,32.407,1
1998-04-02,0.77,34.028,1
1998-04-03,0.77,24.074,1
1998-04-04,0.71,24.306,1
1998-04-05,0.79,9.491,1
1998-04-06,0.77,18.866,1
1998-04-07,0.76,32.176,1
1998-04-08,0.79,20.949,1
1998-04-09,0.77,18.75,1
1998-04-10,0.84,21.528,1
1998-04-11,0.64,32.176,1
1998-04-12,0.79,16.898,1
1998-04-13,0.74,21.644,1
1998-04-14,0.75,26.505,1
1998-04-15,0.79,40.046,1
1998-04-16,0.82,45.486,1
1998-04-17,0.83,68.519,1
1998-04-18,0.81,76.736,1
1998-04-19,0.81,76.736,1
1998-04-20,0.82,76.852,1
1998-04-21,0.82,77.083,1
1998-04-22,0.83,77.662,1
1998-04-23,0.82,77.662,1
1998-04-24,0.82,77.662,1
1998-04-25,0.82,77.431,1
1998-04-26,0.82,77.083,1
1998-04-27,0.81,76.968,1
1998-04-28,0.82,74.769,1
1998-04-29,0.81,67.593,1
1998-04-30,0.82,67.708,1
1998-05-01,0.83,67.593,1
1998-05-02,0.82,67.593,1
1998-05-03,0.82,67.361,1
1998-05-04,0.84,67.245,1
1998-05-05,0.85,67.13,1
1998-05-06,0.84,62.616,1
1998-05-07,0.84,58.681,1
1998-05-08,0.82,58.681,1
1998-05-09,0.85,56.597,1
1998-05-10,0.86,54.977,1
1998-05-11,0.85,57.06,1
1998-05-12,0.84,57.87,1
1998-05-13,0.84,58.333,1
1998-05-14,0.84,58.333,1
1998-05-15,0.84,58.796,1
1998-05-16,0.84,59.028,1
1998-05-17,0.84,59.144,1
1998-05-18,0.84,58.912,1
1998-05-19,0.84,59.606,1
1998-05-20,0.85,59.259,1
1998-05-21,0.84,59.144,1
1998-05-22,0.85,58.449,1
1998-05-23,0.84,58.796,1
1998-05-24,0.84,58.333,1
1998-05-25,0.84,59.606,1
1998-05-26,0.85,59.722,1
1998-05-27,0.82,59.606,1
1998-05-28,0.81,59.838,1
1998-05-29,0.84,58.333,1
1998-05-30,0.82,57.292,1
1998-05-31,0.84,57.87,1
1998-06-01,0.83,56.019,1
1998-06-02,0.85,52.662,1
1998-06-03,0.84,56.481,1
1998-06-04,0.84,57.639,1
1998-06-05,0.84,59.491,1
1998-06-06,0.85,59.491,1
1998-06-07,0.83,54.745,1
1998-06-08,0.84,53.935,1
1998-06-09,0.78,55.671,1
1998-06-10,0.79,54.167,1
1998-06-11,0.85,59.028,1
1998-06-12,0.85,61.806,1
1998-06-13,0.83,59.491,1
1998-06-14,0.83,41.551,1
1998-06-15,0.75,55.787,1
1998-06-16,0.84,59.375,1
1998-06-17,0.82,51.62,1
1998-06-18,0.82,46.181,1
1998-06-19,0.87,46.065,1
1998-06-20,0.82,36.111,1
1998-06-21,0.74,29.051,1
1998-06-22,0.79,45.602,1
1998-06-23,0.85,43.171,1
1998-06-24,0.85,47.454,1
1998-06-25,0.84,38.194,1
1998-06-26,0.86,34.028,1
1998-06-27,0.72,40.972,1
1998-06-28,0.83,37.153,1
1998-06-29,0.78,34.491,1
1998-06-30,0.77,6.944,1
1998-07-01,0.71,6.944,1
1998-07-02,0.74,6.944,1
1998-07-03,0.83,6.944,1
1998-07-04,0.81,6.944,1
1998-07-05,0.75,4.167,1
1998-07-06,0.75,6.944,1
1998-07-07,0.75,6.944,1
1998-07-08,0.78,6.944,1
1998-07-09,0.67,6.944,1
1998-07-10,0.69,6.944,1
1998-07-11,0.71,6.944,1
1998-07-12,0.75,6.944,1
1998-07-13,0.74,6.944,1
1998-07-14,0.7,6.944,1
1998-07-15,0.71,6.944,1
1998-07-16,0.73,6.944,1
1998-07-17,0.77,6.944,1
1998-07-18,0.74,6.944,1
1998-07-19,0.74,6.944,1
1998-07-20,0.71,6.944,1
1998-07-21,0.77,25.231,1
1998-07-22,0.74,41.435,1
1998-07-23,0.77,38.657,1
1998-07-24,0.76,9.259,1
1998-07-25,0.76,6.944,1
1998-07-26,0.75,6.944,1
1998-07-27,0.77,6.944,1
1998-07-28,0.81,6.944,1
1998-07-29,0.81,6.944,1
1998-07-30,0.8,6.944,1
1998-07-31,0.77,6.944,1
1998-08-01,0.75,6.944,1
1998-08-02,0.72,6.944,1
1998-08-03,0.75,6.944,1
1998-08-04,0.74,6.944,1
1998-08-05,0.76,6.944,1
1998-08-06,0.79,6.944,1
1998-08-07,0.78,6.944,1
1998-08-08,0.75,6.944,1
1998-08-09,0.72,6.944,1
1998-08-10,0.77,6.944,1
1998-08-11,0.76,6.019,1
1998-08-12,0.72,6.944,1
1998-08-13,0.72,6.944,1
1998-08-14,0.76,6.944,1
1998-08-15,0.75,6.944,1
1998-08-16,0.75,6.944,1
1998-08-17,0.77,6.944,1
1998-08-18,0.78,6.944,1
1998-08-19,0.77,6.944,1
1998-08-20,0.78,6.944,1
1998-08-21,0.79,6.944,1
1998-08-22,0.75,6.944,1
1998-08-23,0.75,6.944,1
1998-08-24,0.76,6.944,1
1998-08-25,0.77,6.944,1
1998-08-26,0.76,6.944,1
1998-08-27,0.76,7.292,1
1998-08-28,0.79,11.458,1
1998-08-29,0.78,12.037,1
1998-08-30,0.79,12.384,1
1998-08-31,0.82,7.06,1
1998-09-01,0.8,6.944,1
1998-09-02,0.79,6.944,1
1998-09-03,0.82,6.944,1
1998-09-04,0.76,6.713,1
1998-09-05,0.77,6.019,1
1998-09-06,0.75,6.019,1
1998-09-07,0.75,5.44,1
1998-09-08,0.78,4.977,1
1998-09-09,0.79,4.977,1
1998-09-10,0.74,4.977,1
1998-09-11,0.78,3.704,1
1998-09-12,0.73,3.009,1
1998-09-13,0.76,3.009,1
1998-09-14,0.75,5.093,1
1998-09-15,0.74,4.514,1
1998-09-16,0.83,4.167,1
1998-09-17,0.76,5.556,1
1998-09-18,0.77,3.009,1
1998-09-19,0.77,3.704,1
1998-09-20,0.78,4.051,1
1998-09-21,0.78,4.051,1
1998-09-22,0.78,4.051,1
1998-09-23,0.76,4.051,1
1998-09-24,0.77,4.051,1
1998-09-25,0.72,2.778,1
1998-09-26,0.75,1.968,1
1998-09-27,0.74,6.944,1
1998-09-28,0.77,7.639,1
1998-09-29,0.69,11.921,1
1998-09-30,0.76,42.361,1
1998-10-01,0.72,29.167,1
1998-10-02,0.75,19.56,1
1998-10-03,0.68,27.546,1
1998-10-04,0.75,30.556,1
1998-10-05,0.73,45.602,1
1998-10-06,0.79,37.269,1
1998-10-07,0.77,37.5,1
1998-10-08,0.79,47.106,1
1998-10-09,0.85,52.894,1
1998-10-10,0.85,53.009,1
1998-10-11,0.84,40.625,1
1998-10-12,0.83,44.792,1
1998-10-13,0.82,50.463,1
1998-10-14,0.83,51.736,1
1998-10-15,0.78,46.759,1
1998-10-16,0.85,50.579,1
1998-10-17,0.84,51.736,1
1998-10-18,0.84,52.546,1
1998-10-19,0.85,52.778,1
1998-10-20,0.85,53.125,1
1998-10-21,0.69,46.412,1
1998-10-22,0.74,48.843,1
1998-10-23,0.84,49.306,1
1998-10-24,0.83,50.81,1
1998-10-25,0.66,45.949,1
1998-10-26,0.65,44.329,1
1998-10-27,0.81,49.769,1
1998-10-28,0.86,51.968,1
1998-10-29,0.81,52.431,1
1998-10-30,0.78,52.662,1
1998-10-31,0.84,42.708,1
1998-11-01,0.69,15.509,1
1998-11-02,0.83,41.782,1
1998-11-03,0.82,41.667,1
1998-11-04,0.79,40.278,1
1998-11-05,0.7,40.162,1
1998-11-06,0.81,42.014,1
1998-11-07,0.79,27.894,1
1998-11-08,0.77,17.94,1
1998-11-09,0.74,30.787,1
1998-11-10,0.58,28.009,1
1998-11-11,0.6,26.968,1
1998-11-12,0.68,11.343,1
1998-11-13,0.65,31.597,1
1998-11-14,0.74,28.125,1
1998-11-15,0.76,15.972,1
1998-11-16,0.72,31.829,1
1998-11-17,0.73,29.514,1
1998-11-18,0.7,30.44,1
1998-11-19,0.73,34.954,1
1998-11-20,0.63,30.903,1
1998-11-21,0.71,27.778,1
1998-11-22,0.69,7.986,1
1998-11-23,0.71,33.333,1
1998-11-24,0.75,37.5,1
1998-11-25,0.68,30.44,1
1998-11-26,0.68,32.292,1
1998-11-27,0.57,30.671,1
1998-11-28,0.75,21.412,1
1998-11-29,0.68,0.81,1
1998-11-30,0.72,6.944,1
1998-12-01,0.78,16.898,1
1998-12-02,0.71,7.523,1
1998-12-03,0.62,9.491,1
1998-12-04,0.64,6.481,1
1998-12-05,0.79,5.44,1
1998-12-06,0.65,4.514,1
1998-12-07,0.69,0.579,1
1998-12-08,0.68,0.0,1
1998-12-09,0.67,0.0,1
1998-12-10,0.68,0.0,1
1998-12-11,0.77,1.273,1
1998-12-12,0.67,5.208,1
1998-12-13,0.74,0.0,1
1998-12-14,0.77,0.0,1
1998-12-15,0.78,0.0,1
1998-12-16,0.79,0.0,1
1998-12-17,0.82,0.0,1
1998-12-18,0.76,1.852,1
1998-12-19,0.79,0.0,1
1998-12-20,0.82,0.0,1
1998-12-21,0.7,6.019,1
1998-12-22,0.73,0.0,1
1998-12-23,0.73,0.0,1
1998-12-24,0.73,0.0,1
1998-12-25,0.74,0.0,1
1998-12-26,0.72,3.935,1
1998-12-27,0.71,0.0,1
1998-12-28,0.57,7.06,1
1998-12-29,0.8,1.157,1
1998-12-30,0.81,2.778,1
1998-12-31,0.8,6.134,1
1999-01-01,0.79,0.0,1
1999-01-02,0.72,4.514,1
1999-01-03,0.79,0.0,1
1999-01-04,0.64,8.912,1
1999-01-05,0.64,5.208,1
1999-01-06,0.73,0.0,1
1999-01-07,0.73,7.292,1
1999-01-08,0.83,4.861,1
1999-01-09,0.74,5.44,1
1999-01-10,0.79,0.926,1
1999-01-11,0.78,6.829,1
1999-01-12,0.77,0.0,1
1999-01-13,0.79,0.0,1
1999-01-14,0.74,2.315,1
1999-01-15,0.8,0.0,1
1999-01-16,0.84,0.0,1
1999-01-17,0.83,0.0,1
1999-01-18,0.7,3.009,1
1999-01-19,0.73,1.505,1
1999-01-20,0.79,0.926,1
1999-01-21,0.73,7.986,1
1999-01-22,0.72,6.944,1
1999-01-23,0.74,8.912,1
1999-01-24,0.75,0.0,1
1999-01-25,0.76,9.144,1
1999-01-26,0.77,7.407,1
1999-01-27,0.75,6.019,1
1999-01-28,0.67,4.861,1
1999-01-29,0.78,3.356,1
1999-01-30,0.75,4.167,1
1999-01-31,0.65,2.315,1
1999-02-01,0.77,2.083,1
1999-02-02,0.67,4.282,1
1999-02-03,0.66,5.903,1
1999-02-04,0.71,3.819,1
1999-02-05,0.7,3.935,1
1999-02-06,0.74,5.324,1
1999-02-07,0.77,0.116,1
1999-02-08,0.76,2.662,1
1999-02-09,0.81,0.116,1
1999-02-10,0.73,3.472,1
1999-02-11,0.75,3.472,1
1999-02-12,0.79,0.116,1
1999-02-13,0.75,1.273,1
1999-02-14,0.8,0.116,1
1999-02-15,0.71,1.968,1
1999-02-16,0.77,0.116,1
1999-02-17,0.82,0.116,1
1999-02-18,0.74,1.968,1
1999-02-19,0.79,0.116,1
1999-02-20,0.81,0.116,1
1999-02-21,0.76,1.505,1
1999-02-22,0.72,0.926,1
1999-02-23,0.72,1.157,1
1999-02-24,0.77,0.116,1
1999-02-25,0.81,0.116,1
1999-02-26,0.74,3.356,1
1999-02-27,0.78,0.116,1
1999-02-28,0.77,3.009,1
1999-03-01,0.69,2.315,1
1999-03-02,0.75,0.116,1
1999-03-03,0.75,1.736,1
1999-03-04,0.7,5.093,1
1999-03-05,0.8,1.505,1
1999-03-06,0.8,0.116,1
1999-03-07,0.8,0.116,1
1999-03-08,0.79,0.116,1
1999-03-09,0.79,2.199,1
1999-03-10,0.81,0.116,1
1999-03-11,0.77,12.731,1
1999-03-12,0.74,11.921,1
1999-03-13,0.81,6.019,1
1999-03-14,0.73,8.102,1
1999-03-15,0.71,1.968,1
1999-03-16,0.69,0.116,1
1999-03-17,0.7,0.116,1
1999-03-18,0.78,0.116,1
1999-03-19,0.69,3.588,1
1999-03-20,0.67,0.116,1
1999-03-21,0.75,0.116,1
1999-03-22,0.75,0.116,1
1999-03-23,0.75,0.116,1
1999-03-24,0.75,0.116,1
1999-03-25,0.78,9.144,1
1999-03-26,0.75,9.722,1
1999-03-27,0.75,0.116,1
1999-03-28,0.75,0.116,1
1999-03-29,0.75,0.116,1
1999-03-30,0.83,0.116,1
1999-03-31,0.74,2.083,1
1999-04-01,0.76,0.116,1
1999-04-02,0.76,0.116,1
1999-04-03,0.75,0.116,1
1999-04-04,0.75,0.116,1
1999-04-05,0.75,0.116,1
1999-04-06,0.77,0.116,1
1999-04-07,0.77,0.116,1
1999-04-08,0.76,0.116,1
1999-04-09,0.77,0.116,1
1999-04-10,0.75,0.116,1
1999-04-11,0.74,0.116,1
1999-04-12,0.73,0.116,1
1999-04-13,0.72,0.116,1
1999-04-14,0.77,26.505,1
1999-04-15,0.81,25.926,1
1999-04-16,0.82,27.662,1
1999-04-17,0.79,1.273,1
1999-04-18,0.72,10.417,1
1999-04-19,0.7,27.431,1
1999-04-20,0.69,30.208,1
1999-04-21,0.69,23.495,1
1999-04-22,0.7,28.935,1
1999-04-23,0.7,18.171,1
1999-04-24,0.76,21.412,1
1999-04-25,0.66,14.005,1
1999-04-26,0.71,27.778,1
1999-04-27,0.77,28.009,1
1999-04-28,0.74,33.796,1
1999-04-29,0.64,26.852,1
1999-04-30,0.73,13.426,1
1999-05-01,0.82,2.199,1
1999-05-02,0.83,3.125,1
1999-05-03,0.79,3.935,1
1999-05-04,0.77,12.384,1
1999-05-05,0.74,20.949,1
1999-05-06,0.8,15.856,1
1999-05-07,0.8,28.704,1
1999-05-08,0.79,31.366,1
1999-05-09,0.8,24.769,1
1999-05-10,0.71,26.157,1
1999-05-11,0.7,28.472,1
1999-05-12,0.8,36.574,1
1999-05-13,0.76,35.532,1
1999-05-14,0.74,34.259,1
1999-05-15,0.78,33.218,1
1999-05-16,0.75,22.338,1
1999-05-17,0.76,21.991,1
1999-05-18,0.73,20.37,1
1999-05-19,0.77,22.801,1
1999-05-20,0.72,21.528,1
1999-05-21,0.73,25.463,1
1999-05-22,0.79,19.444,1
1999-05-23,0.81,16.782,1
1999-05-24,0.71,33.796,1
1999-05-25,0.81,30.671,1
1999-05-26,0.81,43.981,1
1999-05-27,0.82,27.315,1
1999-05-28,0.82,28.356,1
1999-05-29,0.83,38.079,1
1999-05-30,0.81,22.917,1
1999-05-31,0.78,21.644,1
1999-06-01,0.8,30.208,1
1999-06-02,0.78,24.653,1
1999-06-03,0.72,20.833,1
1999-06-04,0.71,24.19,1
1999-06-05,0.78,8.796,1
1999-06-06,0.81,6.134,1
1999-06-07,0.76,15.741,1
1999-06-08,0.8,20.718,1
1999-06-09,0.72,21.759,1
1999-06-10,0.79,18.287,1
1999-06-11,0.8,27.199,1
1999-06-12,0.78,21.875,1
1999-06-13,0.81,8.218,1
1999-06-14,0.82,28.009,1
1999-06-15,0.76,26.852,1
1999-06-16,0.76,23.727,1
1999-06-17,0.79,27.778,1
1999-06-18,0.75,29.745,1
1999-06-19,0.85,21.181,1
1999-06-20,0.86,8.333,1
1999-06-21,0.74,27.546,1
1999-06-22,0.74,23.727,1
1999-06-23,0.78,24.769,1
1999-06-24,0.8,20.255,1
1999-06-25,0.76,25.116,1
1999-06-26,0.75,27.431,1
1999-06-27,0.85,9.606,1
1999-06-28,0.85,25.926,1
1999-06-29,0.84,26.505,1
1999-06-30,0.82,21.181,1
1999-07-01,0.67,25.231,1
1999-07-02,0.79,24.884,1
1999-07-03,0.83,25.231,1
1999-07-04,0.8,8.681,1
1999-07-05,0.79,29.051,1
1999-07-06,0.8,31.134,1
1999-07-07,0.79,28.935,1
1999-07-08,0.79,29.051,1
1999-07-09,0.8,27.546,1
1999-07-10,0.84,25.0,1
1999-07-11,0.85,7.755,1
1999-07-12,0.81,27.315,1
1999-07-13,0.78,25.579,1
1999-07-14,0.76,27.199,1
1999-07-15,0.78,26.852,1
1999-07-16,0.79,31.829,1
1999-07-17,0.83,27.894,1
1999-07-18,0.81,8.796,1
1999-07-19,0.79,30.324,1
1999-07-20,0.8,26.852,1
1999-07-21,0.8,28.588,1
1999-07-22,0.78,28.935,1
1999-07-23,0.76,35.417,1
1999-07-24,0.85,33.796,1
1999-07-25,0.85,7.523,1
1999-07-26,0.74,36.574,1
1999-07-27,0.76,35.417,1
1999-07-28,0.8,26.62,1
1999-07-29,0.79,21.412,1
1999-07-30,0.8,38.542,1
1999-07-31,0.82,31.597,1
1999-08-01,0.82,7.87,1
1999-08-02,0.8,33.333,1
1999-08-03,0.8,38.889,1
1999-08-04,0.78,36.921,1
1999-08-05,0.8,37.037,1
1999-08-06,0.77,38.079,1
1999-08-07,0.81,29.63,1
1999-08-08,0.81,5.903,1
1999-08-09,0.85,35.532,1
1999-08-10,0.84,36.921,1
1999-08-11,0.82,37.037,1
1999-08-12,0.79,37.269,1
1999-08-13,0.78,33.796,1
1999-08-14,0.76,24.769,1
1999-08-15,0.82,8.681,1
1999-08-16,0.81,37.037,1
1999-08-17,0.83,40.972,1
1999-08-18,0.84,40.625,1
1999-08-19,0.84,41.667,1
1999-08-20,0.85,39.583,1
1999-08-21,0.83,34.838,1
1999-08-22,0.84,8.102,1
1999-08-23,0.84,34.375,1
1999-08-24,0.82,41.088,1
1999-08-25,0.83,39.931,1
1999-08-26,0.85,41.319,1
1999-08-27,0.85,42.593,1
1999-08-28,0.84,40.856,1
1999-08-29,0.85,36.574,1
1999-08-30,0.81,7.407,1
1999-08-31,0.81,6.944,1
1999-09-01,0.81,6.481,1
1999-09-02,0.75,6.019,1
1999-09-03,0.79,6.019,1
1999-09-04,0.75,6.019,1
1999-09-05,0.79,6.019,1
1999-09-06,0.79,6.019,1
1999-09-07,0.81,5.556,1
1999-09-08,0.8,4.977,1
1999-09-09,0.81,4.977,1
1999-09-10,0.8,4.977,1
1999-09-11,0.8,4.977,1
1999-09-12,0.82,4.977,1
1999-09-13,0.83,4.977,1
1999-09-14,0.74,4.977,1
1999-09-15,0.74,4.977,1
1999-09-16,0.8,4.977,1
1999-09-17,0.82,4.282,1
1999-09-18,0.79,2.894,1
1999-09-19,0.78,0.0,1
1999-09-20,0.77,0.116,1
1999-09-21,0.77,0.116,1
1999-09-22,0.79,0.116,1
1999-09-23,0.79,0.116,1
1999-09-24,0.81,0.116,1
1999-09-25,0.8,0.116,1
1999-09-26,0.81,0.116,1
1999-09-27,0.77,0.347,1
1999-09-28,0.73,0.463,1
1999-09-29,0.68,0.463,1
1999-09-30,0.82,32.06,1
1999-10-01,0.78,32.986,1
1999-10-02,0.82,31.25,1
1999-10-03,0.77,11.343,1
1999-10-04,0.81,37.963,1
1999-10-05,0.81,36.458,1
1999-10-06,0.81,37.384,1
1999-10-07,0.81,37.153,1
1999-10-08,0.79,35.88,1
1999-10-09,0.74,28.356,1
1999-10-10,0.73,3.819,1
1999-10-11,0.73,27.894,1
1999-10-12,0.77,0.231,1
1999-10-13,0.76,33.796,1
1999-10-14,0.76,31.713,1
1999-10-15,0.74,24.884,1
1999-10-16,0.75,32.292,1
1999-10-17,0.73,0.463,1
1999-10-18,0.69,29.745,1
1999-10-19,0.78,34.838,1
1999-10-20,0.75,28.241,1
1999-10-21,0.75,13.079,1
1999-10-22,0.71,27.778,1
1999-10-23,0.75,32.87,1
1999-10-24,0.76,44.792,1
1999-10-25,0.75,34.838,1
1999-10-26,0.7,20.255,1
1999-10-27,0.79,12.731,1
1999-10-28,0.74,18.171,1
1999-10-29,0.74,38.194,1
1999-10-30,0.72,39.005,1
1999-10-31,0.83,41.551,1
1999-11-01,0.81,45.139,1
1999-11-02,0.76,44.676,1
1999-11-03,0.83,44.329,1
1999-11-04,0.77,48.148,1
1999-11-05,0.84,52.083,1
1999-11-06,0.82,38.31,1
1999-11-07,0.85,53.935,1
1999-11-08,0.82,53.588,1
1999-11-09,0.85,52.546,1
1999-11-10,0.85,53.125,1
1999-11-11,0.86,52.431,1
1999-11-12,0.85,52.662,1
1999-11-13,0.85,52.778,1
1999-11-14,0.84,52.662,1
1999-11-15,0.84,52.199,1
1999-11-16,0.85,52.431,1
1999-11-17,0.85,52.315,1
1999-11-18,0.84,52.431,1
1999-11-19,0.85,51.736,1
1999-11-20,0.85,53.241,1
1999-11-21,0.85,51.042,1
1999-11-22,0.85,51.157,1
1999-11-23,0.82,51.273,1
1999-11-24,0.82,51.968,1
1999-11-25,0.84,52.083,1
1999-11-26,0.84,51.968,1
1999-11-27,0.85,51.736,1
1999-11-28,0.85,51.505,1
1999-11-29,0.85,51.273,1
1999-11-30,0.85,51.273,1
1999-12-01,0.85,50.463,1
1999-12-02,0.85,51.389,1
1999-12-03,0.84,39.236,1
1999-12-04,0.84,56.25,1
1999-12-05,0.82,51.736,1
1999-12-06,0.67,50.463,1
1999-12-07,0.85,51.852,1
1999-12-08,0.85,56.25,1
1999-12-09,0.85,56.481,1
1999-12-10,0.85,55.903,1
1999-12-11,0.85,55.324,1
1999-12-12,0.84,53.009,1
1999-12-13,0.85,53.125,1
1999-12-14,0.62,45.833,1
1999-12-15,0.63,44.097,1
1999-12-16,0.62,41.319,1
1999-12-17,0.82,36.69,1
1999-12-18,0.82,53.356,1
1999-12-19,0.84,52.778,1
1999-12-20,0.8,52.778,1
1999-12-21,0.83,53.009,1
1999-12-22,0.79,39.236,1
1999-12-23,0.82,53.241,1
1999-12-24,0.81,47.685,1
1999-12-25,0.7,46.181,1
1999-12-26,0.75,30.44,1
1999-12-27,0.71,46.875,1
1999-12-28,0.84,50.231,1
1999-12-29,0.81,54.167,1
1999-12-30,0.79,54.398,1
1999-12-31,0.79,54.514,1
2000-01-01,0.75,51.505,1
2000-01-02,0.83,52.431,1
2000-01-03,0.84,54.167,1
2000-01-04,0.81,54.167,1
2000-01-05,0.82,54.282,1
2000-01-06,0.83,48.264,1
2000-01-07,0.84,54.282,1
2000-01-08,0.85,54.745,1
2000-01-09,0.84,54.63,1
2000-01-10,0.83,55.44,1
2000-01-11,0.81,56.019,1
2000-01-12,0.82,55.903,1
2000-01-13,0.84,54.977,1
2000-01-14,0.83,55.556,1
2000-01-15,0.8,54.514,1
2000-01-16,0.79,51.157,1
2000-01-17,0.82,53.125,1
2000-01-18,0.81,53.472,1
2000-01-19,0.76,54.051,1
2000-01-20,0.8,48.264,1
2000-01-21,0.83,40.394,1
2000-01-22,0.83,39.468,1
2000-01-23,0.84,41.551,1
2000-01-24,0.83,43.634,1
2000-01-25,0.82,46.296,1
2000-01-26,0.74,37.731,1
2000-01-27,0.81,37.847,1
2000-01-28,0.81,30.903,1
2000-01-29,0.76,23.611,1
2000-01-30,0.8,10.648,1
2000-01-31,0.83,42.94,1
2000-02-01,0.81,41.319,1
2000-02-02,0.82,38.542,1
2000-02-03,0.75,32.176,1
2000-02-04,0.72,19.676,1
2000-02-05,0.75,10.069,1
2000-02-06,0.79,2.431,1
2000-02-07,0.8,12.384,1
2000-02-08,0.83,8.912,1
2000-02-09,0.6,2.662,1
2000-02-10,0.63,0.116,1
2000-02-11,0.71,0.116,1
2000-02-12,0.7,0.116,1
2000-02-13,0.69,0.116,1
2000-02-14,0.68,0.116,1
2000-02-15,0.67,0.116,1
2000-02-16,0.66,0.116,1
2000-02-17,0.65,0.116,1
2000-02-18,0.64,0.116,1
2000-02-19,0.63,0.116,1
2000-02-20,0.62,0.116,1
2000-02-21,0.61,0.116,1
2000-02-22,0.61,0.116,1
2000-02-23,0.66,0.116,1
2000-02-24,0.74,0.116,1
2000-02-25,0.81,0.116,1
2000-02-26,0.84,0.116,1
2000-02-27,0.83,0.116,1
2000-02-28,0.83,0.116,1
2000-02-29,0.84,0.116,1
2000-03-01,0.83,0.116,1
2000-03-02,0.82,0.116,1
2000-03-03,0.81,0.116,1
2000-03-04,0.8,0.116,1
2000-03-05,0.79,0.116,1
2000-03-06,0.78,0.116,1
2000-03-07,0.77,0.116,1
2000-03-08,0.76,0.116,1
2000-03-09,0.75,0.116,1
2000-03-10,0.74,0.116,1
2000-03-11,0.78,0.116,1
2000-03-12,0.77,0.116,1
2000-03-13,0.68,1.042,1
2000-03-14,0.82,1.505,1
2000-03-15,0.8,1.505,1
2000-03-16,0.77,1.505,1
2000-03-17,0.78,1.736,1
2000-03-18,0.74,1.968,1
2000-03-19,0.72,1.968,1
2000-03-20,0.77,1.968,1
2000-03-21,0.75,1.968,1
2000-03-22,0.79,0.926,1
2000-03-23,0.79,0.0,1
2000-03-24,0.79,0.0,1
2000-03-25,0.78,0.116,1
2000-03-26,0.77,0.116,1
2000-03-27,0.78,0.116,1
2000-03-28,0.79,0.116,1
2000-03-29,0.79,1.042,1
2000-03-30,0.81,1.968,1
2000-03-31,0.82,1.968,1
2000-04-01,0.82,1.968,1
2000-04-02,0.72,1.968,1
2000-04-03,0.79,1.042,1
2000-04-04,0.78,0.116,1
2000-04-05,0.77,0.116,1
2000-04-06,0.79,0.231,1
2000-04-07,0.8,0.231,1
2000-04-08,0.74,0.579,1
2000-04-09,0.73,0.579,1
2000-04-10,0.75,0.579,1
2000-04-11,0.81,0.463,1
2000-04-12,0.77,0.463,1
2000-04-13,0.81,1.042,1
2000-04-14,0.68,15.046,1
2000-04-15,0.79,12.847,1
2000-04-16,0.79,9.838,1
2000-04-17,0.78,8.565,1
2000-04-18,0.74,16.782,1
2000-04-19,0.82,37.847,1
2000-04-20,0.77,42.13,1
2000-04-21,0.78,35.185,1
2000-04-22,0.75,30.671,1
2000-04-23,0.72,29.745,1
2000-04-24,0.71,17.477,1
2000-04-25,0.77,25.81,1
2000-04-26,0.74,19.792,1
2000-04-27,0.74,18.171,1
2000-04-28,0.72,33.565,1
2000-04-29,0.73,39.12,1
2000-04-30,0.77,48.843,1
2000-05-01,0.78,51.157,1
2000-05-02,0.83,52.662,1
2000-05-03,0.76,54.745,1
2000-05-04,0.75,53.819,1
2000-05-05,0.68,50.463,1
2000-05-06,0.83,47.454,1
2000-05-07,0.71,53.009,1
2000-05-08,0.83,53.588,1
2000-05-09,0.81,56.944,1
2000-05-10,0.83,55.324,1
2000-05-11,0.84,55.093,1
2000-05-12,0.84,55.671,1
2000-05-13,0.79,56.597,1
2000-05-14,0.82,56.019,1
2000-05-15,0.77,55.44,1
2000-05-16,0.79,57.176,1
2000-05-17,0.71,52.431,1
2000-05-18,0.72,50.694,1
2000-05-19,0.71,47.569,1
2000-05-20,0.81,44.56,1
2000-05-21,0.82,27.083,1
2000-05-22,0.71,34.954,1
2000-05-23,0.71,41.782,1
2000-05-24,0.83,32.06,1
2000-05-25,0.64,44.329,1
2000-05-26,0.79,42.94,1
2000-05-27,0.81,42.361,1
2000-05-28,0.78,35.069,1
2000-05-29,0.82,40.509,1
2000-05-30,0.82,41.667,1
2000-05-31,0.84,41.435,1
2000-06-01,0.69,48.032,1
2000-06-02,0.75,48.264,1
2000-06-03,0.82,47.801,1
2000-06-04,0.85,42.245,1
2000-06-05,0.74,43.519,1
2000-06-06,0.83,40.394,1
2000-06-07,0.84,35.069,1
2000-06-08,0.85,32.523,1
2000-06-09,0.84,26.968,1
2000-06-10,0.82,21.875,1
2000-06-11,0.82,6.944,1
2000-06-12,0.81,21.412,1
2000-06-13,0.8,16.435,1
2000-06-14,0.72,24.306,1
2000-06-15,0.79,23.843,1
2000-06-16,0.84,25.0,1
2000-06-17,0.83,18.287,1
2000-06-18,0.84,19.792,1
2000-06-19,0.8,23.38,1
2000-06-20,0.82,22.454,1
2000-06-21,0.83,21.296,1
2000-06-22,0.81,45.833,1
2000-06-23,0.82,44.444,1
2000-06-24,0.81,9.259,1
2000-06-25,0.82,9.838,1
2000-06-26,0.84,12.037,1
2000-06-27,0.81,17.13,1
2000-06-28,0.81,18.287,1
2000-06-29,0.82,28.588,1
2000-06-30,0.76,19.792,1
2000-07-01,0.85,12.384,1
2000-07-02,0.85,7.06,1
2000-07-03,0.84,7.639,1
2000-07-04,0.85,8.681,1
2000-07-05,0.85,11.227,1
2000-07-06,0.85,14.352,1
2000-07-07,0.78,10.417,1
2000-07-08,0.83,9.028,1
2000-07-09,0.85,9.722,1
2000-07-10,0.83,23.264,1
2000-07-11,0.84,23.495,1
2000-07-12,0.86,24.074,1
2000-07-13,0.85,24.421,1
2000-07-14,0.84,23.958,1
2000-07-15,0.84,14.005,1
2000-07-16,0.81,13.31,1
2000-07-17,0.83,25.463,1
2000-07-18,0.77,28.241,1
2000-07-19,0.8,25.926,1
2000-07-20,0.81,23.148,1
2000-07-21,0.81,25.463,1
2000-07-22,0.85,11.227,1
2000-07-23,0.84,9.722,1
2000-07-24,0.84,23.032,1
2000-07-25,0.82,20.486,1
2000-07-26,0.83,21.644,1
2000-07-27,0.82,19.097,1
2000-07-28,0.84,22.917,1
2000-07-29,0.82,17.014,1
2000-07-30,0.82,9.144,1
2000-07-31,0.83,20.139,1
2000-08-01,0.83,15.394,1
2000-08-02,0.85,17.708,1
2000-08-03,0.84,21.991,1
2000-08-04,0.83,24.19,1
2000-08-05,0.78,9.375,1
2000-08-06,0.82,10.648,1
2000-08-07,0.86,18.519,1
2000-08-08,0.85,15.741,1
2000-08-09,0.79,21.759,1
2000-08-10,0.85,25.579,1
2000-08-11,0.83,20.949,1
2000-08-12,0.8,14.583,1
2000-08-13,0.84,7.639,1
2000-08-14,0.85,18.403,1
2000-08-15,0.85,9.144,1
2000-08-16,0.85,25.694,1
2000-08-17,0.83,16.435,1
2000-08-18,0.85,26.62,1
2000-08-19,0.86,20.139,1
2000-08-20,0.85,16.551,1
2000-08-21,0.82,24.884,1
2000-08-22,0.85,26.62,1
2000-08-23,0.84,25.116,1
2000-08-24,0.84,24.884,1
2000-08-25,0.84,27.431,1
2000-08-26,0.81,14.468,1
2000-08-27,0.81,7.407,1
2000-08-28,0.83,26.273,1
2000-08-29,0.85,27.894,1
2000-08-30,0.82,37.847,1
2000-08-31,0.81,29.398,1
2000-09-01,0.82,38.657,1
2000-09-02,0.85,24.537,1
2000-09-03,0.79,5.556,1
2000-09-04,0.83,34.838,1
2000-09-05,0.76,5.556,1
2000-09-06,0.82,5.556,1
2000-09-07,0.8,5.556,1
2000-09-08,0.8,5.556,1
2000-09-09,0.82,5.556,1
2000-09-10,0.83,5.556,1
2000-09-11,0.82,5.556,1
2000-09-12,0.75,5.556,1
2000-09-13,0.72,5.556,1
2000-09-14,0.79,5.556,1
2000-09-15,0.78,5.556,1
2000-09-16,0.77,5.556,1
2000-09-17,0.79,5.556,1
2000-09-18,0.84,5.556,1
2000-09-19,0.8,4.167,1
2000-09-20,0.65,2.199,1
2000-09-21,0.7,1.505,1
2000-09-22,0.75,1.505,1
2000-09-23,0.69,1.505,1
2000-09-24,0.65,1.505,1
2000-09-25,0.69,1.505,1
2000-09-26,0.68,1.505,1
2000-09-27,0.63,1.505,1
2000-09-28,0.66,1.505,1
2000-09-29,0.71,1.505,1
2000-09-30,0.68,1.505,1
2000-10-01,0.66,1.505,1
2000-10-02,0.77,35.532,1
2000-10-03,0.81,34.838,1
2000-10-04,0.84,35.185,1
2000-10-05,0.84,33.912,1
2000-10-06,0.79,35.532,1
2000-10-07,0.8,1.042,1
2000-10-08,0.81,2.315,1
2000-10-09,0.82,30.208,1
2000-10-10,0.81,32.523,1
2000-10-11,0.78,21.065,1
2000-10-12,0.8,11.806,1
2000-10-13,0.81,39.12,1
2000-10-14,0.78,26.505,1
2000-10-15,0.75,14.468,1
2000-10-16,0.79,37.616,1
2000-10-17,0.8,9.491,1
2000-10-18,0.75,16.088,1
2000-10-19,0.82,33.912,1
2000-10-20,0.77,44.792,1
2000-10-21,0.76,21.644,1
2000-10-22,0.69,13.657,1
2000-10-23,0.76,34.606,1
2000-10-24,0.84,36.111,1
2000-10-25,0.8,35.995,1
2000-10-26,0.81,37.616,1
2000-10-27,0.8,33.796,1
2000-10-28,0.75,25.116,1
2000-10-29,0.75,20.486,1
2000-10-30,0.73,35.995,1
2000-10-31,0.73,27.662,1
2000-11-01,0.7,8.565,1
2000-11-02,0.76,16.898,1
2000-11-03,0.77,22.454,1
2000-11-04,0.69,30.324,1
2000-11-05,0.79,12.153,1
2000-11-06,0.7,35.88,1
2000-11-07,0.8,27.315,1
2000-11-08,0.76,13.426,1
2000-11-09,0.75,16.088,1
2000-11-10,0.8,18.287,1
2000-11-11,0.77,14.815,1
2000-11-12,0.7,16.667,1
2000-11-13,0.79,23.611,1
2000-11-14,0.71,18.056,1
2000-11-15,0.83,43.634,1
2000-11-16,0.83,54.861,1
2000-11-17,0.76,53.704,1
2000-11-18,0.84,53.125,1
2000-11-19,0.85,54.167,1
2000-11-20,0.82,55.556,1
2000-11-21,0.85,56.366,1
2000-11-22,0.82,56.134,1
2000-11-23,0.85,54.282,1
2000-11-24,0.83,54.63,1
2000-11-25,0.84,55.324,1
2000-11-26,0.84,54.514,1
2000-11-27,0.82,48.495,1
2000-11-28,0.84,64.583,1
2000-11-29,0.84,74.769,1
2000-11-30,0.85,75.116,1
2000-12-01,0.84,75.347,1
2000-12-02,0.84,74.537,1
2000-12-03,0.84,75.579,1
2000-12-04,0.82,75.694,1
2000-12-05,0.84,75.926,1
2000-12-06,0.83,76.042,1
2000-12-07,0.84,75.694,1
2000-12-08,0.84,75.694,1
2000-12-09,0.82,75.694,1
2000-12-10,0.82,75.926,1
2000-12-11,0.84,88.657,1
2000-12-12,0.85,102.083,1
2000-12-13,0.84,102.083,1
2000-12-14,0.84,101.968,1
2000-12-15,0.85,102.083,1
2000-12-16,0.84,102.315,1
2000-12-17,0.84,102.315,1
2000-12-18,0.84,102.315,1
2000-12-19,0.84,102.546,1
2000-12-20,0.84,102.315,1
2000-12-21,0.84,101.968,1
2000-12-22,0.83,92.13,1
2000-12-23,0.84,104.282,1
2000-12-24,0.84,104.282,1
2000-12-25,0.84,104.167,1
2000-12-26,0.84,104.051,1
2000-12-27,0.84,103.935,1
2000-12-28,0.83,103.935,1
2000-12-29,0.83,103.704,1
2000-12-30,0.85,101.852,1
2000-12-31,0.84,104.051,1
2001-01-01,0.84,103.704,1
2001-01-02,0.84,103.472,1
2001-01-03,0.85,102.894,1
2001-01-04,0.83,101.505,1
2001-01-05,0.85,103.588,1
2001-01-06,0.84,103.356,1
2001-01-07,0.84,103.241,1
2001-01-08,0.82,103.472,1
2001-01-09,0.85,103.704,1
2001-01-10,0.85,103.588,1
2001-01-11,0.84,103.704,1
2001-01-12,0.84,103.356,1
2001-01-13,0.84,103.588,1
2001-01-14,0.85,103.472,1
2001-01-15,0.84,103.472,1
2001-01-16,0.85,103.588,1
2001-01-17,0.85,103.125,1
2001-01-18,0.84,103.009,1
2001-01-19,0.84,102.894,1
2001-01-20,0.84,102.778,1
2001-01-21,0.84,102.778,1
2001-01-22,0.84,102.894,1
2001-01-23,0.84,102.894,1
2001-01-24,0.84,102.778,1
2001-01-25,0.84,102.546,1
2001-01-26,0.84,102.431,1
2001-01-27,0.84,101.736,1
2001-01-28,0.84,101.505,1
2001-01-29,0.84,101.852,1
2001-01-30,0.84,101.736,1
2001-01-31,0.84,101.736,1
2001-02-01,0.84,101.736,1
2001-02-02,0.84,101.736,1
2001-02-03,0.85,101.62,1
2001-02-04,0.84,101.736,1
2001-02-05,0.84,101.736,1
2001-02-06,0.84,101.736,1
2001-02-07,0.84,101.852,1
2001-02-08,0.82,101.62,1
2001-02-09,0.83,101.505,1
2001-02-10,0.85,101.62,1
2001-02-11,0.85,101.505,1
2001-02-12,0.84,101.505,1
2001-02-13,0.85,101.505,1
2001-02-14,0.86,101.736,1
2001-02-15,0.85,101.62,1
2001-02-16,0.85,87.616,1
2001-02-17,0.8,57.755,1
2001-02-18,0.84,57.755,1
2001-02-19,0.84,57.87,1
2001-02-20,0.83,57.407,1
2001-02-21,0.83,57.176,1
2001-02-22,0.73,55.093,1
2001-02-23,0.76,52.778,1
2001-02-24,0.84,53.588,1
2001-02-25,0.83,53.241,1
2001-02-26,0.82,54.861,1
2001-02-27,0.82,52.083,1
2001-02-28,0.84,51.042,1
2001-03-01,0.81,51.505,1
2001-03-02,0.82,52.546,1
2001-03-03,0.84,55.44,1
2001-03-04,0.82,54.977,1
2001-03-05,0.83,53.472,1
2001-03-06,0.84,52.894,1
2001-03-07,0.84,53.356,1
2001-03-08,0.83,61.921,1
2001-03-09,0.84,93.056,1
2001-03-10,0.85,100.81,1
2001-03-11,0.84,100.694,1
2001-03-12,0.77,118.287,1
2001-03-13,0.83,148.264,1
2001-03-14,0.83,148.727,1
2001-03-15,0.81,147.917,1
2001-03-16,0.81,147.454,1
2001-03-17,0.8,147.338,1
2001-03-18,0.81,147.685,1
2001-03-19,0.82,138.31,1
2001-03-20,0.84,118.171,1
2001-03-21,0.83,124.769,1
2001-03-22,0.81,156.366,1
2001-03-23,0.78,186.227,1
2001-03-24,0.83,177.431,1
2001-03-25,0.83,187.037,1
2001-03-26,0.82,184.375,1
2001-03-27,0.81,183.912,1
2001-03-28,0.8,182.986,1
2001-03-29,0.77,172.801,1
2001-03-30,0.8,137.616,1
2001-03-31,0.8,120.023,1
2001-04-01,0.8,110.417,1
2001-04-02,0.84,105.671,1
2001-04-03,0.85,106.25,1
2001-04-04,0.84,107.986,1
2001-04-05,0.8,91.551,1
2001-04-06,0.82,106.829,1
2001-04-07,0.83,106.944,1
2001-04-08,0.81,106.25,1
2001-04-09,0.8,100.694,1
2001-04-10,0.81,83.218,1
2001-04-11,0.83,78.356,1
2001-04-12,0.83,78.819,1
2001-04-13,0.83,78.819,1
2001-04-14,0.84,78.935,1
2001-04-15,0.84,78.935,1
2001-04-16,0.85,74.537,1
2001-04-17,0.84,65.046,1
2001-04-18,0.85,51.852,1
2001-04-19,0.83,42.361,1
2001-04-20,0.81,38.079,1
2001-04-21,0.8,39.236,1
2001-04-22,0.73,37.5,1
2001-04-23,0.69,34.606,1
2001-04-24,0.72,35.069,1
2001-04-25,0.69,36.343,1
2001-04-26,0.76,34.606,1
2001-04-27,0.75,35.069,1
2001-04-28,0.79,37.384,1
2001-04-29,0.82,37.384,1
2001-04-30,0.72,44.56,1
2001-05-01,0.74,26.736,1
2001-05-02,0.73,33.565,1
2001-05-03,0.68,34.259,1
2001-05-04,0.7,34.838,1
2001-05-05,0.8,39.583,1
2001-05-06,0.8,42.593,1
2001-05-07,0.7,46.065,1
2001-05-08,0.84,42.94,1
2001-05-09,0.75,47.569,1
2001-05-10,0.76,45.139,1
2001-05-11,0.78,35.88,1
2001-05-12,0.82,36.806,1
2001-05-13,0.8,27.431,1
2001-05-14,0.74,49.19,1
2001-05-15,0.75,45.255,1
2001-05-16,0.84,39.815,1
2001-05-17,0.81,42.014,1
2001-05-18,0.78,39.352,1
2001-05-19,0.79,43.171,1
2001-05-20,0.78,34.722,1
2001-05-21,0.7,25.0,1
2001-05-22,0.77,16.782,1
2001-05-23,0.75,26.389,1
2001-05-24,0.76,20.949,1
2001-05-25,0.73,21.875,1
2001-05-26,0.77,20.139,1
2001-05-27,0.71,15.625,1
2001-05-28,0.8,23.958,1
2001-05-29,0.78,26.157,1
2001-05-30,0.81,16.319,1
2001-05-31,0.74,17.245,1
2001-06-01,0.81,11.227,1
2001-06-02,0.77,14.699,1
2001-06-03,0.84,12.037,1
2001-06-04,0.75,13.079,1
2001-06-05,0.82,13.773,1
2001-06-06,0.82,12.963,1
2001-06-07,0.75,6.944,1
2001-06-08,0.77,6.944,1
2001-06-09,0.81,7.523,1
2001-06-10,0.83,8.796,1
2001-06-11,0.76,10.88,1
2001-06-12,0.82,8.796,1
2001-06-13,0.79,7.87,1
2001-06-14,0.76,39.468,1
2001-06-15,0.75,40.278,1
2001-06-16,0.84,32.407,1
2001-06-17,0.83,18.287,1
2001-06-18,0.77,37.269,1
2001-06-19,0.78,37.616,1
2001-06-20,0.78,40.394,1
2001-06-21,0.82,38.079,1
2001-06-22,0.8,33.449,1
2001-06-23,0.81,28.241,1
2001-06-24,0.84,24.19,1
2001-06-25,0.82,35.648,1
2001-06-26,0.79,34.375,1
2001-06-27,0.81,33.102,1
2001-06-28,0.76,33.449,1
2001-06-29,0.72,32.407,1
2001-06-30,0.8,22.338,1
2001-07-01,0.86,14.352,1
2001-07-02,0.8,42.361,1
2001-07-03,0.78,41.667,1
2001-07-04,0.79,7.87,1
2001-07-05,0.81,35.185,1
2001-07-06,0.79,32.407,1
2001-07-07,0.8,29.977,1
2001-07-08,0.77,18.981,1
2001-07-09,0.77,35.88,1
2001-07-10,0.72,37.5,1
2001-07-11,0.7,32.639,1
2001-07-12,0.79,28.588,1
2001-07-13,0.8,31.134,1
2001-07-14,0.84,20.602,1
2001-07-15,0.84,12.616,1
2001-07-16,0.84,32.639,1
2001-07-17,0.84,29.63,1
2001-07-18,0.84,26.968,1
2001-07-19,0.82,28.356,1
2001-07-20,0.84,28.356,1
2001-07-21,0.82,17.94,1
2001-07-22,0.8,14.352,1
2001-07-23,0.83,24.19,1
2001-07-24,0.85,21.875,1
2001-07-25,0.85,15.972,1
2001-07-26,0.84,27.546,1
2001-07-27,0.84,25.81,1
2001-07-28,0.83,20.602,1
2001-07-29,0.84,18.634,1
2001-07-30,0.85,27.894,1
2001-07-31,0.84,28.241,1
2001-08-01,0.85,24.074,1
2001-08-02,0.85,20.602,1
2001-08-03,0.86,30.208,1
2001-08-04,0.8,15.509,1
2001-08-05,0.84,10.995,1
2001-08-06,0.81,18.056,1
2001-08-07,0.79,9.954,1
2001-08-08,0.79,9.259,1
2001-08-09,0.82,19.907,1
2001-08-10,0.79,15.278,1
2001-08-11,0.85,15.394,1
2001-08-12,0.82,14.005,1
2001-08-13,0.79,20.949,1
2001-08-14,0.77,18.403,1
2001-08-15,0.85,17.94,1
2001-08-16,0.83,17.014,1
2001-08-17,0.79,14.236,1
2001-08-18,0.84,18.634,1
2001-08-19,0.76,9.722,1
2001-08-20,0.83,51.852,1
2001-08-21,0.84,7.407,1
2001-08-22,0.84,6.944,1
2001-08-23,0.84,6.944,1
2001-08-24,0.83,6.944,1
2001-08-25,0.85,6.944,1
2001-08-26,0.85,6.944,1
2001-08-27,0.78,6.944,1
2001-08-28,0.79,6.944,1
2001-08-29,0.79,6.944,1
2001-08-30,0.83,6.366,1
2001-08-31,0.85,6.019,1
2001-09-01,0.79,6.019,1
2001-09-02,0.81,6.019,1
2001-09-03,0.81,6.019,1
2001-09-04,0.81,6.597,1
2001-09-05,0.8,6.944,1
2001-09-06,0.8,6.944,1
2001-09-07,0.8,6.944,1
2001-09-08,0.8,6.944,1
2001-09-09,0.79,6.944,1
2001-09-10,0.78,6.944,1
2001-09-11,0.81,6.944,1
2001-09-12,0.81,6.713,1
2001-09-13,0.8,6.481,1
2001-09-14,0.81,6.481,1
2001-09-15,0.75,6.481,1
2001-09-16,0.8,6.481,1
2001-09-17,0.78,6.481,1
2001-09-18,0.79,6.481,1
2001-09-19,0.79,6.481,1
2001-09-20,0.8,5.671,1
2001-09-21,0.8,5.903,1
2001-09-22,0.78,3.819,1
2001-09-23,0.75,1.042,1
2001-09-24,0.77,1.505,1
2001-09-25,0.78,1.968,1
2001-09-26,0.78,1.968,1
2001-09-27,0.76,2.199,1
2001-09-28,0.77,25.463,1
2001-09-29,0.78,35.532,1
2001-09-30,0.77,25.0,1
2001-10-01,0.75,19.444,1
2001-10-02,0.76,29.167,1
2001-10-03,0.69,40.972,1
2001-10-04,0.8,34.954,1
2001-10-05,0.8,33.681,1
2001-10-06,0.84,16.204,1
2001-10-07,0.81,13.079,1
2001-10-08,0.79,8.681,1
2001-10-09,0.79,26.736,1
2001-10-10,0.69,30.208,1
2001-10-11,0.8,25.463,1
2001-10-12,0.79,6.366,1
2001-10-13,0.79,26.042,1
2001-10-14,0.8,25.0,1
2001-10-15,0.79,25.579,1
2001-10-16,0.78,33.796,1
2001-10-17,0.72,28.472,1
2001-10-18,0.72,26.736,1
2001-10-19,0.75,9.028,1
2001-10-20,0.83,26.852,1
2001-10-21,0.83,30.787,1
2001-10-22,0.61,41.551,1
2001-10-23,0.78,32.523,1
2001-10-24,0.79,36.921,1
2001-10-25,0.71,33.912,1
2001-10-26,0.72,38.079,1
2001-10-27,0.75,15.162,1
2001-10-28,0.75,12.384,1
2001-10-29,0.76,21.528,1
2001-10-30,0.8,24.769,1
2001-10-31,0.75,25.0,1
2001-11-01,0.82,10.417,1
2001-11-02,0.8,16.898,1
2001-11-03,0.81,20.023,1
2001-11-04,0.75,8.565,1
2001-11-05,0.74,22.569,1
2001-11-06,0.75,14.931,1
2001-11-07,0.7,16.898,1
2001-11-08,0.69,14.931,1
2001-11-09,0.69,15.162,1
2001-11-10,0.78,10.417,1
2001-11-11,0.79,8.333,1
2001-11-12,0.76,12.963,1
2001-11-13,0.74,15.162,1
2001-11-14,0.75,31.829,1
2001-11-15,0.7,25.347,1
2001-11-16,0.79,33.218,1
2001-11-17,0.75,33.333,1
2001-11-18,0.82,28.704,1
2001-11-19,0.81,29.398,1
2001-11-20,0.74,32.06,1
2001-11-21,0.77,31.713,1
2001-11-22,0.79,26.157,1
2001-11-23,0.81,28.356,1
2001-11-24,0.78,15.741,1
2001-11-25,0.77,9.838,1
2001-11-26,0.74,14.583,1
2001-11-27,0.73,13.889,1
2001-11-28,0.79,0.579,1
2001-11-29,0.77,6.944,1
2001-11-30,0.76,0.116,1
2001-12-01,0.77,0.116,1
2001-12-02,0.78,0.116,1
2001-12-03,0.77,0.116,1
2001-12-04,0.78,0.116,1
2001-12-05,0.77,0.116,1
2001-12-06,0.78,0.116,1
2001-12-07,0.77,0.116,1
2001-12-08,0.77,0.116,1
2001-12-09,0.8,0.347,1
2001-12-10,0.75,10.648,1
2001-12-11,0.78,17.593,1
2001-12-12,0.77,15.046,1
2001-12-13,0.71,11.458,1
2001-12-14,0.69,10.301,1
2001-12-15,0.73,10.995,1
2001-12-16,0.75,6.829,1
2001-12-17,0.71,12.847,1
2001-12-18,0.7,14.005,1
2001-12-19,0.8,3.704,1
2001-12-20,0.77,1.273,1
2001-12-21,0.8,3.241,1
2001-12-22,0.79,0.116,1
2001-12-23,0.78,0.116,1
2001-12-24,0.77,0.116,1
2001-12-25,0.76,0.116,1
2001-12-26,0.74,0.116,1
2001-12-27,0.73,0.116,1
2001-12-28,0.72,0.116,1
2001-12-29,0.72,0.116,1
2001-12-30,0.74,0.116,1
2001-12-31,0.75,0.116,1
2002-01-01,0.77,0.116,1
2002-01-02,0.79,0.116,1
2002-01-03,0.81,0.116,1
2002-01-04,0.81,0.116,1
2002-01-05,0.83,0.116,1
2002-01-06,0.85,4.514,1
2002-01-07,0.8,7.06,1
2002-01-08,0.69,12.5,1
2002-01-09,0.65,8.449,1
2002-01-10,0.64,0.116,1
2002-01-11,0.77,0.81,1
2002-01-12,0.79,0.116,1
2002-01-13,0.79,0.116,1
2002-01-14,0.79,0.116,1
2002-01-15,0.78,0.116,1
2002-01-16,0.77,0.116,1
2002-01-17,0.77,0.116,1
2002-01-18,0.8,0.116,1
2002-01-19,0.79,0.116,1
2002-01-20,0.78,0.116,1
2002-01-21,0.76,0.116,1
2002-01-22,0.77,0.116,1
2002-01-23,0.76,0.116,1
2002-01-24,0.75,5.44,1
2002-01-25,0.77,0.116,1
2002-01-26,0.77,0.116,1
2002-01-27,0.76,0.116,1
2002-01-28,0.76,0.116,1
2002-01-29,0.76,0.116,1
2002-01-30,0.77,0.116,1
2002-01-31,0.78,0.116,1
2002-02-01,0.8,0.116,1
2002-02-02,0.83,0.116,1
2002-02-03,0.83,0.116,1
2002-02-04,0.81,0.116,1
2002-02-05,0.81,0.463,1
2002-02-06,0.66,5.671,1
2002-02-07,0.71,2.199,1
2002-02-08,0.74,0.231,1
2002-02-09,0.73,0.116,1
2002-02-10,0.72,0.116,1
2002-02-11,0.72,0.116,1
2002-02-12,0.81,0.116,1
2002-02-13,0.83,0.116,1
2002-02-14,0.83,0.116,1
2002-02-15,0.82,0.116,1
2002-02-16,0.83,0.116,1
2002-02-17,0.82,0.116,1
2002-02-18,0.82,0.116,1
2002-02-19,0.82,0.0,1
2002-02-20,0.81,0.116,1
2002-02-21,0.81,0.116,1
2002-02-22,0.8,0.116,1
2002-02-23,0.79,0.116,1
2002-02-24,0.78,0.116,1
2002-02-25,0.77,0.116,1
2002-02-26,0.78,0.116,1
2002-02-27,0.8,0.116,1
2002-02-28,0.81,0.116,1
2002-03-01,0.79,0.116,1
2002-03-02,0.78,0.116,1
2002-03-03,0.77,0.116,1
2002-03-04,0.76,0.116,1
2002-03-05,0.75,0.116,1
2002-03-06,0.74,0.116,1
2002-03-07,0.72,0.116,1
2002-03-08,0.72,0.116,1
2002-03-09,0.72,0.116,1
2002-03-10,0.71,0.116,1
2002-03-11,0.72,0.116,1
2002-03-12,0.76,0.116,1
2002-03-13,0.74,0.116,1
2002-03-14,0.75,0.116,1
2002-03-15,0.77,0.116,1
2002-03-16,0.79,0.116,1
2002-03-17,0.77,0.116,1
2002-03-18,0.76,0.116,1
2002-03-19,0.74,0.116,1
2002-03-20,0.74,0.116,1
2002-03-21,0.73,0.116,1
2002-03-22,0.76,0.116,1
2002-03-23,0.75,0.116,1
2002-03-24,0.74,0.116,1
2002-03-25,0.74,0.116,1
2002-03-26,0.73,0.116,1
2002-03-27,0.72,0.116,1
2002-03-28,0.71,0.116,1
2002-03-29,0.72,0.116,1
2002-03-30,0.73,0.116,1
2002-03-31,0.72,0.116,1
2002-04-01,0.77,0.463,1
2002-04-02,0.76,0.579,1
2002-04-03,0.75,0.579,1
2002-04-04,0.69,0.81,1
2002-04-05,0.78,1.042,1
2002-04-06,0.75,1.042,1
2002-04-07,0.65,1.042,1
2002-04-08,0.82,0.81,1
2002-04-09,0.79,0.926,1
2002-04-10,0.75,1.042,1
2002-04-11,0.75,4.051,1
2002-04-12,0.78,1.62,1
2002-04-13,0.78,1.968,1
2002-04-14,0.8,1.968,1
2002-04-15,0.79,1.968,1
2002-04-16,0.82,1.968,1
2002-04-17,0.79,2.315,1
2002-04-18,0.8,4.282,1
2002-04-19,0.81,4.051,1
2002-04-20,0.79,3.588,1
2002-04-21,0.74,4.051,1
2002-04-22,0.77,4.282,1
2002-04-23,0.73,4.861,1
2002-04-24,0.76,4.977,1
2002-04-25,0.81,5.324,1
2002-04-26,0.82,5.671,1
2002-04-27,0.83,6.019,1
2002-04-28,0.82,6.019,1
2002-04-29,0.83,6.019,1
2002-04-30,0.8,6.019,1
2002-05-01,0.79,6.019,1
2002-05-02,0.79,5.44,1
2002-05-03,0.76,4.977,1
2002-05-04,0.81,4.977,1
2002-05-05,0.83,5.324,1
2002-05-06,0.83,5.556,1
2002-05-07,0.81,5.324,1
2002-05-08,0.8,4.977,1
2002-05-09,0.82,4.398,1
2002-05-10,0.82,4.282,1
2002-05-11,0.79,4.514,1
2002-05-12,0.81,4.514,1
2002-05-13,0.82,3.819,1
2002-05-14,0.83,4.051,1
2002-05-15,0.78,4.514,1
2002-05-16,0.81,4.977,1
2002-05-17,0.8,5.208,1
2002-05-18,0.82,4.745,1
2002-05-19,0.82,4.514,1
2002-05-20,0.82,4.977,1
2002-05-21,0.78,4.977,1
2002-05-22,0.72,4.167,1
2002-05-23,0.8,3.472,1
2002-05-24,0.78,4.051,1
2002-05-25,0.81,4.282,1
2002-05-26,0.8,4.514,1
2002-05-27,0.81,4.282,1
2002-05-28,0.82,3.935,1
2002-05-29,0.82,4.051,1
2002-05-30,0.81,4.63,1
2002-05-31,0.82,5.324,1
2002-06-01,0.8,5.556,1
2002-06-02,0.82,5.324,1
2002-06-03,0.77,5.671,1
2002-06-04,0.77,8.449,1
2002-06-05,0.72,5.208,1
2002-06-06,0.81,5.556,1
2002-06-07,0.77,4.051,1
2002-06-08,0.81,4.051,1
2002-06-09,0.83,4.051,1
2002-06-10,0.83,4.745,1
2002-06-11,0.82,4.861,1
2002-06-12,0.79,5.671,1
2002-06-13,0.83,6.713,1
2002-06-14,0.83,6.944,1
2002-06-15,0.84,6.944,1
2002-06-16,0.84,6.944,1
2002-06-17,0.85,6.944,1
2002-06-18,0.85,10.301,1
2002-06-19,0.81,12.037,1
2002-06-20,0.83,9.144,1
2002-06-21,0.86,11.111,1
2002-06-22,0.85,7.06,1
2002-06-23,0.85,7.176,1
2002-06-24,0.82,7.407,1
2002-06-25,0.81,7.87,1
2002-06-26,0.82,8.102,1
2002-06-27,0.79,10.764,1
2002-06-28,0.81,9.491,1
2002-06-29,0.82,8.449,1
2002-06-30,0.83,7.176,1
2002-07-01,0.75,6.944,1
2002-07-02,0.82,7.523,1
2002-07-03,0.79,6.944,1
2002-07-04,0.79,7.523,1
2002-07-05,0.82,7.755,1
2002-07-06,0.86,8.796,1
2002-07-07,0.85,8.333,1
2002-07-08,0.8,33.912,1
2002-07-09,0.82,31.597,1
2002-07-10,0.81,32.06,1
2002-07-11,0.79,31.019,1
2002-07-12,0.77,28.819,1
2002-07-13,0.81,13.194,1
2002-07-14,0.84,11.227,1
2002-07-15,0.81,30.787,1
2002-07-16,0.82,31.25,1
2002-07-17,0.8,32.407,1
2002-07-18,0.81,27.315,1
2002-07-19,0.81,34.491,1
2002-07-20,0.79,6.944,1
2002-07-21,0.85,7.407,1
2002-07-22,0.85,35.417,1
2002-07-23,0.81,10.995,1
2002-07-24,0.83,19.444,1
2002-07-25,0.83,26.62,1
2002-07-26,0.85,34.144,1
2002-07-27,0.85,9.722,1
2002-07-28,0.85,9.259,1
2002-07-29,0.85,31.134,1
2002-07-30,0.84,35.88,1
2002-07-31,0.84,32.755,1
2002-08-01,0.81,21.875,1
2002-08-02,0.84,20.949,1
2002-08-03,0.8,7.523,1
2002-08-04,0.85,6.944,1
2002-08-05,0.85,19.329,1
2002-08-06,0.83,10.648,1
2002-08-07,0.84,8.912,1
2002-08-08,0.75,6.944,1
2002-08-09,0.82,6.944,1
2002-08-10,0.78,6.944,1
2002-08-11,0.81,6.944,1
2002-08-12,0.84,6.944,1
2002-08-13,0.83,10.069,1
2002-08-14,0.81,10.88,1
2002-08-15,0.85,6.944,1
2002-08-16,0.85,7.639,1
2002-08-17,0.83,10.88,1
2002-08-18,0.83,8.796,1
2002-08-19,0.85,9.954,1
2002-08-20,0.84,8.912,1
2002-08-21,0.85,9.722,1
2002-08-22,0.84,9.838,1
2002-08-23,0.83,7.986,1
2002-08-24,0.84,8.681,1
2002-08-25,0.84,8.449,1
2002-08-26,0.82,7.523,1
2002-08-27,0.78,6.944,1
2002-08-28,0.77,6.944,1
2002-08-29,0.77,6.944,1
2002-08-30,0.79,6.944,1
2002-08-31,0.78,6.713,1
2002-09-01,0.78,6.481,1
2002-09-02,0.79,6.481,1
2002-09-03,0.8,6.481,1
2002-09-04,0.8,6.481,1
2002-09-05,0.79,6.481,1
2002-09-06,0.8,6.481,1
2002-09-07,0.8,6.481,1
2002-09-08,0.82,5.556,1
2002-09-09,0.81,4.977,1
2002-09-10,0.78,4.977,1
2002-09-11,0.8,4.977,1
2002-09-12,0.8,4.977,1
2002-09-13,0.75,4.977,1
2002-09-14,0.85,4.977,1
2002-09-15,0.78,4.977,1
2002-09-16,0.78,4.745,1
2002-09-17,0.8,1.968,1
2002-09-18,0.74,1.736,1
2002-09-19,0.65,1.505,1
2002-09-20,0.68,1.505,1
2002-09-21,0.79,1.505,1
2002-09-22,0.79,1.505,1
2002-09-23,0.69,1.505,1
2002-09-24,0.7,1.505,1
2002-09-25,0.69,1.505,1
2002-09-26,0.67,1.157,1
2002-09-27,0.78,36.458,1
2002-09-28,0.75,35.532,1
2002-09-29,0.78,8.681,1
2002-09-30,0.77,31.366,1
2002-10-01,0.81,29.398,1
2002-10-02,0.75,32.87,1
2002-10-03,0.73,31.829,1
2002-10-04,0.72,29.282,1
2002-10-05,0.71,17.014,1
2002-10-06,0.8,5.208,1
2002-10-07,0.75,19.907,1
2002-10-08,0.75,29.63,1
2002-10-09,0.75,28.472,1
2002-10-10,0.74,23.38,1
2002-10-11,0.71,23.843,1
2002-10-12,0.72,10.185,1
2002-10-13,0.76,9.954,1
2002-10-14,0.81,25.347,1
2002-10-15,0.72,23.727,1
2002-10-16,0.67,23.264,1
2002-10-17,0.75,34.491,1
2002-10-18,0.74,33.796,1
2002-10-19,0.76,37.269,1
2002-10-20,0.74,11.574,1
2002-10-21,0.72,34.838,1
2002-10-22,0.72,30.093,1
2002-10-23,0.81,27.083,1
2002-10-24,0.67,25.231,1
2002-10-25,0.72,11.227,1
2002-10-26,0.75,22.801,1
2002-10-27,0.79,35.88,1
2002-10-28,0.76,35.88,1
2002-10-29,0.8,39.815,1
2002-10-30,0.75,35.185,1
2002-10-31,0.66,42.824,1
2002-11-01,0.67,22.917,1
2002-11-02,0.78,31.366,1
2002-11-03,0.79,18.403,1
2002-11-04,0.73,23.032,1
2002-11-05,0.72,34.375,1
2002-11-06,0.78,25.231,1
2002-11-07,0.77,37.384,1
2002-11-08,0.83,40.625,1
2002-11-09,0.79,29.282,1
2002-11-10,0.82,25.231,1
2002-11-11,0.75,33.681,1
2002-11-12,0.75,35.532,1
2002-11-13,0.75,34.259,1
2002-11-14,0.78,17.13,1
2002-11-15,0.77,28.588,1
2002-11-16,0.66,23.032,1
2002-11-17,0.67,11.111,1
2002-11-18,0.65,27.662,1
2002-11-19,0.7,19.213,1
2002-11-20,0.64,24.884,1
2002-11-21,0.71,28.588,1
2002-11-22,0.71,40.509,1
2002-11-23,0.74,38.889,1
2002-11-24,0.79,36.227,1
2002-11-25,0.65,38.542,1
2002-11-26,0.77,34.144,1
2002-11-27,0.73,39.352,1
2002-11-28,0.83,39.468,1
2002-11-29,0.84,44.213,1
2002-11-30,0.78,49.653,1
2002-12-01,0.8,51.273,1
2002-12-02,0.71,54.861,1
2002-12-03,0.77,51.273,1
2002-12-04,0.84,57.06,1
2002-12-05,0.83,55.44,1
2002-12-06,0.84,53.935,1
2002-12-07,0.79,52.546,1
2002-12-08,0.77,52.778,1
2002-12-09,0.78,53.009,1
2002-12-10,0.8,53.125,1
2002-12-11,0.83,53.704,1
2002-12-12,0.82,53.241,1
2002-12-13,0.79,52.546,1
2002-12-14,0.84,46.644,1
2002-12-15,0.84,52.894,1
2002-12-16,0.84,55.324,1
2002-12-17,0.85,55.903,1
2002-12-18,0.83,55.903,1
2002-12-19,0.82,55.208,1
2002-12-20,0.83,54.977,1
2002-12-21,0.83,56.25,1
2002-12-22,0.82,56.019,1
2002-12-23,0.8,54.398,1
2002-12-24,0.83,54.977,1
2002-12-25,0.83,54.977,1
2002-12-26,0.83,54.745,1
2002-12-27,0.84,56.134,1
2002-12-28,0.84,55.903,1
2002-12-29,0.83,55.324,1
2002-12-30,0.84,67.361,1
2002-12-31,0.82,83.218,1
2003-01-01,0.82,82.639,1
2003-01-02,0.83,86.806,1
2003-01-03,0.84,91.667,1
2003-01-04,0.84,91.551,1
2003-01-05,0.84,91.551,1
2003-01-06,0.84,91.551,1
2003-01-07,0.85,91.435,1
2003-01-08,0.84,92.014,1
2003-01-09,0.85,93.403,1
2003-01-10,0.85,95.023,1
2003-01-11,0.84,95.486,1
2003-01-12,0.84,94.907,1
2003-01-13,0.84,94.907,1
2003-01-14,0.84,95.949,1
2003-01-15,0.84,96.296,1
2003-01-16,0.85,96.528,1
2003-01-17,0.84,96.412,1
2003-01-18,0.85,96.528,1
2003-01-19,0.86,96.296,1
2003-01-20,0.84,95.949,1
2003-01-21,0.84,93.75,1
2003-01-22,0.84,92.014,1
2003-01-23,0.84,92.245,1
2003-01-24,0.83,92.824,1
2003-01-25,0.82,93.287,1
2003-01-26,0.84,93.519,1
2003-01-27,0.82,93.519,1
2003-01-28,0.84,94.097,1
2003-01-29,0.85,85.301,1
2003-01-30,0.84,81.019,1
2003-01-31,0.81,81.597,1
2003-02-01,0.83,81.366,1
2003-02-02,0.83,81.713,1
2003-02-03,0.85,72.338,1
2003-02-04,0.84,64.468,1
2003-02-05,0.83,57.06,1
2003-02-06,0.85,42.361,1
2003-02-07,0.77,43.403,1
2003-02-08,0.23,25.116,1
2003-02-09,0.8,39.468,1
2003-02-10,0.84,48.727,1
2003-02-11,0.78,51.273,1
2003-02-12,0.79,47.569,1
2003-02-13,0.8,47.106,1
2003-02-14,0.78,49.769,1
2003-02-15,0.77,48.958,1
2003-02-16,0.72,43.287,1
2003-02-17,0.77,45.949,1
2003-02-18,0.71,43.634,1
2003-02-19,0.64,31.944,1
2003-02-20,0.74,25.347,1
2003-02-21,0.72,33.796,1
2003-02-22,0.8,25.0,1
2003-02-23,0.83,18.403,1
2003-02-24,0.65,31.713,1
2003-02-25,0.78,32.407,1
2003-02-26,0.71,33.449,1
2003-02-27,0.79,32.986,1
2003-02-28,0.77,34.028,1
2003-03-01,0.79,17.361,1
2003-03-02,0.77,13.542,1
2003-03-03,0.74,17.708,1
2003-03-04,0.79,45.486,1
2003-03-05,0.81,50.231,1
2003-03-06,0.75,49.653,1
2003-03-07,0.71,47.917,1
2003-03-08,0.84,58.565,1
2003-03-09,0.84,58.912,1
2003-03-10,0.84,58.796,1
2003-03-11,0.84,58.912,1
2003-03-12,0.84,59.838,1
2003-03-13,0.84,60.648,1
2003-03-14,0.84,60.417,1
2003-03-15,0.84,60.185,1
2003-03-16,0.84,60.185,1
2003-03-17,0.84,60.069,1
2003-03-18,0.84,60.069,1
2003-03-19,0.84,59.954,1
2003-03-20,0.84,59.838,1
2003-03-21,0.84,59.838,1
2003-03-22,0.84,60.185,1
2003-03-23,0.84,60.069,1
2003-03-24,0.83,60.648,1
2003-03-25,0.83,60.88,1
2003-03-26,0.84,60.648,1
2003-03-27,0.84,60.764,1
2003-03-28,0.79,32.755,1
2003-03-29,0.78,1.042,1
2003-03-30,0.8,1.042,1
2003-03-31,0.81,1.042,1
2003-04-01,0.82,27.083,1
2003-04-02,0.84,48.264,1
2003-04-03,0.82,51.042,1
2003-04-04,0.79,51.62,1
2003-04-05,0.82,51.736,1
2003-04-06,0.81,50.463,1
2003-04-07,0.83,51.852,1
2003-04-08,0.84,52.083,1
2003-04-09,0.84,52.199,1
2003-04-10,0.85,52.431,1
2003-04-11,0.84,50.347,1
2003-04-12,0.66,49.884,1
2003-04-13,0.67,46.412,1
2003-04-14,0.85,49.306,1
2003-04-15,0.84,51.62,1
2003-04-16,0.84,51.968,1
2003-04-17,0.84,52.199,1
2003-04-18,0.85,52.315,1
2003-04-19,0.84,51.62,1
2003-04-20,0.82,51.505,1
2003-04-21,0.78,53.819,1
2003-04-22,0.85,53.125,1
2003-04-23,0.84,51.273,1
2003-04-24,0.72,47.685,1
2003-04-25,0.66,42.245,1
2003-04-26,0.8,40.509,1
2003-04-27,0.83,40.972,1
2003-04-28,0.74,43.171,1
2003-04-29,0.74,44.907,1
2003-04-30,0.82,46.296,1
2003-05-01,0.69,22.106,1
2003-05-02,0.71,33.912,1
2003-05-03,0.75,18.056,1
2003-05-04,0.82,10.185,1
2003-05-05,0.78,38.079,1
2003-05-06,0.79,38.31,1
2003-05-07,0.72,40.856,1
2003-05-08,0.74,28.241,1
2003-05-09,0.74,28.588,1
2003-05-10,0.72,21.759,1
2003-05-11,0.81,14.468,1
2003-05-12,0.82,18.634,1
2003-05-13,0.67,19.213,1
2003-05-14,0.76,15.509,1
2003-05-15,0.82,15.046,1
2003-05-16,0.79,15.278,1
2003-05-17,0.84,7.755,1
2003-05-18,0.85,7.639,1
2003-05-19,0.69,12.616,1
2003-05-20,0.79,13.079,1
2003-05-21,0.8,9.375,1
2003-05-22,0.79,7.986,1
2003-05-23,0.82,7.06,1
2003-05-24,0.85,8.102,1
2003-05-25,0.83,8.796,1
2003-05-26,0.78,7.407,1
2003-05-27,0.74,6.944,1
2003-05-28,0.82,7.407,1
2003-05-29,0.81,7.407,1
2003-05-30,0.81,16.898,1
2003-05-31,0.81,7.755,1
2003-06-01,0.83,6.944,1
2003-06-02,0.81,6.944,1
2003-06-03,0.82,7.523,1
2003-06-04,0.82,6.944,1
2003-06-05,0.78,6.019,1
2003-06-06,0.79,6.713,1
2003-06-07,0.85,6.944,1
2003-06-08,0.84,8.681,1
2003-06-09,0.85,9.606,1
2003-06-10,0.64,7.06,1
2003-06-11,0.84,23.843,1
2003-06-12,0.8,7.06,1
2003-06-13,0.79,8.796,1
2003-06-14,0.84,10.88,1
2003-06-15,0.84,9.838,1
2003-06-16,0.8,31.019,1
2003-06-17,0.78,26.736,1
2003-06-18,0.83,32.176,1
2003-06-19,0.84,29.977,1
2003-06-20,0.83,33.333,1
2003-06-21,0.82,18.171,1
2003-06-22,0.75,13.889,1
2003-06-23,0.81,37.384,1
2003-06-24,0.81,34.259,1
2003-06-25,0.81,35.069,1
2003-06-26,0.79,37.153,1
2003-06-27,0.82,33.449,1
2003-06-28,0.86,15.278,1
2003-06-29,0.86,11.69,1
2003-06-30,0.8,29.167,1
2003-07-01,0.83,34.375,1
2003-07-02,0.82,36.921,1
2003-07-03,0.84,36.343,1
2003-07-04,0.83,39.352,1
2003-07-05,0.79,30.787,1
2003-07-06,0.83,25.579,1
2003-07-07,0.83,46.065,1
2003-07-08,0.85,41.667,1
2003-07-09,0.83,44.792,1
2003-07-10,0.85,36.69,1
2003-07-11,0.79,37.616,1
2003-07-12,0.81,33.102,1
2003-07-13,0.84,13.542,1
2003-07-14,0.81,39.468,1
2003-07-15,0.79,31.25,1
2003-07-16,0.79,34.028,1
2003-07-17,0.81,37.153,1
2003-07-18,0.81,38.079,1
2003-07-19,0.85,22.685,1
2003-07-20,0.85,10.532,1
2003-07-21,0.8,39.815,1
2003-07-22,0.8,39.12,1
2003-07-23,0.82,39.005,1
2003-07-24,0.81,40.278,1
2003-07-25,0.8,39.699,1
2003-07-26,0.79,18.403,1
2003-07-27,0.85,14.699,1
2003-07-28,0.81,37.5,1
2003-07-29,0.8,40.509,1
2003-07-30,0.8,38.079,1
2003-07-31,0.8,40.856,1
2003-08-01,0.79,41.088,1
2003-08-02,0.79,26.042,1
2003-08-03,0.85,14.583,1
2003-08-04,0.83,39.005,1
2003-08-05,0.85,35.88,1
2003-08-06,0.85,32.06,1
2003-08-07,0.85,33.565,1
2003-08-08,0.84,22.801,1
2003-08-09,0.83,29.167,1
2003-08-10,0.86,22.454,1
2003-08-11,0.86,40.394,1
2003-08-12,0.84,37.963,1
2003-08-13,0.86,36.921,1
2003-08-14,0.8,37.5,1
2003-08-15,0.86,24.537,1
2003-08-16,0.78,28.935,1
2003-08-17,0.85,16.667,1
2003-08-18,0.8,13.773,1
2003-08-19,0.86,37.269,1
2003-08-20,0.86,37.731,1
2003-08-21,0.85,39.931,1
2003-08-22,0.84,37.153,1
2003-08-23,0.82,17.361,1
2003-08-24,0.85,15.972,1
2003-08-25,0.74,32.176,1
2003-08-26,0.79,6.481,1
2003-08-27,0.75,6.597,1
2003-08-28,0.75,6.25,1
2003-08-29,0.76,5.903,1
2003-08-30,0.83,5.324,1
2003-08-31,0.81,4.977,1
2003-09-01,0.76,4.167,1
2003-09-02,0.82,3.472,1
2003-09-03,0.84,3.472,1
2003-09-04,0.77,3.472,1
2003-09-05,0.8,3.472,1
2003-09-06,0.69,3.472,1
2003-09-07,0.72,3.472,1
2003-09-08,0.7,3.472,1
2003-09-09,0.78,3.472,1
2003-09-10,0.79,3.472,1
2003-09-11,0.82,3.472,1
2003-09-12,0.81,3.472,1
2003-09-13,0.79,3.472,1
2003-09-14,0.79,3.819,1
2003-09-15,0.79,4.514,1
2003-09-16,0.82,4.977,1
2003-09-17,0.82,4.977,1
2003-09-18,0.79,4.977,1
2003-09-19,0.8,4.977,1
2003-09-20,0.81,4.977,1
2003-09-21,0.79,4.977,1
2003-09-22,0.82,4.977,1
2003-09-23,0.78,4.977,1
2003-09-24,0.76,4.977,1
2003-09-25,0.8,4.977,1
2003-09-26,0.74,4.514,1
2003-09-27,0.76,34.259,1
2003-09-28,0.72,26.389,1
2003-09-29,0.79,32.986,1
2003-09-30,0.8,25.0,1
2003-10-01,0.78,6.829,1
2003-10-02,0.8,6.829,1
2003-10-03,0.75,30.093,1
2003-10-04,0.73,17.824,1
2003-10-05,0.77,7.523,1
2003-10-06,0.69,17.593,1
2003-10-07,0.73,8.912,1
2003-10-08,0.77,3.241,1
2003-10-09,0.77,7.292,1
2003-10-10,0.74,18.287,1
2003-10-11,0.84,12.153,1
2003-10-12,0.78,10.301,1
2003-10-13,0.78,12.616,1
2003-10-14,0.82,12.269,1
2003-10-15,0.81,16.667,1
2003-10-16,0.81,16.204,1
2003-10-17,0.8,16.898,1
2003-10-18,0.77,5.903,1
2003-10-19,0.81,5.324,1
2003-10-20,0.76,12.153,1
2003-10-21,0.79,13.542,1
2003-10-22,0.8,8.218,1
2003-10-23,0.78,17.94,1
2003-10-24,0.78,10.069,1
2003-10-25,0.8,9.491,1
2003-10-26,0.79,4.63,1
2003-10-27,0.8,16.551,1
2003-10-28,0.74,11.227,1
2003-10-29,0.73,6.713,1
2003-10-30,0.78,5.208,1
2003-10-31,0.73,14.236,1
2003-11-01,0.74,4.861,1
2003-11-02,0.75,3.935,1
2003-11-03,0.74,7.523,1
2003-11-04,0.81,7.176,1
2003-11-05,0.81,11.921,1
2003-11-06,0.75,11.458,1
2003-11-07,0.84,5.671,1
2003-11-08,0.78,5.324,1
2003-11-09,0.8,2.546,1
2003-11-10,0.76,5.44,1
2003-11-11,0.75,4.861,1
2003-11-12,0.76,2.199,1
2003-11-13,0.76,4.167,1
2003-11-14,0.79,5.787,1
2003-11-15,0.74,10.417,1
2003-11-16,0.77,4.167,1
2003-11-17,0.77,7.523,1
2003-11-18,0.76,4.167,1
2003-11-19,0.8,13.426,1
2003-11-20,0.76,14.12,1
2003-11-21,0.64,13.542,1
2003-11-22,0.79,1.852,1
2003-11-23,0.82,0.463,1
2003-11-24,0.8,8.102,1
2003-11-25,0.8,10.069,1
2003-11-26,0.77,9.028,1
2003-11-27,0.83,10.532,1
2003-11-28,0.81,8.102,1
2003-11-29,0.73,7.176,1
2003-11-30,0.81,15.972,1
2003-12-01,0.71,28.356,1
2003-12-02,0.77,5.44,1
2003-12-03,0.74,5.903,1
2003-12-04,0.75,36.69,1
2003-12-05,0.78,29.745,1
2003-12-06,0.79,33.449,1
2003-12-07,0.81,34.722,1
2003-12-08,0.71,27.199,1
2003-12-09,0.78,28.125,1
2003-12-10,0.72,28.356,1
2003-12-11,0.71,28.704,1
2003-12-12,0.72,28.819,1
2003-12-13,0.85,31.944,1
2003-12-14,0.84,28.125,1
2003-12-15,0.74,19.329,1
2003-12-16,0.81,13.31,1
2003-12-17,0.8,33.449,1
2003-12-18,0.82,29.514,1
2003-12-19,0.81,30.093,1
2003-12-20,0.84,32.755,1
2003-12-21,0.83,29.745,1
2003-12-22,0.85,32.176,1
2003-12-23,0.84,34.491,1
2003-12-24,0.75,32.523,1
2003-12-25,0.8,20.37,1
2003-12-26,0.8,31.25,1
2003-12-27,0.78,28.588,1
2003-12-28,0.76,23.495,1
2003-12-29,0.81,29.398,1
2003-12-30,0.79,41.435,1
2003-12-31,0.79,28.588,1
2004-01-01,0.75,24.884,1
2004-01-02,0.8,30.671,1
2004-01-03,0.82,40.278,1
2004-01-04,0.81,40.625,1
2004-01-05,0.84,40.278,1
2004-01-06,0.84,40.394,1
2004-01-07,0.84,40.046,1
2004-01-08,0.84,44.213,1
2004-01-09,0.8,41.319,1
2004-01-10,0.85,47.454,1
2004-01-11,0.84,38.31,1
2004-01-12,0.84,38.426,1
2004-01-13,0.69,34.491,1
2004-01-14,0.83,35.88,1
2004-01-15,0.74,36.343,1
2004-01-16,0.79,32.407,1
2004-01-17,0.82,32.292,1
2004-01-18,0.82,31.944,1
2004-01-19,0.8,32.639,1
2004-01-20,0.8,26.389,1
2004-01-21,0.81,33.912,1
2004-01-22,0.72,32.986,1
2004-01-23,0.77,33.218,1
2004-01-24,0.77,29.282,1
2004-01-25,0.8,20.255,1
2004-01-26,0.62,27.778,1
2004-01-27,0.82,35.417,1
2004-01-28,0.82,41.435,1
2004-01-29,0.83,41.667,1
2004-01-30,0.83,46.644,1
2004-01-31,0.82,42.361,1
2004-02-01,0.85,40.856,1
2004-02-02,0.84,40.394,1
2004-02-03,0.84,40.509,1
2004-02-04,0.83,40.162,1
2004-02-05,0.78,37.384,1
2004-02-06,0.83,40.509,1
2004-02-07,0.84,40.741,1
2004-02-08,0.83,40.856,1
2004-02-09,0.78,37.269,1
2004-02-10,0.77,30.324,1
2004-02-11,0.74,34.491,1
2004-02-12,0.81,30.787,1
2004-02-13,0.83,26.042,1
2004-02-14,0.76,8.333,1
2004-02-15,0.8,3.125,1
2004-02-16,0.81,27.431,1
2004-02-17,0.75,29.167,1
2004-02-18,0.8,28.588,1
2004-02-19,0.74,26.389,1
2004-02-20,0.75,26.968,1
2004-02-21,0.73,9.491,1
2004-02-22,0.75,1.62,1
2004-02-23,0.73,25.116,1
2004-02-24,0.77,24.074,1
2004-02-25,0.78,17.13,1
2004-02-26,0.75,20.37,1
2004-02-27,0.84,23.727,1
2004-02-28,0.8,3.009,1
2004-02-29,0.8,2.778,1
2004-03-01,0.79,19.444,1
2004-03-02,0.68,21.065,1
2004-03-03,0.69,17.94,1
2004-03-04,0.69,19.329,1
2004-03-05,0.72,21.759,1
2004-03-06,0.83,5.671,1
2004-03-07,0.79,4.861,1
2004-03-08,0.75,22.222,1
2004-03-09,0.78,26.273,1
2004-03-10,0.74,15.625,1
2004-03-11,0.77,16.204,1
2004-03-12,0.71,5.787,1
2004-03-13,0.79,2.662,1
2004-03-14,0.82,0.463,1
2004-03-15,0.72,17.477,1
2004-03-16,0.75,17.245,1
2004-03-17,0.78,22.106,1
2004-03-18,0.78,20.37,1
2004-03-19,0.82,1.505,1
2004-03-20,0.81,5.903,1
2004-03-21,0.78,4.861,1
2004-03-22,0.72,24.653,1
2004-03-23,0.75,24.884,1
2004-03-24,0.68,19.097,1
2004-03-25,0.65,27.778,1
2004-03-26,0.64,26.736,1
2004-03-27,0.81,4.167,1
2004-03-28,0.73,6.366,1
2004-03-29,0.79,27.778,1
2004-03-30,0.76,29.167,1
2004-03-31,0.71,26.968,1
2004-04-01,0.8,9.144,1
2004-04-02,0.8,28.472,1
2004-04-03,0.74,6.134,1
2004-04-04,0.71,1.505,1
2004-04-05,0.71,25.926,1
2004-04-06,0.78,23.843,1
2004-04-07,0.81,3.356,1
2004-04-08,0.82,6.25,1
2004-04-09,0.82,8.218,1
2004-04-10,0.85,8.449,1
2004-04-11,0.82,4.745,1
2004-04-12,0.8,2.662,1
2004-04-13,0.81,24.769,1
2004-04-14,0.8,23.727,1
2004-04-15,0.78,22.917,1
2004-04-16,0.8,25.0,1
2004-04-17,0.8,7.292,1
2004-04-18,0.7,4.745,1
2004-04-19,0.77,18.171,1
2004-04-20,0.74,11.227,1
2004-04-21,0.75,13.542,1
2004-04-22,0.77,16.204,1
2004-04-23,0.78,23.495,1
2004-04-24,0.8,7.407,1
2004-04-25,0.73,7.292,1
2004-04-26,0.75,10.185,1
2004-04-27,0.8,15.046,1
2004-04-28,0.79,10.532,1
2004-04-29,0.78,9.722,1
2004-04-30,0.75,12.269,1
2004-05-01,0.8,10.88,1
2004-05-02,0.82,4.051,1
2004-05-03,0.78,10.648,1
2004-05-04,0.8,11.111,1
2004-05-05,0.67,10.185,1
2004-05-06,0.78,8.565,1
2004-05-07,0.81,8.681,1
2004-05-08,0.81,10.995,1
2004-05-09,0.78,8.218,1
2004-05-10,0.75,10.648,1
2004-05-11,0.79,12.616,1
2004-05-12,0.78,12.153,1
2004-05-13,0.81,8.912,1
2004-05-14,0.75,6.134,1
2004-05-15,0.79,9.954,1
2004-05-16,0.84,9.259,1
2004-05-17,0.78,29.167,1
2004-05-18,0.77,30.671,1
2004-05-19,0.81,26.157,1
2004-05-20,0.79,32.986,1
2004-05-21,0.84,32.407,1
2004-05-22,0.79,8.449,1
2004-05-23,0.74,9.259,1
2004-05-24,0.8,31.713,1
2004-05-25,0.76,30.556,1
2004-05-26,0.78,27.662,1
2004-05-27,0.79,20.602,1
2004-05-28,0.81,12.847,1
2004-05-29,0.75,7.176,1
2004-05-30,0.84,6.597,1
2004-05-31,0.8,18.75,1
2004-06-01,0.83,23.611,1
2004-06-02,0.7,17.94,1
2004-06-03,0.8,9.259,1
2004-06-04,0.81,9.606,1
2004-06-05,0.82,7.639,1
2004-06-06,0.82,6.366,1
2004-06-07,0.8,11.806,1
2004-06-08,0.8,26.736,1
2004-06-09,0.81,26.042,1
2004-06-10,0.8,28.704,1
2004-06-11,0.78,23.495,1
2004-06-12,0.84,7.176,1
2004-06-13,0.81,7.176,1
2004-06-14,0.79,18.403,1
2004-06-15,0.8,20.255,1
2004-06-16,0.81,15.278,1
2004-06-17,0.79,8.102,1
2004-06-18,0.81,21.065,1
2004-06-19,0.79,10.185,1
2004-06-20,0.85,9.144,1
2004-06-21,0.84,13.31,1
2004-06-22,0.83,11.458,1
2004-06-23,0.81,11.806,1
2004-06-24,0.81,25.926,1
2004-06-25,0.83,20.486,1
2004-06-26,0.86,8.681,1
2004-06-27,0.84,6.944,1
2004-06-28,0.81,20.833,1
2004-06-29,0.81,18.75,1
2004-06-30,0.78,19.329,1
2004-07-01,0.79,12.963,1
2004-07-02,0.8,9.491,1
2004-07-03,0.79,11.343,1
2004-07-04,0.83,9.838,1
2004-07-05,0.81,21.412,1
2004-07-06,0.79,11.574,1
2004-07-07,0.75,7.407,1
2004-07-08,0.83,15.972,1
2004-07-09,0.72,8.796,1
2004-07-10,0.77,7.986,1
2004-07-11,0.82,10.764,1
2004-07-12,0.83,18.866,1
2004-07-13,0.71,19.676,1
2004-07-14,0.84,29.051,1
2004-07-15,0.82,27.199,1
2004-07-16,0.84,27.431,1
2004-07-17,0.64,12.5,1
2004-07-18,0.76,7.407,1
2004-07-19,0.76,26.389,1
2004-07-20,0.8,20.37,1
2004-07-21,0.82,21.412,1
2004-07-22,0.79,26.042,1
2004-07-23,0.85,22.222,1
2004-07-24,0.84,10.417,1
2004-07-25,0.85,9.606,1
2004-07-26,0.84,32.06,1
2004-07-27,0.82,24.884,1
2004-07-28,0.83,18.403,1
2004-07-29,0.86,29.861,1
2004-07-30,0.84,29.282,1
2004-07-31,0.82,17.361,1
2004-08-01,0.84,10.417,1
2004-08-02,0.85,30.093,1
2004-08-03,0.84,35.417,1
2004-08-04,0.82,33.102,1
2004-08-05,0.83,28.472,1
2004-08-06,0.82,33.102,1
2004-08-07,0.82,14.005,1
2004-08-08,0.85,13.542,1
2004-08-09,0.84,30.208,1
2004-08-10,0.83,29.398,1
2004-08-11,0.83,31.366,1
2004-08-12,0.84,30.44,1
2004-08-13,0.83,33.796,1
2004-08-14,0.83,13.194,1
2004-08-15,0.81,10.532,1
2004-08-16,0.84,14.236,1
2004-08-17,0.84,32.755,1
2004-08-18,0.79,35.764,1
2004-08-19,0.83,44.213,1
2004-08-20,0.84,40.856,1
2004-08-21,0.83,37.153,1
2004-08-22,0.85,21.644,1
2004-08-23,0.85,8.912,1
2004-08-24,0.85,4.745,1
2004-08-25,0.83,5.093,1
2004-08-26,0.83,6.134,1
2004-08-27,0.8,6.134,1
2004-08-28,0.76,5.787,1
2004-08-29,0.76,6.019,1
2004-08-30,0.84,6.019,1
2004-08-31,0.79,6.019,1
2004-09-01,0.8,6.019,1
2004-09-02,0.77,5.324,1
2004-09-03,0.78,5.208,1
2004-09-04,0.75,3.704,1
2004-09-05,0.8,2.546,1
2004-09-06,0.81,2.546,1
2004-09-07,0.78,2.546,1
2004-09-08,0.76,2.546,1
2004-09-09,0.79,2.546,1
2004-09-10,0.74,2.546,1
2004-09-11,0.78,2.546,1
2004-09-12,0.79,2.546,1
2004-09-13,0.79,2.546,1
2004-09-14,0.8,2.546,1
2004-09-15,0.81,2.546,1
2004-09-16,0.78,2.546,1
2004-09-17,0.78,2.546,1
2004-09-18,0.78,2.546,1
2004-09-19,0.78,2.546,1
2004-09-20,0.77,2.546,1
2004-09-21,0.77,2.546,1
2004-09-22,0.77,2.778,1
2004-09-23,0.76,3.009,1
2004-09-24,0.77,3.241,1
2004-09-25,0.77,3.472,1
2004-09-26,0.77,3.472,1
2004-09-27,0.79,3.472,1
2004-09-28,0.77,3.819,1
2004-09-29,0.77,4.051,1
2004-09-30,0.83,3.704,1
2004-10-01,0.77,3.472,1
2004-10-02,0.8,3.472,1
2004-10-03,0.72,3.472,1
2004-10-04,0.79,34.028,1
2004-10-05,0.79,36.69,1
2004-10-06,0.81,36.458,1
2004-10-07,0.85,34.491,1
2004-10-08,0.77,24.884,1
2004-10-09,0.81,29.977,1
2004-10-10,0.76,13.889,1
2004-10-11,0.79,30.671,1
2004-10-12,0.84,15.509,1
2004-10-13,0.77,29.514,1
2004-10-14,0.81,39.815,1
2004-10-15,0.79,40.278,1
2004-10-16,0.83,45.718,1
2004-10-17,0.79,22.685,1
2004-10-18,0.75,43.866,1
2004-10-19,0.69,42.361,1
2004-10-20,0.66,18.171,1
2004-10-21,0.71,23.843,1
2004-10-22,0.84,46.759,1
2004-10-23,0.79,45.602,1
2004-10-24,0.79,24.074,1
2004-10-25,0.82,42.94,1
2004-10-26,0.74,24.19,1
2004-10-27,0.84,40.394,1
2004-10-28,0.82,42.245,1
2004-10-29,0.78,37.153,1
2004-10-30,0.76,41.782,1
2004-10-31,0.74,4.977,1
2004-11-01,0.75,18.634,1
2004-11-02,0.73,34.491,1
2004-11-03,0.78,35.301,1
2004-11-04,0.71,31.944,1
2004-11-05,0.75,35.417,1
2004-11-06,0.8,15.394,1
2004-11-07,0.71,21.644,1
2004-11-08,0.81,34.606,1
2004-11-09,0.85,21.991,1
2004-11-10,0.84,42.13,1
2004-11-11,0.85,45.255,1
2004-11-12,0.84,42.593,1
2004-11-13,0.84,42.824,1
2004-11-14,0.83,37.384,1
2004-11-15,0.73,38.194,1
2004-11-16,0.85,40.046,1
2004-11-17,0.84,44.792,1
2004-11-18,0.85,42.361,1
2004-11-19,0.85,42.361,1
2004-11-20,0.83,35.764,1
2004-11-21,0.85,24.421,1
2004-11-22,0.85,45.023,1
2004-11-23,0.85,39.815,1
2004-11-24,0.8,34.028,1
2004-11-25,0.81,37.153,1
2004-11-26,0.79,40.278,1
2004-11-27,0.77,20.139,1
2004-11-28,0.79,18.171,1
2004-11-29,0.84,31.019,1
2004-11-30,0.84,28.935,1
2004-12-01,0.63,31.25,1
2004-12-02,0.67,30.44,1
2004-12-03,0.71,31.944,1
2004-12-04,0.81,15.856,1
2004-12-05,0.81,20.37,1
2004-12-06,0.79,8.681,1
2004-12-07,0.84,36.343,1
2004-12-08,0.77,17.245,1
2004-12-09,0.76,35.069,1
2004-12-10,0.83,32.639,1
2004-12-11,0.77,23.611,1
2004-12-12,0.81,14.12,1
2004-12-13,0.72,23.727,1
2004-12-14,0.79,25.694,1
2004-12-15,0.81,21.528,1
2004-12-16,0.69,36.921,1
2004-12-17,0.75,26.389,1
2004-12-18,0.72,5.556,1
2004-12-19,0.81,9.144,1
2004-12-20,0.79,28.935,1
2004-12-21,0.75,34.606,1
2004-12-22,0.77,33.218,1
2004-12-23,0.74,21.644,1
2004-12-24,0.65,11.343,1
2004-12-25,0.79,10.648,1
2004-12-26,0.78,7.755,1
2004-12-27,0.77,28.009,1
2004-12-28,0.77,27.431,1
2004-12-29,0.8,20.023,1
2004-12-30,0.75,17.13,1
2004-12-31,0.85,31.25,1
2005-01-01,0.8,10.532,1
2005-01-02,0.82,4.63,1
2005-01-03,0.75,22.801,1
2005-01-04,0.77,15.278,1
2005-01-05,0.73,11.343,1
2005-01-06,0.8,4.745,1
2005-01-07,0.8,10.069,1
2005-01-08,0.82,10.764,1
2005-01-09,0.78,3.819,1
2005-01-10,0.74,18.75,1
2005-01-11,0.73,15.046,1
2005-01-12,0.75,18.287,1
2005-01-13,0.66,18.287,1
2005-01-14,0.65,7.523,1
2005-01-15,0.65,0.116,1
2005-01-16,0.64,0.116,1
2005-01-17,0.78,2.199,1
2005-01-18,0.82,23.148,1
2005-01-19,0.81,13.31,1
2005-01-20,0.81,1.505,1
2005-01-21,0.81,5.903,1
2005-01-22,0.7,6.944,1
2005-01-23,0.83,4.051,1
2005-01-24,0.75,6.713,1
2005-01-25,0.8,5.787,1
2005-01-26,0.74,7.87,1
2005-01-27,0.75,6.713,1
2005-01-28,0.78,6.019,1
2005-01-29,0.81,4.63,1
2005-01-30,0.82,3.125,1
2005-01-31,0.8,7.292,1
2005-02-01,0.73,10.532,1
2005-02-02,0.74,6.25,1
2005-02-03,0.78,4.051,1
2005-02-04,0.74,7.986,1
2005-02-05,0.8,1.389,1
2005-02-06,0.8,3.935,1
2005-02-07,0.79,12.037,1
2005-02-08,0.76,8.102,1
2005-02-09,0.74,7.87,1
2005-02-10,0.82,3.009,1
2005-02-11,0.82,0.116,1
2005-02-12,0.8,0.579,1
2005-02-13,0.79,0.116,1
2005-02-14,0.78,1.157,1
2005-02-15,0.79,0.116,1
2005-02-16,0.78,0.116,1
2005-02-17,0.78,0.116,1
2005-02-18,0.79,0.116,1
2005-02-19,0.78,0.116,1
2005-02-20,0.78,0.116,1
2005-02-21,0.79,0.116,1
2005-02-22,0.78,0.116,1
2005-02-23,0.79,0.116,1
2005-02-24,0.8,0.116,1
2005-02-25,0.81,0.116,1
2005-02-26,0.8,0.116,1
2005-02-27,0.79,0.116,1
2005-02-28,0.79,0.116,1
2005-03-01,0.79,0.116,1
2005-03-02,0.8,0.116,1
2005-03-03,0.79,0.116,1
2005-03-04,0.79,0.116,1
2005-03-05,0.8,0.116,1
2005-03-06,0.81,0.116,1
2005-03-07,0.82,0.116,1
2005-03-08,0.8,0.116,1
2005-03-09,0.79,0.116,1
2005-03-10,0.8,0.116,1
2005-03-11,0.8,0.116,1
2005-03-12,0.81,0.116,1
2005-03-13,0.79,0.116,1
2005-03-14,0.81,0.116,1
2005-03-15,0.79,0.116,1
2005-03-16,0.81,0.694,1
2005-03-17,0.83,1.042,1
2005-03-18,0.83,1.042,1
2005-03-19,0.81,0.463,1
2005-03-20,0.8,0.116,1
2005-03-21,0.79,0.116,1
2005-03-22,0.78,0.116,1
2005-03-23,0.76,0.116,1
2005-03-24,0.78,0.116,1
2005-03-25,0.8,0.116,1
2005-03-26,0.8,0.116,1
2005-03-27,0.83,0.116,1
2005-03-28,0.11,8.218,1
2005-03-29,0.08,0.463,1
2005-03-30,0.08,0.0,1
2005-03-31,0.75,0.0,1
2005-04-01,0.74,0.116,1
2005-04-02,0.74,0.116,1
2005-04-03,0.75,0.116,1
2005-04-04,0.82,0.116,1
2005-04-05,0.82,0.116,1
2005-04-06,0.8,0.116,1
2005-04-07,0.77,0.347,1
2005-04-08,0.74,0.694,1
2005-04-09,0.74,1.042,1
2005-04-10,0.8,1.042,1
2005-04-11,0.78,1.273,1
2005-04-12,0.77,1.736,1
2005-04-13,0.78,1.736,1
2005-04-14,0.8,1.736,1
2005-04-15,0.79,1.736,1
2005-04-16,0.75,1.736,1
2005-04-17,0.64,1.736,1
2005-04-18,0.73,1.736,1
2005-04-19,0.72,1.736,1
2005-04-20,0.64,1.736,1
2005-04-21,0.78,1.736,1
2005-04-22,0.77,1.736,1
2005-04-23,0.7,1.736,1
2005-04-24,0.75,1.736,1
2005-04-25,0.74,26.389,1
2005-04-26,0.8,14.583,1
2005-04-27,0.79,1.736,1
2005-04-28,0.77,2.083,1
2005-04-29,0.81,2.546,1
2005-04-30,0.74,2.546,1
2005-05-01,0.81,4.167,1
2005-05-02,0.72,5.324,1
2005-05-03,0.71,17.014,1
2005-05-04,0.72,26.273,1
2005-05-05,0.79,28.009,1
2005-05-06,0.79,24.074,1
2005-05-07,0.82,24.653,1
2005-05-08,0.75,5.787,1
2005-05-09,0.8,33.102,1
2005-05-10,0.79,29.398,1
2005-05-11,0.78,30.208,1
2005-05-12,0.8,33.333,1
2005-05-13,0.76,35.648,1
2005-05-14,0.77,37.269,1
2005-05-15,0.8,4.745,1
2005-05-16,0.69,4.051,1
2005-05-17,0.77,4.051,1
2005-05-18,0.77,4.051,1
2005-05-19,0.8,35.185,1
2005-05-20,0.75,39.236,1
2005-05-21,0.81,34.491,1
2005-05-22,0.8,33.333,1
2005-05-23,0.79,45.486,1
2005-05-24,0.79,45.37,1
2005-05-25,0.8,47.801,1
2005-05-26,0.78,44.329,1
2005-05-27,0.82,44.444,1
2005-05-28,0.82,30.324,1
2005-05-29,0.84,9.722,1
2005-05-30,0.75,39.005,1
2005-05-31,0.8,35.995,1
2005-06-01,0.79,25.463,1
2005-06-02,0.8,28.241,1
2005-06-03,0.79,26.62,1
2005-06-04,0.81,20.718,1
2005-06-05,0.81,16.782,1
2005-06-06,0.72,28.819,1
2005-06-07,0.72,28.241,1
2005-06-08,0.74,28.819,1
2005-06-09,0.79,25.0,1
2005-06-10,0.79,30.093,1
2005-06-11,0.8,6.829,1
2005-06-12,0.77,7.986,1
2005-06-13,0.73,20.37,1
2005-06-14,0.79,21.296,1
2005-06-15,0.71,24.306,1
2005-06-16,0.75,26.62,1
2005-06-17,0.82,21.528,1
2005-06-18,0.82,7.986,1
2005-06-19,0.81,6.944,1
2005-06-20,0.79,25.116,1
2005-06-21,0.76,23.148,1
2005-06-22,0.79,22.801,1
2005-06-23,0.79,17.477,1
2005-06-24,0.73,14.815,1
2005-06-25,0.76,18.866,1
2005-06-26,0.85,8.565,1
2005-06-27,0.76,20.486,1
2005-06-28,0.82,20.486,1
2005-06-29,0.82,22.106,1
2005-06-30,0.85,31.134,1
2005-07-01,0.86,17.13,1
2005-07-02,0.84,11.227,1
2005-07-03,0.84,19.329,1
2005-07-04,0.79,18.403,1
2005-07-05,0.79,24.884,1
2005-07-06,0.78,25.116,1
2005-07-07,0.79,16.782,1
2005-07-08,0.78,15.972,1
2005-07-09,0.85,14.468,1
2005-07-10,0.84,8.681,1
2005-07-11,0.81,31.829,1
2005-07-12,0.81,31.366,1
2005-07-13,0.84,30.208,1
2005-07-14,0.85,34.375,1
2005-07-15,0.81,32.639,1
2005-07-16,0.85,18.981,1
2005-07-17,0.85,15.856,1
2005-07-18,0.74,35.301,1
2005-07-19,0.81,32.986,1
2005-07-20,0.85,35.069,1
2005-07-21,0.85,35.069,1
2005-07-22,0.83,37.153,1
2005-07-23,0.86,21.528,1
2005-07-24,0.86,10.995,1
2005-07-25,0.86,8.218,1
2005-07-26,0.85,7.87,1
2005-07-27,0.85,7.407,1
2005-07-28,0.83,7.06,1
2005-07-29,0.85,6.944,1
2005-07-30,0.83,6.944,1
2005-07-31,0.85,6.944,1
2005-08-01,0.79,6.944,1
2005-08-02,0.81,6.944,1
2005-08-03,0.8,6.944,1
2005-08-04,0.78,6.944,1
2005-08-05,0.78,6.944,1
2005-08-06,0.76,6.944,1
2005-08-07,0.8,6.944,1
2005-08-08,0.8,6.944,1
2005-08-09,0.78,6.944,1
2005-08-10,0.8,6.944,1
2005-08-11,0.79,6.944,1
2005-08-12,0.79,6.944,1
2005-08-13,0.8,6.944,1
2005-08-14,0.8,6.944,1
2005-08-15,0.8,6.944,1
2005-08-16,0.78,6.944,1
2005-08-17,0.78,6.944,1
2005-08-18,0.79,6.944,1
2005-08-19,0.8,6.944,1
2005-08-20,0.79,6.944,1
2005-08-21,0.79,6.944,1
2005-08-22,0.8,6.944,1
2005-08-23,0.79,5.208,1
2005-08-24,0.79,6.944,1
2005-08-25,0.8,6.944,1
2005-08-26,0.78,6.944,1
2005-08-27,0.76,6.944,1
2005-08-28,0.79,6.829,1
2005-08-29,0.8,6.713,1
2005-08-30,0.8,6.713,1
2005-08-31,0.8,5.208,1
2005-09-01,0.8,3.356,1
2005-09-02,0.83,6.713,1
2005-09-03,0.85,28.356,1
2005-09-04,0.85,17.13,1
2005-09-05,0.85,30.556,1
2005-09-06,0.84,30.787,1
2005-09-07,0.85,22.454,1
2005-09-08,0.85,27.546,1
2005-09-09,0.85,26.157,1
2005-09-10,0.82,5.671,1
2005-09-11,0.78,4.514,1
2005-09-12,0.84,5.671,1
2005-09-13,0.81,4.398,1
2005-09-14,0.76,4.051,1
2005-09-15,0.85,17.13,1
2005-09-16,0.79,18.981,1
2005-09-17,0.81,14.699,1
2005-09-18,0.85,9.375,1
2005-09-19,0.83,21.065,1
2005-09-20,0.8,18.403,1
2005-09-21,0.81,19.676,1
2005-09-22,0.83,17.824,1
2005-09-23,0.85,19.792,1
2005-09-24,0.82,33.333,1
2005-09-25,0.84,31.366,1
2005-09-26,0.84,30.324,1
2005-09-27,0.84,31.944,1
2005-09-28,0.84,31.481,1
2005-09-29,0.85,28.356,1
2005-09-30,0.84,32.06,1
2005-10-01,0.84,25.0,1
2005-10-02,0.82,10.417,1
2005-10-03,0.8,31.366,1
2005-10-04,0.79,24.653,1
2005-10-05,0.8,23.032,1
2005-10-06,0.75,22.338,1
2005-10-07,0.81,34.144,1
2005-10-08,0.81,15.509,1
2005-10-09,0.83,17.708,1
2005-10-10,0.78,21.065,1
2005-10-11,0.81,20.949,1
2005-10-12,0.82,6.019,1
2005-10-13,0.84,23.495,1
2005-10-14,0.75,25.81,1
2005-10-15,0.84,13.889,1
2005-10-16,0.85,5.093,1
2005-10-17,0.83,29.977,1
2005-10-18,0.8,28.704,1
2005-10-19,0.84,28.356,1
2005-10-20,0.71,17.014,1
2005-10-21,0.79,17.708,1
2005-10-22,0.84,13.657,1
2005-10-23,0.83,7.292,1
2005-10-24,0.8,25.579,1
2005-10-25,0.78,24.884,1
2005-10-26,0.78,18.634,1
2005-10-27,0.81,9.144,1
2005-10-28,0.82,10.301,1
2005-10-29,0.75,4.051,1
2005-10-30,0.76,0.0,1
2005-10-31,0.76,0.0,1
2005-11-01,0.76,0.116,1
2005-11-02,0.8,25.579,1
2005-11-03,0.77,14.468,1
2005-11-04,0.8,14.236,1
2005-11-05,0.81,12.616,1
2005-11-06,0.78,1.62,1
2005-11-07,0.78,27.546,1
2005-11-08,0.81,27.199,1
2005-11-09,0.77,29.861,1
2005-11-10,0.79,30.324,1
2005-11-11,0.79,29.051,1
2005-11-12,0.83,10.88,1
2005-11-13,0.8,3.588,1
2005-11-14,0.79,19.444,1
2005-11-15,0.8,15.509,1
2005-11-16,0.79,9.838,1
2005-11-17,0.69,11.111,1
2005-11-18,0.78,11.227,1
2005-11-19,0.78,10.88,1
2005-11-20,0.84,5.787,1
2005-11-21,0.74,8.796,1
2005-11-22,0.8,18.287,1
2005-11-23,0.79,14.236,1
2005-11-24,0.78,15.972,1
2005-11-25,0.74,16.898,1
2005-11-26,0.84,13.194,1
2005-11-27,0.72,6.829,1
2005-11-28,0.84,26.968,1
2005-11-29,0.76,5.903,1
2005-11-30,0.74,20.602,1
2005-12-01,0.8,7.407,1
2005-12-02,0.71,12.731,1
2005-12-03,0.69,1.62,1
2005-12-04,0.78,0.116,1
2005-12-05,0.77,0.116,1
2005-12-06,0.76,0.116,1
2005-12-07,0.82,10.995,1
2005-12-08,0.74,8.565,1
2005-12-09,0.8,3.241,1
2005-12-10,0.81,5.324,1
2005-12-11,0.84,0.116,1
2005-12-12,0.72,8.565,1
2005-12-13,0.75,8.565,1
2005-12-14,0.78,0.116,1
2005-12-15,0.7,3.588,1
2005-12-16,0.79,2.083,1
2005-12-17,0.81,2.315,1
2005-12-18,0.81,1.62,1
2005-12-19,0.73,2.199,1
2005-12-20,0.78,9.259,1
2005-12-21,0.79,1.273,1
2005-12-22,0.75,6.366,1
2005-12-23,0.77,4.745,1
2005-12-24,0.67,5.556,1
2005-12-25,0.66,0.116,1
2005-12-26,0.75,0.116,1
2005-12-27,0.74,0.116,1
2005-12-28,0.75,0.116,1
2005-12-29,0.75,0.116,1
2005-12-30,0.74,0.116,1
2005-12-31,0.73,0.116,1
2006-01-01,0.72,0.116,1
2006-01-02,0.71,0.116,1
2006-01-03,0.83,0.116,1
2006-01-04,0.81,0.116,1
2006-01-05,0.79,0.116,1
2006-01-06,0.79,0.116,1
2006-01-07,0.78,0.116,1
2006-01-08,0.77,0.116,1
2006-01-09,0.76,0.116,1
2006-01-10,0.75,0.116,1
2006-01-11,0.8,0.116,1
2006-01-12,0.78,0.116,1
2006-01-13,0.8,0.116,1
2006-01-14,0.8,0.116,1
2006-01-15,0.79,0.116,1
2006-01-16,0.8,0.116,1
2006-01-17,0.79,0.116,1
2006-01-18,0.78,0.116,1
2006-01-19,0.77,0.116,1
2006-01-20,0.76,0.116,1
2006-01-21,0.75,0.116,1
2006-01-22,0.74,0.116,1
2006-01-23,0.84,0.116,1
2006-01-24,0.85,0.116,1
2006-01-25,0.84,0.231,1
2006-01-26,0.83,0.116,1
2006-01-27,0.82,0.116,1
2006-01-28,0.81,0.116,1
2006-01-29,0.8,0.116,1
2006-01-30,0.79,0.116,1
2006-01-31,0.8,0.116,1
2006-02-01,0.79,0.116,1
2006-02-02,0.78,0.116,1
2006-02-03,0.77,0.116,1
2006-02-04,0.76,0.116,1
2006-02-05,0.75,0.116,1
2006-02-06,0.74,0.116,1
2006-02-07,0.74,0.116,1
2006-02-08,0.73,0.116,1
2006-02-09,0.74,0.116,1
2006-02-10,0.7,0.463,1
2006-02-11,0.69,0.116,1
2006-02-12,0.68,0.116,1
2006-02-13,0.67,0.116,1
2006-02-14,0.75,0.116,1
2006-02-15,0.74,0.116,1
2006-02-16,0.74,0.116,1
2006-02-17,0.76,0.116,1
2006-02-18,0.82,2.894,1
2006-02-19,0.77,1.736,1
2006-02-20,0.83,0.231,1
2006-02-21,0.76,3.356,1
2006-02-22,0.71,4.282,1
2006-02-23,0.76,0.116,1
2006-02-24,0.75,0.116,1
2006-02-25,0.74,0.116,1
2006-02-26,0.8,0.116,1
2006-02-27,0.78,0.116,1
2006-02-28,0.78,0.116,1
2006-03-01,0.77,0.116,1
2006-03-02,0.76,0.116,1
2006-03-03,0.77,0.116,1
2006-03-04,0.75,21.296,1
2006-03-05,0.78,27.083,1
2006-03-06,0.82,7.986,1
2006-03-07,0.71,2.894,1
2006-03-08,0.71,3.356,1
2006-03-09,0.83,4.282,1
2006-03-10,0.78,9.838,1
2006-03-11,0.78,3.935,1
2006-03-12,0.69,4.63,1
2006-03-13,0.8,2.083,1
2006-03-14,0.74,3.356,1
2006-03-15,0.75,2.083,1
2006-03-16,0.7,1.968,1
2006-03-17,0.79,0.116,1
2006-03-18,0.82,0.347,1
2006-03-19,0.83,1.505,1
2006-03-20,0.75,7.87,1
2006-03-21,0.7,15.394,1
2006-03-22,0.73,35.069,1
2006-03-23,0.84,51.968,1
2006-03-24,0.77,51.736,1
2006-03-25,0.84,51.157,1
2006-03-26,0.85,54.051,1
2006-03-27,0.82,62.616,1
2006-03-28,0.84,77.778,1
2006-03-29,0.84,81.25,1
2006-03-30,0.85,81.366,1
2006-03-31,0.82,81.25,1
2006-04-01,0.84,81.019,1
2006-04-02,0.84,81.25,1
2006-04-03,0.84,81.25,1
2006-04-04,0.85,75.116,1
2006-04-05,0.84,69.329,1
2006-04-06,0.84,69.213,1
2006-04-07,0.85,60.417,1
2006-04-08,0.84,54.398,1
2006-04-09,0.84,53.125,1
2006-04-10,0.84,54.282,1
2006-04-11,0.84,54.167,1
2006-04-12,0.74,40.278,1
2006-04-13,0.84,40.162,1
2006-04-14,0.79,41.204,1
2006-04-15,0.77,43.403,1
2006-04-16,0.78,41.667,1
2006-04-17,0.77,43.866,1
2006-04-18,0.78,41.667,1
2006-04-19,0.78,40.972,1
2006-04-20,0.76,40.509,1
2006-04-21,0.81,41.898,1
2006-04-22,0.67,1.62,1
2006-04-23,0.68,1.505,1
2006-04-24,0.75,45.602,1
2006-04-25,0.68,50.81,1
2006-04-26,0.69,51.968,1
2006-04-27,0.72,46.412,1
2006-04-28,0.74,51.852,1
2006-04-29,0.75,23.495,1
2006-04-30,0.84,7.639,1
2006-05-01,0.84,8.796,1
2006-05-02,0.78,20.023,1
2006-05-03,0.74,14.352,1
2006-05-04,0.73,29.398,1
2006-05-05,0.75,39.815,1
2006-05-06,0.77,17.014,1
2006-05-07,0.77,14.583,1
2006-05-08,0.74,41.551,1
2006-05-09,0.66,48.264,1
2006-05-10,0.74,48.264,1
2006-05-11,0.76,40.856,1
2006-05-12,0.8,40.625,1
2006-05-13,0.78,33.333,1
2006-05-14,0.6,4.051,1
2006-05-15,0.85,4.977,1
2006-05-16,0.71,26.273,1
2006-05-17,0.82,20.833,1
2006-05-18,0.77,6.366,1
2006-05-19,0.78,32.292,1
2006-05-20,0.81,6.134,1
2006-05-21,0.66,5.787,1
2006-05-22,0.77,36.806,1
2006-05-23,0.78,51.389,1
2006-05-24,0.8,52.315,1
2006-05-25,0.79,51.389,1
2006-05-26,0.81,50.926,1
2006-05-27,0.79,7.639,1
2006-05-28,0.81,6.829,1
2006-05-29,0.81,10.995,1
2006-05-30,0.81,14.815,1
2006-05-31,0.86,14.815,1
2006-06-01,0.82,14.005,1
2006-06-02,0.85,12.963,1
2006-06-03,0.81,11.458,1
2006-06-04,0.8,9.375,1
2006-06-05,0.83,12.5,1
2006-06-06,0.78,15.278,1
2006-06-07,0.83,16.782,1
2006-06-08,0.77,16.667,1
2006-06-09,0.82,17.245,1
2006-06-10,0.83,7.06,1
2006-06-11,0.83,8.565,1
2006-06-12,0.84,9.259,1
2006-06-13,0.84,12.963,1
2006-06-14,0.83,12.963,1
2006-06-15,0.85,14.005,1
2006-06-16,0.85,10.417,1
2006-06-17,0.82,12.384,1
2006-06-18,0.82,10.764,1
2006-06-19,0.8,10.764,1
2006-06-20,0.74,18.75,1
2006-06-21,0.81,22.569,1
2006-06-22,0.84,21.181,1
2006-06-23,0.81,12.616,1
2006-06-24,0.82,6.597,1
2006-06-25,0.84,7.986,1
2006-06-26,0.84,9.722,1
2006-06-27,0.84,30.208,1
2006-06-28,0.83,33.218,1
2006-06-29,0.83,27.431,1
2006-06-30,0.84,14.005,1
2006-07-01,0.81,9.375,1
2006-07-02,0.83,9.606,1
2006-07-03,0.86,12.269,1
2006-07-04,0.85,8.912,1
2006-07-05,0.85,10.995,1
2006-07-06,0.84,21.644,1
2006-07-07,0.84,23.495,1
2006-07-08,0.83,14.12,1
2006-07-09,0.82,9.838,1
2006-07-10,0.8,40.046,1
2006-07-11,0.83,44.213,1
2006-07-12,0.85,46.759,1
2006-07-13,0.85,43.403,1
2006-07-14,0.85,44.213,1
2006-07-15,0.73,19.444,1
2006-07-16,0.84,11.343,1
2006-07-17,0.82,43.634,1
2006-07-18,0.84,46.644,1
2006-07-19,0.85,40.046,1
2006-07-20,0.83,41.435,1
2006-07-21,0.84,46.065,1
2006-07-22,0.83,15.625,1
2006-07-23,0.85,9.954,1
2006-07-24,0.82,6.829,1
2006-07-25,0.79,6.366,1
2006-07-26,0.81,6.944,1
2006-07-27,0.82,6.944,1
2006-07-28,0.82,6.944,1
2006-07-29,0.82,6.944,1
2006-07-30,0.82,6.944,1
2006-07-31,0.75,6.944,1
2006-08-01,0.74,6.944,1
2006-08-02,0.77,6.944,1
2006-08-03,0.69,6.944,1
2006-08-04,0.73,6.944,1
2006-08-05,0.75,6.944,1
2006-08-06,0.77,6.944,1
2006-08-07,0.76,6.944,1
2006-08-08,0.75,6.944,1
2006-08-09,0.76,6.944,1
2006-08-10,0.77,6.944,1
2006-08-11,0.77,6.944,1
2006-08-12,0.79,6.944,1
2006-08-13,0.79,6.944,1
2006-08-14,0.76,6.944,1
2006-08-15,0.77,6.944,1
2006-08-16,0.77,6.829,1
2006-08-17,0.77,6.829,1
2006-08-18,0.76,6.481,1
2006-08-19,0.77,6.134,1
2006-08-20,0.77,6.019,1
2006-08-21,0.77,6.019,1
2006-08-22,0.76,6.019,1
2006-08-23,0.77,6.019,1
2006-08-24,0.77,6.019,1
2006-08-25,0.77,6.366,1
2006-08-26,0.76,6.481,1
2006-08-27,0.76,6.481,1
2006-08-28,0.77,6.481,1
2006-08-29,0.75,6.829,1
2006-08-30,0.77,6.944,1
2006-08-31,0.77,6.944,1
2006-09-01,0.77,6.944,1
2006-09-02,0.76,6.944,1
2006-09-03,0.77,6.944,1
2006-09-04,0.77,6.944,1
2006-09-05,0.76,6.944,1
2006-09-06,0.78,6.944,1
2006-09-07,0.8,6.944,1
2006-09-08,0.81,32.06,1
2006-09-09,0.84,30.556,1
2006-09-10,0.84,40.278,1
2006-09-11,0.83,38.889,1
2006-09-12,0.84,33.912,1
2006-09-13,0.83,20.486,1
2006-09-14,0.85,4.977,1
2006-09-15,0.83,13.31,1
2006-09-16,0.84,35.648,1
2006-09-17,0.85,37.616,1
2006-09-18,0.83,37.153,1
2006-09-19,0.77,42.477,1
2006-09-20,0.84,39.583,1
2006-09-21,0.84,34.375,1
2006-09-22,0.81,37.963,1
2006-09-23,0.73,1.389,1
2006-09-24,0.71,0.116,1
2006-09-25,0.72,1.042,1
2006-09-26,0.72,2.315,1
2006-09-27,0.72,1.968,1
2006-09-28,0.75,1.968,1
2006-09-29,0.8,24.537,1
2006-09-30,0.76,44.444,1
2006-10-01,0.82,35.532,1
2006-10-02,0.84,26.62,1
2006-10-03,0.79,31.597,1
2006-10-04,0.82,40.625,1
2006-10-05,0.85,43.981,1
2006-10-06,0.7,36.921,1
2006-10-07,0.81,42.824,1
2006-10-08,0.76,28.125,1
2006-10-09,0.72,37.384,1
2006-10-10,0.79,33.449,1
2006-10-11,0.78,38.426,1
2006-10-12,0.63,17.245,1
2006-10-13,0.7,33.102,1
2006-10-14,0.79,18.634,1
2006-10-15,0.75,18.519,1
2006-10-16,0.79,9.838,1
2006-10-17,0.73,15.741,1
2006-10-18,0.69,19.56,1
2006-10-19,0.8,26.389,1
2006-10-20,0.72,16.667,1
2006-10-21,0.72,7.523,1
2006-10-22,0.69,9.722,1
2006-10-23,0.72,39.236,1
2006-10-24,0.67,32.523,1
2006-10-25,0.66,31.597,1
2006-10-26,0.72,33.912,1
2006-10-27,0.65,26.736,1
2006-10-28,0.76,36.111,1
2006-10-29,0.68,31.25,1
2006-10-30,0.69,32.06,1
2006-10-31,0.74,35.648,1
2006-11-01,0.65,28.472,1
2006-11-02,0.85,42.014,1
2006-11-03,0.85,42.245,1
2006-11-04,0.85,39.236,1
2006-11-05,0.85,41.204,1
2006-11-06,0.85,38.773,1
2006-11-07,0.85,38.773,1
2006-11-08,0.85,47.917,1
2006-11-09,0.82,48.032,1
2006-11-10,0.84,48.38,1
2006-11-11,0.82,47.338,1
2006-11-12,0.76,41.319,1
2006-11-13,0.7,45.023,1
2006-11-14,0.7,35.532,1
2006-11-15,0.83,47.454,1
2006-11-16,0.84,46.759,1
2006-11-17,0.82,45.486,1
2006-11-18,0.77,37.847,1
2006-11-19,0.77,16.898,1
2006-11-20,0.74,13.889,1
2006-11-21,0.76,31.944,1
2006-11-22,0.72,10.185,1
2006-11-23,0.85,34.144,1
2006-11-24,0.85,48.264,1
2006-11-25,0.83,46.991,1
2006-11-26,0.84,46.991,1
2006-11-27,0.84,46.875,1
2006-11-28,0.83,46.644,1
2006-11-29,0.83,46.759,1
2006-11-30,0.84,47.569,1
2006-12-01,0.84,49.653,1
2006-12-02,0.84,50.463,1
2006-12-03,0.85,50.579,1
2006-12-04,0.84,50.463,1
2006-12-05,0.83,50.347,1
2006-12-06,0.84,50.347,1
2006-12-07,0.84,50.463,1
2006-12-08,0.84,50.463,1
2006-12-09,0.84,50.579,1
2006-12-10,0.85,50.463,1
2006-12-11,0.84,50.579,1
2006-12-12,0.85,50.579,1
2006-12-13,0.84,50.694,1
2006-12-14,0.85,50.694,1
2006-12-15,0.79,48.958,1
2006-12-16,0.84,51.736,1
2006-12-17,0.85,51.736,1
2006-12-18,0.66,51.736,1
2006-12-19,0.68,10.995,1
2006-12-20,0.84,53.935,1
2006-12-21,0.84,54.051,1
2006-12-22,0.83,51.736,1
2006-12-23,0.85,53.935,1
2006-12-24,0.84,53.935,1
2006-12-25,0.84,53.472,1
2006-12-26,0.82,53.588,1
2006-12-27,0.81,51.157,1
2006-12-28,0.83,51.968,1
2006-12-29,0.83,51.852,1
2006-12-30,0.82,51.505,1
2006-12-31,0.84,52.315,1
2007-01-01,0.82,52.199,1
2007-01-02,0.81,51.736,1
2007-01-03,0.83,52.083,1
2007-01-04,0.82,51.968,1
2007-01-05,0.81,51.736,1
2007-01-06,0.83,51.736,1
2007-01-07,0.83,51.968,1
2007-01-08,0.81,51.505,1
2007-01-09,0.84,51.505,1
2007-01-10,0.82,52.315,1
2007-01-11,0.77,50.463,1
2007-01-12,0.77,49.653,1
2007-01-13,0.79,49.537,1
2007-01-14,0.75,49.884,1
2007-01-15,0.77,49.306,1
2007-01-16,0.77,49.537,1
2007-01-17,0.84,49.074,1
2007-01-18,0.85,52.894,1
2007-01-19,0.85,52.778,1
2007-01-20,0.84,52.778,1
2007-01-21,0.84,52.778,1
2007-01-22,0.84,52.662,1
2007-01-23,0.85,52.662,1
2007-01-24,0.85,52.546,1
2007-01-25,0.85,52.778,1
2007-01-26,0.8,50.579,1
2007-01-27,0.76,15.162,1
2007-01-28,0.75,23.495,1
2007-01-29,0.73,37.616,1
2007-01-30,0.78,38.657,1
2007-01-31,0.76,41.319,1
2007-02-01,0.75,42.94,1
2007-02-02,0.8,39.468,1
2007-02-03,0.81,12.963,1
2007-02-04,0.82,12.616,1
2007-02-05,0.79,35.069,1
2007-02-06,0.65,30.556,1
2007-02-07,0.67,29.977,1
2007-02-08,0.58,19.213,1
2007-02-09,0.71,17.94,1
2007-02-10,0.73,3.704,1
2007-02-11,0.83,4.745,1
2007-02-12,0.68,19.444,1
2007-02-13,0.71,28.704,1
2007-02-14,0.81,22.917,1
2007-02-15,0.65,23.264,1
2007-02-16,0.63,21.528,1
2007-02-17,0.63,21.412,1
2007-02-18,0.74,25.463,1
2007-02-19,0.61,25.81,1
2007-02-20,0.69,22.917,1
2007-02-21,0.78,48.843,1
2007-02-22,0.77,47.685,1
2007-02-23,0.84,39.815,1
2007-02-24,0.84,50.579,1
2007-02-25,0.85,53.588,1
2007-02-26,0.85,53.356,1
2007-02-27,0.84,53.125,1
2007-02-28,0.84,53.704,1
2007-03-01,0.84,53.704,1
2007-03-02,0.84,53.704,1
2007-03-03,0.85,54.167,1
2007-03-04,0.84,54.282,1
2007-03-05,0.84,54.282,1
2007-03-06,0.85,54.282,1
2007-03-07,0.83,53.935,1
2007-03-08,0.84,54.051,1
2007-03-09,0.84,54.051,1
2007-03-10,0.84,53.935,1
2007-03-11,0.84,53.935,1
2007-03-12,0.84,53.935,1
2007-03-13,0.84,54.398,1
2007-03-14,0.84,54.514,1
2007-03-15,0.85,54.398,1
2007-03-16,0.84,54.398,1
2007-03-17,0.85,54.63,1
2007-03-18,0.85,54.398,1
2007-03-19,0.84,54.398,1
2007-03-20,0.85,54.167,1
2007-03-21,0.85,54.282,1
2007-03-22,0.84,54.282,1
2007-03-23,0.84,54.745,1
2007-03-24,0.84,54.861,1
2007-03-25,0.84,54.861,1
2007-03-26,0.84,54.745,1
2007-03-27,0.85,54.861,1
2007-03-28,0.76,50.81,1
2007-03-29,0.82,52.894,1
2007-03-30,0.76,51.505,1
2007-03-31,0.81,50.926,1
2007-04-01,0.81,49.421,1
2007-04-02,0.81,51.157,1
2007-04-03,0.81,52.778,1
2007-04-04,0.81,53.009,1
2007-04-05,0.81,52.894,1
2007-04-06,0.82,52.894,1
2007-04-07,0.76,50.231,1
2007-04-08,0.81,51.968,1
2007-04-09,0.77,50.926,1
2007-04-10,0.72,43.287,1
2007-04-11,0.78,39.699,1
2007-04-12,0.72,35.417,1
2007-04-13,0.81,26.389,1
2007-04-14,0.74,20.139,1
2007-04-15,0.77,18.866,1
2007-04-16,0.78,28.704,1
2007-04-17,0.85,30.093,1
2007-04-18,0.78,29.861,1
2007-04-19,0.74,34.954,1
2007-04-20,0.76,38.889,1
2007-04-21,0.66,28.819,1
2007-04-22,0.72,21.065,1
2007-04-23,0.81,36.458,1
2007-04-24,0.82,33.565,1
2007-04-25,0.81,26.273,1
2007-04-26,0.78,30.556,1
2007-04-27,0.74,34.491,1
2007-04-28,0.84,18.403,1
2007-04-29,0.82,18.981,1
2007-04-30,0.79,16.204,1
2007-05-01,0.62,5.208,1
2007-05-02,0.08,7.523,1
2007-05-03,0.08,0.0,1
2007-05-04,0.53,0.0,1
2007-05-05,0.82,12.616,1
2007-05-06,0.84,6.713,1
2007-05-07,0.79,4.051,1
2007-05-08,0.83,4.514,1
2007-05-09,0.81,4.745,1
2007-05-10,0.82,5.556,1
2007-05-11,0.83,6.019,1
2007-05-12,0.77,6.019,1
2007-05-13,0.79,5.903,1
2007-05-14,0.69,5.324,1
2007-05-15,0.78,4.977,1
2007-05-16,0.81,4.398,1
2007-05-17,0.75,5.324,1
2007-05-18,0.72,6.019,1
2007-05-19,0.77,6.019,1
2007-05-20,0.79,6.019,1
2007-05-21,0.79,5.787,1
2007-05-22,0.8,4.514,1
2007-05-23,0.78,28.241,1
2007-05-24,0.78,27.778,1
2007-05-25,0.75,31.829,1
2007-05-26,0.81,10.995,1
2007-05-27,0.77,10.185,1
2007-05-28,0.77,33.218,1
2007-05-29,0.81,29.282,1
2007-05-30,0.81,24.537,1
2007-05-31,0.81,25.116,1
2007-06-01,0.83,27.199,1
2007-06-02,0.82,6.134,1
2007-06-03,0.82,6.25,1
2007-06-04,0.82,18.403,1
2007-06-05,0.81,21.759,1
2007-06-06,0.85,19.56,1
2007-06-07,0.83,18.171,1
2007-06-08,0.81,12.384,1
2007-06-09,0.83,16.667,1
2007-06-10,0.82,6.829,1
2007-06-11,0.81,22.106,1
2007-06-12,0.77,18.866,1
2007-06-13,0.81,20.255,1
2007-06-14,0.8,10.648,1
2007-06-15,0.82,27.778,1
2007-06-16,0.84,21.181,1
2007-06-17,0.84,9.144,1
2007-06-18,0.8,33.565,1
2007-06-19,0.81,29.167,1
2007-06-20,0.79,38.657,1
2007-06-21,0.8,32.639,1
2007-06-22,0.82,35.764,1
2007-06-23,0.78,35.88,1
2007-06-24,0.82,19.097,1
2007-06-25,0.75,37.847,1
2007-06-26,0.77,38.657,1
2007-06-27,0.86,39.468,1
2007-06-28,0.8,31.481,1
2007-06-29,0.83,41.204,1
2007-06-30,0.82,36.574,1
2007-07-01,0.8,22.338,1
2007-07-02,0.85,42.245,1
2007-07-03,0.84,41.782,1
2007-07-04,0.75,44.329,1
2007-07-05,0.82,40.625,1
2007-07-06,0.81,43.866,1
2007-07-07,0.82,30.208,1
2007-07-08,0.83,24.19,1
2007-07-09,0.82,42.94,1
2007-07-10,0.81,40.509,1
2007-07-11,0.8,42.477,1
2007-07-12,0.79,43.634,1
2007-07-13,0.79,42.245,1
2007-07-14,0.8,26.62,1
2007-07-15,0.83,20.602,1
2007-07-16,0.83,43.171,1
2007-07-17,0.85,39.699,1
2007-07-18,0.85,41.435,1
2007-07-19,0.85,44.213,1
2007-07-20,0.82,40.394,1
2007-07-21,0.79,20.949,1
2007-07-22,0.84,8.912,1
2007-07-23,0.79,7.06,1
2007-07-24,0.85,7.986,1
2007-07-25,0.83,6.944,1
2007-07-26,0.82,6.944,1
2007-07-27,0.84,6.944,1
2007-07-28,0.83,6.944,1
2007-07-29,0.84,6.944,1
2007-07-30,0.82,6.944,1
2007-07-31,0.79,6.944,1
2007-08-01,0.78,6.944,1
2007-08-02,0.77,6.944,1
2007-08-03,0.78,6.944,1
2007-08-04,0.8,6.944,1
2007-08-05,0.79,6.944,1
2007-08-06,0.79,6.944,1
2007-08-07,0.79,6.944,1
2007-08-08,0.79,6.944,1
2007-08-09,0.8,6.944,1
2007-08-10,0.8,6.944,1
2007-08-11,0.79,6.944,1
2007-08-12,0.79,6.944,1
2007-08-13,0.8,6.944,1
2007-08-14,0.79,6.944,1
2007-08-15,0.8,6.944,1
2007-08-16,0.8,6.944,1
2007-08-17,0.79,6.944,1
2007-08-18,0.77,6.944,1
2007-08-19,0.79,6.944,1
2007-08-20,0.79,6.944,1
2007-08-21,0.81,6.944,1
2007-08-22,0.81,6.944,1
2007-08-23,0.77,6.944,1
2007-08-24,0.79,6.944,1
2007-08-25,0.79,6.944,1
2007-08-26,0.79,6.713,1
2007-08-27,0.77,6.481,1
2007-08-28,0.78,6.713,1
2007-08-29,0.79,6.481,1
2007-08-30,0.79,6.481,1
2007-08-31,0.79,6.713,1
2007-09-01,0.77,6.481,1
2007-09-02,0.79,6.481,1
2007-09-03,0.77,6.481,1
2007-09-04,0.78,6.481,1
2007-09-05,0.79,6.481,1
2007-09-06,0.79,6.481,1
2007-09-07,0.8,6.481,1
2007-09-08,0.79,6.481,1
2007-09-09,0.79,6.481,1
2007-09-10,0.8,6.019,1
2007-09-11,0.76,5.671,1
2007-09-12,0.79,5.556,1
2007-09-13,0.77,5.44,1
2007-09-14,0.75,5.44,1
2007-09-15,0.79,5.44,1
2007-09-16,0.79,5.44,1
2007-09-17,0.81,4.745,1
2007-09-18,0.77,4.63,1
2007-09-19,0.8,4.051,1
2007-09-20,0.81,4.051,1
2007-09-21,0.8,4.051,1
2007-09-22,0.78,4.051,1
2007-09-23,0.78,4.051,1
2007-09-24,0.81,32.755,1
2007-09-25,0.82,31.134,1
2007-09-26,0.85,29.514,1
2007-09-27,0.84,30.671,1
2007-09-28,0.85,28.588,1
2007-09-29,0.77,4.051,1
2007-09-30,0.79,4.051,1
2007-10-01,0.84,15.046,1
2007-10-02,0.8,26.389,1
2007-10-03,0.8,27.662,1
2007-10-04,0.85,33.218,1
2007-10-05,0.79,30.671,1
2007-10-06,0.84,15.972,1
2007-10-07,0.82,6.713,1
2007-10-08,0.82,36.921,1
2007-10-09,0.79,31.25,1
2007-10-10,0.84,18.866,1
2007-10-11,0.8,33.565,1
2007-10-12,0.81,23.264,1
2007-10-13,0.83,6.134,1
2007-10-14,0.78,7.986,1
2007-10-15,0.76,31.713,1
2007-10-16,0.79,30.324,1
2007-10-17,0.8,32.407,1
2007-10-18,0.76,30.208,1
2007-10-19,0.75,29.282,1
2007-10-20,0.81,7.755,1
2007-10-21,0.8,4.63,1
2007-10-22,0.75,25.463,1
2007-10-23,0.8,29.051,1
2007-10-24,0.78,25.926,1
2007-10-25,0.74,29.514,1
2007-10-26,0.69,26.852,1
2007-10-27,0.78,3.588,1
2007-10-28,0.78,3.125,1
2007-10-29,0.78,28.356,1
2007-10-30,0.85,15.162,1
2007-10-31,0.86,4.63,1
2007-11-01,0.82,3.588,1
2007-11-02,0.78,3.472,1
2007-11-03,0.83,1.042,1
2007-11-04,0.83,1.157,1
2007-11-05,0.79,4.861,1
2007-11-06,0.8,2.431,1
2007-11-07,0.79,7.755,1
2007-11-08,0.78,4.861,1
2007-11-09,0.79,30.787,1
2007-11-10,0.82,15.394,1
2007-11-11,0.83,7.176,1
2007-11-12,0.82,0.463,1
2007-11-13,0.81,0.463,1
2007-11-14,0.77,28.819,1
2007-11-15,0.76,29.167,1
2007-11-16,0.8,33.565,1
2007-11-17,0.84,26.157,1
2007-11-18,0.785,0.463,1
2007-11-19,0.79,29.167,1
2007-11-20,0.72,15.856,1
2007-11-21,0.76,10.185,1
2007-11-22,0.8,6.25,1
2007-11-23,0.78,13.657,1
2007-11-24,0.8,2.083,1
2007-11-25,0.81,3.472,1
2007-11-26,0.82,3.472,1
2007-11-27,0.78,4.282,1
2007-11-28,0.79,2.546,1
2007-11-29,0.81,2.546,1
2007-11-30,0.81,2.546,1
2007-12-01,0.79,1.968,1
2007-12-02,0.8,2.199,1
2007-12-03,0.8,0.926,1
2007-12-04,0.81,1.042,1
2007-12-05,0.81,1.968,1
2007-12-06,0.79,1.852,1
2007-12-07,0.75,1.736,1
2007-12-08,0.81,1.505,1
2007-12-09,0.81,0.116,1
2007-12-10,0.8,2.199,1
2007-12-11,0.81,0.116,1
2007-12-12,0.8,1.852,1
2007-12-13,0.79,3.819,1
2007-12-14,0.81,1.042,1
2007-12-15,0.77,0.81,1
2007-12-16,0.8,1.157,1
2007-12-17,0.78,9.028,1
2007-12-18,0.81,5.093,1
2007-12-19,0.81,3.472,1
2007-12-20,0.81,3.704,1
2007-12-21,0.81,1.852,1
2007-12-22,0.81,2.894,1
2007-12-23,0.8,1.736,1
2007-12-24,0.79,3.125,1
2007-12-25,0.82,1.852,1
2007-12-26,0.795,0.116,1
2007-12-27,0.79,0.116,1
2007-12-28,0.8,1.968,1
2007-12-29,0.81,3.704,1
2007-12-30,0.81,1.736,1
2007-12-31,0.82,3.935,1
2008-01-01,0.83,1.62,1
2008-01-02,0.79,0.81,1
2008-01-03,0.8,2.315,1
2008-01-04,0.8,1.968,1
2008-01-05,0.79,0.116,1
2008-01-06,0.77,4.282,1
2008-01-07,0.78,3.819,1
2008-01-08,0.81,1.389,1
2008-01-09,0.82,5.324,1
2008-01-10,0.8,2.894,1
2008-01-11,0.775,0.116,1
2008-01-12,0.8,0.116,1
2008-01-13,0.8,0.116,1
2008-01-14,0.81,0.116,1
2008-01-15,0.72,5.556,1
2008-01-16,0.8,4.63,1
2008-01-17,0.83,0.116,1
2008-01-18,0.81,1.157,1
2008-01-19,0.785,0.116,1
2008-01-20,0.79,0.116,1
2008-01-21,0.89,0.116,1
2008-01-22,0.8,2.083,1
2008-01-23,0.8,4.051,1
2008-01-24,0.81,6.713,1
2008-01-25,0.05,9.375,1
2008-01-26,0.8,2.778,1
2008-01-27,0.73,3.356,1
2008-01-28,0.78,2.662,1
2008-01-29,0.81,0.694,1
2008-01-30,0.8,3.125,1
2008-01-31,0.78,0.116,1
2008-02-01,0.76,2.662,1
2008-02-02,0.74,3.356,1
2008-02-03,0.76,2.662,1
2008-02-04,0.78,2.894,1
2008-02-05,0.82,0.116,1
2008-02-06,0.795,0.116,1
2008-02-07,0.865,0.116,1
2008-02-08,0.855,0.116,1
2008-02-09,0.845,0.116,1
2008-02-10,0.65,2.662,1
2008-02-11,0.8,1.157,1
2008-02-12,0.73,1.62,1
2008-02-13,0.81,1.273,1
2008-02-14,0.785,0.116,1
2008-02-15,0.81,0.926,1
2008-02-16,0.79,2.199,1
2008-02-17,0.8,2.315,1
2008-02-18,0.83,0.579,1
2008-02-19,0.78,1.736,1
2008-02-20,0.755,0.116,1
2008-02-21,0.76,1.157,1
2008-02-22,0.75,2.778,1
2008-02-23,0.8,1.042,1
2008-02-24,0.8,1.273,1
2008-02-25,0.79,1.157,1
2008-02-26,0.83,1.968,1
2008-02-27,0.83,0.116,1
2008-02-28,0.79,4.398,1
2008-02-29,0.78,0.116,1
2008-03-01,0.79,0.116,1
2008-03-02,0.765,0.116,1
2008-03-03,0.76,0.116,1
2008-03-04,0.76,0.116,1
2008-03-05,0.77,0.116,1
2008-03-06,0.75,0.347,1
2008-03-07,0.675,0.694,1
2008-03-08,0.69,0.694,1
2008-03-09,0.78,0.694,1
2008-03-10,0.725,0.463,1
2008-03-11,0.71,0.0,1
2008-03-12,0.81,0.0,1
2008-03-13,0.79,0.579,1
2008-03-14,0.78,0.694,1
2008-03-15,0.78,0.694,1
2008-03-16,0.77,0.694,1
2008-03-17,0.75,0.694,1
2008-03-18,0.7,0.694,1
2008-03-19,0.71,0.694,1
2008-03-20,0.69,0.694,1
2008-03-21,0.73,0.694,1
2008-03-22,0.77,0.694,1
2008-03-23,0.76,0.694,1
2008-03-24,0.73,0.694,1
2008-03-25,0.72,0.694,1
2008-03-26,0.7,0.694,1
2008-03-27,0.73,0.694,1
2008-03-28,0.75,0.694,1
2008-03-29,0.75,0.694,1
2008-03-30,0.72,0.694,1
2008-03-31,0.69,0.694,1
2008-04-01,0.7,0.694,1
2008-04-02,0.7,0.694,1
2008-04-03,0.73,1.042,1
2008-04-04,0.8,1.042,1
2008-04-05,0.74,1.042,1
2008-04-06,0.72,1.042,1
2008-04-07,0.69,1.042,1
2008-04-08,0.67,0.463,1
2008-04-09,0.73,0.0,1
2008-04-10,0.75,0.231,1
2008-04-11,0.75,1.042,1
2008-04-12,0.72,1.042,1
2008-04-13,0.63,1.042,1
2008-04-14,0.65,1.042,1
2008-04-15,0.66,1.042,1
2008-04-16,0.68,1.042,1
2008-04-17,0.67,1.042,1
2008-04-18,0.82,1.505,1
2008-04-19,0.83,1.042,1
2008-04-20,0.83,1.042,1
2008-04-21,0.8,1.736,1
2008-04-22,0.68,1.505,1
2008-04-23,0.67,15.394,1
2008-04-24,0.72,14.352,1
2008-04-25,0.71,2.894,1
2008-04-26,0.75,1.505,1
2008-04-27,0.71,1.505,1
2008-04-28,0.66,1.505,1
2008-04-29,0.61,1.505,1
2008-04-30,0.63,1.505,1
2008-05-01,0.75,9.838,1
2008-05-02,0.83,39.12,1
2008-05-03,0.79,28.588,1
2008-05-04,0.78,14.699,1
2008-05-05,0.77,27.199,1
2008-05-06,0.84,40.394,1
2008-05-07,0.82,44.444,1
2008-05-08,0.78,39.699,1
2008-05-09,0.77,41.319,1
2008-05-10,0.7,33.912,1
2008-05-11,0.75,11.921,1
2008-05-12,0.75,27.199,1
2008-05-13,0.79,27.083,1
2008-05-14,0.83,32.292,1
2008-05-15,0.79,33.681,1
2008-05-16,0.71,34.144,1
2008-05-17,0.8,24.769,1
2008-05-18,0.71,10.995,1
2008-05-19,0.75,27.894,1
2008-05-20,0.79,36.921,1
2008-05-21,0.73,37.5,1
2008-05-22,0.72,33.796,1
2008-05-23,0.78,35.764,1
2008-05-24,0.78,14.931,1
2008-05-25,0.77,8.102,1
2008-05-26,0.73,29.398,1
2008-05-27,0.78,17.245,1
2008-05-28,0.76,23.032,1
2008-05-29,0.81,33.681,1
2008-05-30,0.78,28.704,1
2008-05-31,0.79,14.931,1
2008-06-01,0.83,45.255,1
2008-06-02,0.85,54.745,1
2008-06-03,0.84,54.861,1
2008-06-04,0.81,54.745,1
2008-06-05,0.83,54.63,1
2008-06-06,0.81,52.199,1
2008-06-07,0.75,42.824,1
2008-06-08,0.78,42.477,1
2008-06-09,0.76,15.162,1
2008-06-10,0.77,32.639,1
2008-06-11,0.79,37.731,1
2008-06-12,0.85,42.014,1
2008-06-13,0.85,43.981,1
2008-06-14,0.85,33.218,1
2008-06-15,0.83,20.602,1
2008-06-16,0.84,43.75,1
2008-06-17,0.86,44.676,1
2008-06-18,0.78,37.963,1
2008-06-19,0.82,40.625,1
2008-06-20,0.82,38.657,1
2008-06-21,0.81,14.699,1
2008-06-22,0.81,13.542,1
2008-06-23,0.82,41.667,1
2008-06-24,0.84,23.495,1
2008-06-25,0.82,22.106,1
2008-06-26,0.81,26.157,1
2008-06-27,0.84,25.694,1
2008-06-28,0.8,12.963,1
2008-06-29,0.83,8.333,1
2008-06-30,0.81,25.579,1
2008-07-01,0.78,25.694,1
2008-07-02,0.8,27.778,1
2008-07-03,0.81,29.051,1
2008-07-04,0.8,28.356,1
2008-07-05,0.78,12.5,1
2008-07-06,0.82,14.583,1
2008-07-07,0.82,10.417,1
2008-07-08,0.82,9.838,1
2008-07-09,0.82,11.227,1
2008-07-10,0.79,9.375,1
2008-07-11,0.82,30.787,1
2008-07-12,0.81,19.444,1
2008-07-13,0.81,12.963,1
2008-07-14,0.81,31.597,1
2008-07-15,0.84,34.838,1
2008-07-16,0.84,21.875,1
2008-07-17,0.85,31.597,1
2008-07-18,0.8,27.199,1
2008-07-19,0.83,11.69,1
2008-07-20,0.8,6.944,1
2008-07-21,0.82,6.944,1
2008-07-22,0.82,6.944,1
2008-07-23,0.81,6.944,1
2008-07-24,0.83,6.944,1
2008-07-25,0.82,6.944,1
2008-07-26,0.82,6.944,1
2008-07-27,0.79,6.944,1
2008-07-28,0.79,6.944,1
2008-07-29,0.78,6.944,1
2008-07-30,0.79,6.944,1
2008-07-31,0.79,6.944,1
2008-08-01,0.79,6.944,1
2008-08-02,0.79,6.829,1
2008-08-03,0.79,6.944,1
2008-08-04,0.79,6.944,1
2008-08-05,0.8,6.944,1
2008-08-06,0.79,6.944,1
2008-08-07,0.8,6.944,1
2008-08-08,0.79,6.944,1
2008-08-09,0.78,6.944,1
2008-08-10,0.8,6.944,1
2008-08-11,0.8,6.944,1
2008-08-12,0.81,6.944,1
2008-08-13,0.8,6.944,1
2008-08-14,0.79,6.944,1
2008-08-15,0.8,6.944,1
2008-08-16,0.79,6.829,1
2008-08-17,0.8,6.481,1
2008-08-18,0.8,6.481,1
2008-08-19,0.8,6.481,1
2008-08-20,0.8,6.481,1
2008-08-21,0.79,6.481,1
2008-08-22,0.79,6.481,1
2008-08-23,0.8,6.481,1
2008-08-24,0.8,6.481,1
2008-08-25,0.78,6.481,1
2008-08-26,0.79,6.481,1
2008-08-27,0.79,6.481,1
2008-08-28,0.8,6.481,1
2008-08-29,0.81,6.134,1
2008-08-30,0.8,5.787,1
2008-08-31,0.76,5.556,1
2008-09-01,0.81,40.509,1
2008-09-02,0.82,40.972,1
2008-09-03,0.84,40.278,1
2008-09-04,0.74,39.583,1
2008-09-05,0.81,21.181,1
2008-09-06,0.83,18.056,1
2008-09-07,0.79,26.505,1
2008-09-08,0.81,38.31,1
2008-09-09,0.8,42.13,1
2008-09-10,0.78,44.792,1
2008-09-11,0.82,41.204,1
2008-09-12,0.8,39.236,1
2008-09-13,0.74,12.153,1
2008-09-14,0.81,8.796,1
2008-09-15,0.77,37.616,1
2008-09-16,0.83,20.139,1
2008-09-17,0.79,38.31,1
2008-09-18,0.8,35.069,1
2008-09-19,0.82,39.931,1
2008-09-20,0.79,20.139,1
2008-09-21,0.83,16.898,1
2008-09-22,0.79,38.31,1
2008-09-23,0.8,36.921,1
2008-09-24,0.81,37.269,1
2008-09-25,0.78,37.269,1
2008-09-26,0.82,36.458,1
2008-09-27,0.82,26.736,1
2008-09-28,0.8,25.926,1
2008-09-29,0.76,36.343,1
2008-09-30,0.8,34.722,1
2008-10-01,0.78,32.639,1
2008-10-02,0.78,29.63,1
2008-10-03,0.79,34.259,1
2008-10-04,0.81,32.755,1
2008-10-05,0.83,4.514,1
2008-10-06,0.81,35.417,1
2008-10-07,0.85,39.699,1
2008-10-08,0.85,38.773,1
2008-10-09,0.84,39.815,1
2008-10-10,0.84,39.931,1
2008-10-11,0.81,9.838,1
2008-10-12,0.81,9.144,1
2008-10-13,0.79,11.458,1
2008-10-14,0.82,11.111,1
2008-10-15,0.8,15.972,1
2008-10-16,0.79,25.463,1
2008-10-17,0.84,16.667,1
2008-10-18,0.78,10.648,1
2008-10-19,0.81,13.542,1
2008-10-20,0.79,15.046,1
2008-10-21,0.71,10.417,1
2008-10-22,0.78,11.69,1
2008-10-23,0.8,7.176,1
2008-10-24,0.81,6.944,1
2008-10-25,0.81,2.894,1
2008-10-26,0.82,1.852,1
2008-10-27,0.77,3.935,1
2008-10-28,0.77,3.241,1
2008-10-29,0.81,4.051,1
2008-10-30,0.72,4.63,1
2008-10-31,0.7,3.009,1
2008-11-01,0.81,2.778,1
2008-11-02,0.8,4.514,1
2008-11-03,0.8,3.935,1
2008-11-04,0.76,3.009,1
2008-11-05,0.78,3.009,1
2008-11-06,0.79,6.829,1
2008-11-07,0.77,9.722,1
2008-11-08,0.83,1.736,1
2008-11-09,0.78,7.755,1
2008-11-10,0.78,9.144,1
2008-11-11,0.8,6.597,1
2008-11-12,0.8,12.269,1
2008-11-13,0.8,8.912,1
2008-11-14,0.77,10.648,1
2008-11-15,0.82,6.019,1
2008-11-16,0.83,7.292,1
2008-11-17,0.77,10.417,1
2008-11-18,0.72,12.384,1
2008-11-19,0.79,16.782,1
2008-11-20,0.78,6.134,1
2008-11-21,0.77,7.06,1
2008-11-22,0.76,7.639,1
2008-11-23,0.8,7.06,1
2008-11-24,0.79,9.606,1
2008-11-25,0.74,7.986,1
2008-11-26,0.69,8.912,1
2008-11-27,0.8,28.472,1
2008-11-28,0.68,23.264,1
2008-11-29,0.78,7.523,1
2008-11-30,0.68,3.125,1
2008-12-01,0.84,34.259,1
2008-12-02,0.84,37.384,1
2008-12-03,0.75,24.19,1
2008-12-04,0.78,16.667,1
2008-12-05,0.78,23.958,1
2008-12-06,0.71,0.116,1
2008-12-07,0.79,0.116,1
2008-12-08,0.8,1.62,1
2008-12-09,0.79,0.116,1
2008-12-10,0.77,7.986,1
2008-12-11,0.83,10.417,1
2008-12-12,0.85,13.773,1
2008-12-13,0.84,23.38,1
2008-12-14,0.8,15.509,1
2008-12-15,0.77,29.745,1
2008-12-16,0.76,33.102,1
2008-12-17,0.76,36.227,1
2008-12-18,0.74,37.5,1
2008-12-19,0.8,39.005,1
2008-12-20,0.78,33.681,1
2008-12-21,0.71,33.565,1
2008-12-22,0.75,30.671,1
2008-12-23,0.73,33.912,1
2008-12-24,0.76,30.324,1
2008-12-25,0.79,27.778,1
2008-12-26,0.8,23.843,1
2008-12-27,0.74,24.769,1
2008-12-28,0.65,15.625,1
2008-12-29,0.77,14.583,1
2008-12-30,0.75,15.509,1
2008-12-31,0.72,8.565,1
2009-01-01,0.69,2.546,1
2009-01-02,0.7,32.755,1
2009-01-03,0.84,35.648,1
2009-01-04,0.76,7.407,1
2009-01-05,0.84,35.764,1
2009-01-06,0.63,5.787,1
2009-01-07,0.82,2.546,1
2009-01-08,0.8,2.546,1
2009-01-09,0.76,2.546,1
2009-01-10,0.76,2.546,1
2009-01-11,0.75,2.546,1
2009-01-12,0.62,2.546,1
2009-01-13,0.76,2.546,1
2009-01-14,0.73,2.546,1
2009-01-15,0.78,2.546,1
2009-01-16,0.73,2.546,1
2009-01-17,0.76,2.546,1
2009-01-18,0.78,2.546,1
2009-01-19,0.84,24.306,1
2009-01-20,0.74,5.556,1
2009-01-21,0.78,7.292,1
2009-01-22,0.8,9.838,1
2009-01-23,0.65,43.287,1
2009-01-24,0.65,21.181,1
2009-01-25,0.77,25.463,1
2009-01-26,0.69,23.727,1
2009-01-27,0.69,19.56,1
2009-01-28,0.76,22.917,1
2009-01-29,0.77,25.926,1
2009-01-30,0.79,42.361,1
2009-01-31,0.77,40.972,1
2009-02-01,0.72,31.597,1
2009-02-02,0.57,30.556,1
2009-02-03,0.84,48.611,1
2009-02-04,0.76,42.708,1
2009-02-05,0.84,52.662,1
2009-02-06,0.85,53.009,1
2009-02-07,0.84,53.009,1
2009-02-08,0.84,53.125,1
2009-02-09,0.84,52.894,1
2009-02-10,0.84,52.546,1
2009-02-11,0.85,52.662,1
2009-02-12,0.84,52.894,1
2009-02-13,0.84,53.009,1
2009-02-14,0.84,53.356,1
2009-02-15,0.85,53.356,1
2009-02-16,0.85,53.125,1
2009-02-17,0.84,53.125,1
2009-02-18,0.85,53.009,1
2009-02-19,0.85,52.546,1
2009-02-20,0.85,32.639,1
2009-02-21,0.84,55.324,1
2009-02-22,0.84,55.44,1
2009-02-23,0.85,55.093,1
2009-02-24,0.84,54.745,1
2009-02-25,0.84,54.514,1
2009-02-26,0.84,54.282,1
2009-02-27,0.84,54.745,1
2009-02-28,0.8,45.139,1
2009-03-01,0.83,38.194,1
2009-03-02,0.84,55.556,1
2009-03-03,0.85,52.083,1
2009-03-04,0.85,55.324,1
2009-03-05,0.76,52.083,1
2009-03-06,0.72,53.356,1
2009-03-07,0.69,9.144,1
2009-03-08,0.81,15.625,1
2009-03-09,0.83,40.972,1
2009-03-10,0.85,55.556,1
2009-03-11,0.84,55.787,1
2009-03-12,0.85,55.787,1
2009-03-13,0.84,55.787,1
2009-03-14,0.84,56.597,1
2009-03-15,0.84,56.597,1
2009-03-16,0.84,56.134,1
2009-03-17,0.83,56.366,1
2009-03-18,0.84,56.481,1
2009-03-19,0.84,56.481,1
2009-03-20,0.84,55.556,1
2009-03-21,0.85,54.63,1
2009-03-22,0.85,56.25,1
2009-03-23,0.84,56.944,1
2009-03-24,0.84,57.755,1
2009-03-25,0.84,57.292,1
2009-03-26,0.84,57.87,1
2009-03-27,0.84,57.87,1
2009-03-28,0.84,58.333,1
2009-03-29,0.84,58.218,1
2009-03-30,0.84,57.986,1
2009-03-31,0.82,57.06,1
2009-04-01,0.84,57.87,1
2009-04-02,0.84,57.87,1
2009-04-03,0.83,57.523,1
2009-04-04,0.84,57.523,1
2009-04-05,0.85,57.986,1
2009-04-06,0.85,56.134,1
2009-04-07,0.85,57.176,1
2009-04-08,0.8,56.366,1
2009-04-09,0.81,56.019,1
2009-04-10,0.83,37.5,1
2009-04-11,0.76,37.384,1
2009-04-12,0.79,40.162,1
2009-04-13,0.75,41.204,1
2009-04-14,0.78,43.75,1
2009-04-15,0.77,42.824,1
2009-04-16,0.7,37.037,1
2009-04-17,0.73,26.736,1
2009-04-18,0.81,21.644,1
2009-04-19,0.83,11.921,1
2009-04-20,0.77,12.963,1
2009-04-21,0.81,12.963,1
2009-04-22,0.81,12.847,1
2009-04-23,0.76,9.954,1
2009-04-24,0.79,10.995,1
2009-04-25,0.81,8.565,1
2009-04-26,0.84,17.477,1
2009-04-27,0.8,22.569,1
2009-04-28,0.8,17.361,1
2009-04-29,0.82,20.486,1
2009-04-30,0.76,25.231,1
2009-05-01,0.8,14.352,1
2009-05-02,0.77,16.204,1
2009-05-03,0.83,14.931,1
2009-05-04,0.84,20.139,1
2009-05-05,0.84,24.19,1
2009-05-06,0.78,21.644,1
2009-05-07,0.81,17.13,1
2009-05-08,0.81,17.593,1
2009-05-09,0.8,18.056,1
2009-05-10,0.81,20.486,1
2009-05-11,0.84,18.75,1
2009-05-12,0.8,20.255,1
2009-05-13,0.85,13.194,1
2009-05-14,0.84,10.648,1
2009-05-15,0.85,7.986,1
2009-05-16,0.85,7.986,1
2009-05-17,0.81,8.912,1
2009-05-18,0.83,13.194,1
2009-05-19,0.78,11.111,1
2009-05-20,0.83,10.764,1
2009-05-21,0.84,8.912,1
2009-05-22,0.83,8.681,1
2009-05-23,0.84,8.796,1
2009-05-24,0.83,11.111,1
2009-05-25,0.84,8.796,1
2009-05-26,0.84,8.681,1
2009-05-27,0.81,8.333,1
2009-05-28,0.83,7.986,1
2009-05-29,0.83,8.102,1
2009-05-30,0.82,8.796,1
2009-05-31,0.85,8.796,1
2009-06-01,0.85,8.681,1
2009-06-02,0.84,10.532,1
2009-06-03,0.84,11.111,1
2009-06-04,0.82,12.384,1
2009-06-05,0.74,11.921,1
2009-06-06,0.84,7.755,1
2009-06-07,0.83,9.144,1
2009-06-08,0.79,7.523,1
2009-06-09,0.82,9.375,1
2009-06-10,0.81,10.185,1
2009-06-11,0.82,11.574,1
2009-06-12,0.8,10.417,1
2009-06-13,0.83,11.458,1
2009-06-14,0.83,9.028,1
2009-06-15,0.82,9.954,1
2009-06-16,0.82,8.796,1
2009-06-17,0.83,8.218,1
2009-06-18,0.8,8.449,1
2009-06-19,0.84,9.028,1
2009-06-20,0.84,9.028,1
2009-06-21,0.84,10.995,1
2009-06-22,0.81,9.144,1
2009-06-23,0.82,9.144,1
2009-06-24,0.79,8.449,1
2009-06-25,0.81,9.028,1
2009-06-26,0.83,9.606,1
2009-06-27,0.83,9.028,1
2009-06-28,0.82,9.606,1
2009-06-29,0.82,9.028,1
2009-06-30,0.84,9.028,1
2009-07-01,0.85,22.106,1
2009-07-02,0.82,32.986,1
2009-07-03,0.8,32.176,1
2009-07-04,0.81,22.454,1
2009-07-05,0.82,19.792,1
2009-07-06,0.84,10.301,1
2009-07-07,0.83,9.491,1
2009-07-08,0.83,9.954,1
2009-07-09,0.84,9.606,1
2009-07-10,0.84,9.954,1
2009-07-11,0.86,10.069,1
2009-07-12,0.81,9.838,1
2009-07-13,0.81,9.491,1
2009-07-14,0.78,9.491,1
2009-07-15,0.81,9.491,1
2009-07-16,0.8,9.491,1
2009-07-17,0.8,9.491,1
2009-07-18,0.81,9.491,1
2009-07-19,0.82,9.491,1
2009-07-20,0.82,13.426,1
2009-07-21,0.84,11.227,1
2009-07-22,0.83,12.384,1
2009-07-23,0.82,8.449,1
2009-07-24,0.81,8.449,1
2009-07-25,0.74,11.69,1
2009-07-26,0.84,7.639,1
2009-07-27,0.83,8.681,1
2009-07-28,0.82,9.144,1
2009-07-29,0.82,9.491,1
2009-07-30,0.82,9.491,1
2009-07-31,0.84,9.491,1
2009-08-01,0.83,8.796,1
2009-08-02,0.82,8.449,1
2009-08-03,0.79,8.218,1
2009-08-04,0.78,8.449,1
2009-08-05,0.76,8.565,1
2009-08-06,0.7,9.028,1
2009-08-07,0.74,9.028,1
2009-08-08,0.74,9.028,1
2009-08-09,0.76,9.028,1
2009-08-10,0.75,9.375,1
2009-08-11,0.72,9.491,1
2009-08-12,0.74,9.491,1
2009-08-13,0.77,9.491,1
2009-08-14,0.74,9.491,1
2009-08-15,0.78,9.491,1
2009-08-16,0.77,9.491,1
2009-08-17,0.73,9.491,1
2009-08-18,0.74,9.491,1
2009-08-19,0.75,9.491,1
2009-08-20,0.73,9.491,1
2009-08-21,0.74,9.491,1
2009-08-22,0.77,9.491,1
2009-08-23,0.73,9.491,1
2009-08-24,0.73,8.449,1
2009-08-25,0.74,9.375,1
2009-08-26,0.75,9.028,1
2009-08-27,0.75,9.375,1
2009-08-28,0.73,9.491,1
2009-08-29,0.73,9.491,1
2009-08-30,0.74,9.491,1
2009-08-31,0.72,9.491,1
2009-09-01,0.73,9.491,1
2009-09-02,0.69,9.144,1
2009-09-03,0.8,37.616,1
2009-09-04,0.8,39.12,1
2009-09-05,0.79,19.097,1
2009-09-06,0.78,17.824,1
2009-09-07,0.79,19.213,1
2009-09-08,0.84,19.213,1
2009-09-09,0.83,22.917,1
2009-09-10,0.83,26.042,1
2009-09-11,0.82,24.884,1
2009-09-12,0.79,17.94,1
2009-09-13,0.79,15.046,1
2009-09-14,0.77,24.19,1
2009-09-15,0.79,24.306,1
2009-09-16,0.81,19.097,1
2009-09-17,0.79,24.769,1
2009-09-18,0.84,25.694,1
2009-09-19,0.83,18.981,1
2009-09-20,0.82,19.097,1
2009-09-21,0.8,21.759,1
2009-09-22,0.8,21.991,1
2009-09-23,0.83,17.361,1
2009-09-24,0.8,15.625,1
2009-09-25,0.81,20.023,1
2009-09-26,0.8,21.644,1
2009-09-27,0.8,23.958,1
2009-09-28,0.82,19.792,1
2009-09-29,0.82,12.616,1
2009-09-30,0.82,20.37,1
2009-10-01,0.8,29.051,1
2009-10-02,0.84,33.796,1
2009-10-03,0.8,21.528,1
2009-10-04,0.83,18.981,1
2009-10-05,0.78,30.556,1
2009-10-06,0.82,32.06,1
2009-10-07,0.76,34.375,1
2009-10-08,0.82,27.894,1
2009-10-09,0.82,33.102,1
2009-10-10,0.83,15.394,1
2009-10-11,0.83,11.458,1
2009-10-12,0.81,8.796,1
2009-10-13,0.8,18.981,1
2009-10-14,0.78,21.875,1
2009-10-15,0.8,26.852,1
2009-10-16,0.81,26.62,1
2009-10-17,0.83,20.833,1
2009-10-18,0.81,16.435,1
2009-10-19,0.71,23.264,1
2009-10-20,0.8,20.023,1
2009-10-21,0.8,20.023,1
2009-10-22,0.76,12.963,1
2009-10-23,0.8,22.454,1
2009-10-24,0.75,24.653,1
2009-10-25,0.75,26.736,1
2009-10-26,0.74,20.37,1
2009-10-27,0.82,19.676,1
2009-10-28,0.83,34.375,1
2009-10-29,0.83,33.681,1
2009-10-30,0.79,34.375,1
2009-10-31,0.79,13.426,1
2009-11-01,0.8,18.519,1
2009-11-02,0.8,27.546,1
2009-11-03,0.79,29.745,1
2009-11-04,0.71,25.0,1
2009-11-05,0.8,24.537,1
2009-11-06,0.78,24.653,1
2009-11-07,0.81,17.245,1
2009-11-08,0.8,13.079,1
2009-11-09,0.8,28.588,1
2009-11-10,0.71,27.431,1
2009-11-11,0.8,26.389,1
2009-11-12,0.74,29.861,1
2009-11-13,0.75,37.384,1
2009-11-14,0.81,40.278,1
2009-11-15,0.83,34.028,1
2009-11-16,0.77,19.097,1
2009-11-17,0.77,7.87,1
2009-11-18,0.84,36.69,1
2009-11-19,0.85,53.704,1
2009-11-20,0.85,54.282,1
2009-11-21,0.84,54.167,1
2009-11-22,0.83,51.736,1
2009-11-23,0.83,52.662,1
2009-11-24,0.8,53.356,1
2009-11-25,0.82,54.398,1
2009-11-26,0.83,54.282,1
2009-11-27,0.83,54.282,1
2009-11-28,0.84,54.167,1
2009-11-29,0.85,54.051,1
2009-11-30,0.84,53.935,1
2009-12-01,0.61,16.667,1
2009-12-02,0.66,2.546,1
2009-12-03,0.76,33.102,1
2009-12-04,0.84,54.745,1
2009-12-05,0.84,54.977,1
2009-12-06,0.85,54.514,1
2009-12-07,0.85,53.241,1
2009-12-08,0.85,54.051,1
2009-12-09,0.85,54.051,1
2009-12-10,0.85,53.935,1
2009-12-11,0.84,54.167,1
2009-12-12,0.84,54.514,1
2009-12-13,0.85,54.514,1
2009-12-14,0.84,54.398,1
2009-12-15,0.84,59.143,1
2009-12-16,0.84,61.69,1
2009-12-17,0.85,61.69,1
2009-12-18,0.84,61.574,1
2009-12-19,0.85,61.69,1
2009-12-20,0.84,61.69,1
2009-12-21,0.85,61.574,1
2009-12-22,0.85,60.995,1
2009-12-23,0.85,61.227,1
2009-12-24,0.84,61.227,1
2009-12-25,0.84,61.343,1
2009-12-26,0.84,61.343,1
2009-12-27,0.84,61.343,1
2009-12-28,0.84,61.343,1
2009-12-29,0.85,63.079,1
2009-12-30,0.84,63.773,1
2009-12-31,0.83,61.806,1
2010-01-01,0.85,61.111,1
2010-01-02,0.84,60.995,1
2010-01-03,0.85,60.995,1
2010-01-04,0.84,60.995,1
2010-01-05,0.84,60.995,1
2010-01-06,0.84,61.111,1
2010-01-07,0.84,61.111,1
2010-01-08,0.85,60.995,1
2010-01-09,0.84,60.995,1
2010-01-10,0.85,61.111,1
2010-01-11,0.85,61.227,1
2010-01-12,0.85,61.111,1
2010-01-13,0.85,60.995,1
2010-01-14,0.84,60.88,1
2010-01-15,0.84,61.111,1
2010-01-16,0.85,61.343,1
2010-01-17,0.85,61.458,1
2010-01-18,0.84,61.458,1
2010-01-19,0.84,61.458,1
2010-01-20,0.85,61.343,1
2010-01-21,0.85,61.343,1
2010-01-22,0.84,61.343,1
2010-01-23,0.85,61.343,1
2010-01-24,0.84,61.343,1
2010-01-25,0.84,61.227,1
2010-01-26,0.85,61.343,1
2010-01-27,0.84,60.88,1
2010-01-28,0.81,60.301,1
2010-01-29,0.81,59.028,1
2010-01-30,0.85,60.648,1
2010-01-31,0.84,60.301,1
2010-02-01,0.85,60.301,1
2010-02-02,0.75,55.324,1
2010-02-03,0.68,42.94,1
2010-02-04,0.7,32.986,1
2010-02-05,0.68,25.81,1
2010-02-06,0.8,33.102,1
2010-02-07,0.84,35.301,1
2010-02-08,0.82,42.477,1
2010-02-09,0.8,42.94,1
2010-02-10,0.85,35.301,1
2010-02-11,0.71,43.171,1
2010-02-12,0.72,38.426,1
2010-02-13,0.79,47.801,1
2010-02-14,0.76,50.694,1
2010-02-15,0.74,52.431,1
2010-02-16,0.81,51.852,1
2010-02-17,0.82,46.991,1
2010-02-18,0.75,39.583,1
2010-02-19,0.79,33.565,1
2010-02-20,0.69,33.218,1
2010-02-21,0.76,37.847,1
2010-02-22,0.72,30.671,1
2010-02-23,0.81,18.171,1
2010-02-24,0.77,26.042,1
2010-02-25,0.62,34.722,1
2010-02-26,0.77,26.736,1
2010-02-27,0.62,36.806,1
2010-02-28,0.69,33.449,1
2010-03-01,0.84,35.532,1
2010-03-02,0.85,48.032,1
2010-03-03,0.84,45.37,1
2010-03-04,0.83,46.875,1
2010-03-05,0.84,53.588,1
2010-03-06,0.84,53.588,1
2010-03-07,0.84,53.588,1
2010-03-08,0.83,49.421,1
2010-03-09,0.84,46.759,1
2010-03-10,0.81,37.384,1
2010-03-11,0.83,53.819,1
2010-03-12,0.84,53.356,1
2010-03-13,0.84,53.356,1
2010-03-14,0.85,52.662,1
2010-03-15,0.83,53.356,1
2010-03-16,0.84,53.472,1
2010-03-17,0.84,53.935,1
2010-03-18,0.84,53.935,1
2010-03-19,0.84,53.704,1
2010-03-20,0.84,53.472,1
2010-03-21,0.84,53.356,1
2010-03-22,0.84,53.935,1
2010-03-23,0.84,54.861,1
2010-03-24,0.85,56.134,1
2010-03-25,0.84,56.25,1
2010-03-26,0.81,52.662,1
2010-03-27,0.84,55.093,1
2010-03-28,0.85,55.671,1
2010-03-29,0.85,55.787,1
2010-03-30,0.84,57.523,1
2010-03-31,0.83,61.69,1
2010-04-01,0.84,62.963,1
2010-04-02,0.84,63.31,1
2010-04-03,0.85,63.31,1
2010-04-04,0.85,63.31,1
2010-04-05,0.85,63.542,1
2010-04-06,0.84,63.31,1
2010-04-07,0.84,62.847,1
2010-04-08,0.84,63.657,1
2010-04-09,0.84,63.889,1
2010-04-10,0.84,64.12,1
2010-04-11,0.84,64.005,1
2010-04-12,0.84,63.194,1
2010-04-13,0.84,62.037,1
2010-04-14,0.85,63.31,1
2010-04-15,0.84,62.731,1
2010-04-16,0.85,62.153,1
2010-04-17,0.84,62.731,1
2010-04-18,0.85,62.268,1
2010-04-19,0.85,63.079,1
2010-04-20,0.84,63.889,1
2010-04-21,0.84,63.426,1
2010-04-22,0.81,62.731,1
2010-04-23,0.83,63.657,1
2010-04-24,0.85,63.542,1
2010-04-25,0.84,63.542,1
2010-04-26,0.85,63.542,1
2010-04-27,0.82,63.542,1
2010-04-28,0.81,62.384,1
2010-04-29,0.83,64.005,1
2010-04-30,0.85,57.176,1
2010-05-01,0.72,57.292,1
2010-05-02,0.83,51.157,1
2010-05-03,0.79,48.611,1
2010-05-04,0.7,44.792,1
2010-05-05,0.76,46.296,1
2010-05-06,0.71,47.917,1
2010-05-07,0.78,45.602,1
2010-05-08,0.77,38.657,1
2010-05-09,0.81,33.449,1
2010-05-10,0.8,32.639,1
2010-05-11,0.74,36.574,1
2010-05-12,0.78,37.269,1
2010-05-13,0.79,40.509,1
2010-05-14,0.8,41.667,1
2010-05-15,0.8,37.5,1
2010-05-16,0.8,41.088,1
2010-05-17,0.75,40.741,1
2010-05-18,0.81,37.847,1
2010-05-19,0.78,42.824,1
2010-05-20,0.81,41.435,1
2010-05-21,0.81,30.44,1
2010-05-22,0.81,28.472,1
2010-05-23,0.85,30.324,1
2010-05-24,0.81,35.764,1
2010-05-25,0.76,35.301,1
2010-05-26,0.81,34.606,1
2010-05-27,0.8,37.963,1
2010-05-28,0.85,44.444,1
2010-05-29,0.8,35.417,1
2010-05-30,0.81,35.764,1
2010-05-31,0.82,41.667,1
2010-06-01,0.79,41.667,1
2010-06-02,0.82,36.921,1
2010-06-03,0.81,40.856,1
2010-06-04,0.78,37.731,1
2010-06-05,0.75,25.463,1
2010-06-06,0.77,26.389,1
2010-06-07,0.83,36.227,1
2010-06-08,0.81,40.972,1
2010-06-09,0.83,34.028,1
2010-06-10,0.82,18.171,1
2010-06-11,0.83,16.319,1
2010-06-12,0.82,7.176,1
2010-06-13,0.82,21.065,1
2010-06-14,0.83,30.787,1
2010-06-15,0.82,39.236,1
2010-06-16,0.82,48.611,1
2010-06-17,0.81,49.537,1
2010-06-18,0.83,49.074,1
2010-06-19,0.77,54.745,1
2010-06-20,0.82,50.926,1
2010-06-21,0.79,51.505,1
2010-06-22,0.79,41.088,1
2010-06-23,0.8,47.917,1
2010-06-24,0.81,48.264,1
2010-06-25,0.81,48.843,1
2010-06-26,0.81,36.458,1
2010-06-27,0.82,33.333,1
2010-06-28,0.82,44.676,1
2010-06-29,0.81,42.014,1
2010-06-30,0.82,43.866,1
2010-07-01,0.81,40.741,1
2010-07-02,0.81,41.667,1
2010-07-03,0.8,31.597,1
2010-07-04,0.82,26.273,1
2010-07-05,0.83,37.731,1
2010-07-06,0.82,35.995,1
2010-07-07,0.83,33.218,1
2010-07-08,0.83,35.185,1
2010-07-09,0.83,35.185,1
2010-07-10,0.82,30.903,1
2010-07-11,0.82,31.25,1
2010-07-12,0.82,39.699,1
2010-07-13,0.82,40.625,1
2010-07-14,0.8,43.056,1
2010-07-15,0.83,45.023,1
2010-07-16,0.81,41.782,1
2010-07-17,0.8,26.505,1
2010-07-18,0.84,22.801,1
2010-07-19,0.81,43.634,1
2010-07-20,0.82,45.486,1
2010-07-21,0.83,46.296,1
2010-07-22,0.83,43.171,1
2010-07-23,0.83,45.37,1
2010-07-24,0.82,27.894,1
2010-07-25,0.78,28.588,1
2010-07-26,0.84,37.037,1
2010-07-27,0.8,44.329,1
2010-07-28,0.82,41.667,1
2010-07-29,0.84,40.856,1
2010-07-30,0.84,9.144,1
2010-07-31,0.85,9.375,1
2010-08-01,0.84,9.491,1
2010-08-02,0.79,9.491,1
2010-08-03,0.8,9.491,1
2010-08-04,0.79,9.375,1
2010-08-05,0.79,9.491,1
2010-08-06,0.79,9.491,1
2010-08-07,0.79,9.491,1
2010-08-08,0.78,9.491,1
2010-08-09,0.79,9.491,1
2010-08-10,0.79,9.491,1
2010-08-11,0.79,9.491,1
2010-08-12,0.79,9.491,1
2010-08-13,0.79,9.491,1
2010-08-14,0.79,9.491,1
2010-08-15,0.78,9.491,1
2010-08-16,0.79,9.491,1
2010-08-17,0.76,9.491,1
2010-08-18,0.79,9.491,1
2010-08-19,0.76,9.491,1
2010-08-20,0.76,9.491,1
2010-08-21,0.71,9.491,1
2010-08-22,0.75,9.491,1
2010-08-23,0.8,9.491,1
2010-08-24,0.79,9.491,1
2010-08-25,0.76,9.491,1
2010-08-26,0.77,9.491,1
2010-08-27,0.77,9.491,1
2010-08-28,0.78,9.491,1
2010-08-29,0.79,9.491,1
2010-08-30,0.77,9.375,1
2010-08-31,0.79,9.144,1
2010-09-01,0.78,9.375,1
2010-09-02,0.79,9.028,1
2010-09-03,0.79,9.028,1
2010-09-04,0.79,9.028,1
2010-09-05,0.79,8.681,1
2010-09-06,0.82,15.509,1
2010-09-07,0.83,7.755,1
2010-09-08,0.77,32.292,1
2010-09-09,0.78,25.116,1
2010-09-10,0.79,31.944,1
2010-09-11,0.83,15.972,1
2010-09-12,0.83,12.384,1
2010-09-13,0.8,38.194,1
2010-09-14,0.84,40.278,1
2010-09-15,0.83,39.352,1
2010-09-16,0.81,41.782,1
2010-09-17,0.79,43.519,1
2010-09-18,0.82,23.264,1
2010-09-19,0.84,22.917,1
2010-09-20,0.77,33.102,1
2010-09-21,0.8,31.597,1
2010-09-22,0.81,37.5,1
2010-09-23,0.83,40.509,1
2010-09-24,0.83,42.13,1
2010-09-25,0.81,28.472,1
2010-09-26,0.81,26.62,1
2010-09-27,0.79,45.37,1
2010-09-28,0.81,43.866,1
2010-09-29,0.8,34.606,1
2010-09-30,0.82,44.676,1
2010-10-01,0.84,43.4,1
2010-10-02,0.8,31.71,1
2010-10-03,0.79,32.52,1
2010-10-04,0.8,23.15,1
2010-10-05,0.8,32.18,1
2010-10-06,0.83,43.75,1
2010-10-07,0.74,46.99,1
2010-10-08,0.84,44.1,1
2010-10-09,0.79,31.25,1
2010-10-10,0.79,28.82,1
2010-10-11,0.79,29.05,1
2010-10-12,0.75,28.24,1
2010-10-13,0.79,29.4,1
2010-10-14,0.71,34.49,1
2010-10-15,0.75,39.35,1
2010-10-16,0.79,30.56,1
2010-10-17,0.82,14.81,1
2010-10-18,0.83,23.61,1
2010-10-19,0.81,29.4,1
2010-10-20,0.8,32.41,1
2010-10-21,0.78,34.37,1
2010-10-22,0.8,24.65,1
2010-10-23,0.75,33.33,1
2010-10-24,0.79,31.71,1
2010-10-25,0.78,30.32,1
2010-10-26,0.79,3.47,1
2010-10-27,0.79,33.1,1
2010-10-28,0.83,32.87,1
2010-10-29,0.77,29.4,1
2010-10-30,0.78,21.18,1
2010-10-31,0.81,13.89,1
2010-11-01,0.83,8.33,1
2010-11-02,0.77,14.81,1
2010-11-03,0.8,28.36,1
2010-11-04,0.81,36.57,1
2010-11-05,0.76,41.32,1
2010-11-06,0.83,37.5,1
2010-11-07,0.82,21.76,1
2010-11-08,0.25,34.26,1
2010-11-09,0.09,4.75,1
2010-11-10,0.83,2.55,1
2010-11-11,0.76,18.17,1
2010-11-12,0.8,17.13,1
2010-11-13,0.77,29.17,1
2010-11-14,0.72,25.12,1
2010-11-15,0.75,26.27,1
2010-11-16,0.77,46.18,1
2010-11-17,0.79,46.3,1
2010-11-18,0.78,46.99,1
2010-11-19,0.77,46.18,1
2010-11-20,0.78,46.53,1
2010-11-21,0.8,54.17,1
2010-11-22,0.74,51.62,1
2010-11-23,0.72,44.1,1
2010-11-24,0.78,34.72,1
2010-11-25,0.76,48.15,1
2010-11-26,0.75,46.53,1
2010-11-27,0.83,46.06,1
2010-11-28,0.73,46.64,1
2010-11-29,0.74,46.18,1
2010-11-30,0.83,46.99,1
2010-12-01,0.74,46.76,1
2010-12-02,0.79,47.22,1
2010-12-03,0.81,43.29,1
2010-12-04,0.8,44.68,1
2010-12-05,0.8,49.19,1
2010-12-06,0.81,43.52,1
2010-12-07,0.74,53.7,1
2010-12-08,0.81,51.97,1
2010-12-09,0.84,53.7,1
2010-12-10,0.82,53.01,1
2010-12-11,0.76,51.39,1
2010-12-12,0.78,51.85,1
2010-12-13,0.77,51.16,1
2010-12-14,0.64,36.46,1
2010-12-15,0.65,46.18,1
2010-12-16,0.71,47.57,1
2010-12-17,0.7,48.61,1
2010-12-18,0.76,49.07,1
2010-12-19,0.69,45.83,1
2010-12-20,0.84,52.31,1
2010-12-21,0.85,53.12,1
2010-12-22,0.85,53.94,1
2010-12-23,0.84,53.59,1
2010-12-24,0.82,50.35,1
2010-12-25,0.82,42.59,1
2010-12-26,0.83,43.06,1
2010-12-27,0.83,52.31,1
2010-12-28,0.84,53.47,1
2010-12-29,0.78,49.07,1
2010-12-30,0.75,47.34,1
2010-12-31,0.76,44.33,1
2011-01-01,0.81,49.54,1
2011-01-02,0.79,47.92,1
2011-01-03,0.82,52.31,1
2011-01-04,0.71,50.0,1
2011-01-05,0.81,37.15,1
2011-01-06,0.84,43.75,1
2011-01-07,0.81,47.11,1
2011-01-08,0.83,53.12,1
2011-01-09,0.79,52.2,1
2011-01-10,0.83,53.12,1
2011-01-11,0.83,53.24,1
2011-01-12,0.84,53.36,1
2011-01-13,0.82,53.24,1
2011-01-14,0.84,53.12,1
2011-01-15,0.84,53.24,1
2011-01-16,0.84,53.12,1
2011-01-17,0.83,52.55,1
2011-01-18,0.83,52.31,1
2011-01-19,0.84,52.31,1
2011-01-20,0.84,52.2,1
2011-01-21,0.84,51.74,1
2011-01-22,0.85,51.62,1
2011-01-23,0.85,51.5,1
2011-01-24,0.85,51.97,1
2011-01-25,0.85,51.62,1
2011-01-26,0.85,51.85,1
2011-01-27,0.84,52.2,1
2011-01-28,0.82,44.91,1
2011-01-29,0.84,45.83,1
2011-01-30,0.84,46.18,1
2011-01-31,0.84,49.31,1
2011-02-01,0.84,51.5,1
2011-02-02,0.83,47.11,1
2011-02-03,0.85,46.53,1
2011-02-04,0.83,47.11,1
2011-02-05,0.83,36.11,1
2011-02-06,0.79,20.83,1
2011-02-07,0.79,33.91,1
2011-02-08,0.73,35.53,1
2011-02-09,0.72,31.71,1
2011-02-10,0.75,35.65,1
2011-02-11,0.78,34.72,1
2011-02-12,0.79,30.32,1
2011-02-13,0.81,28.24,1
2011-02-14,0.82,31.37,1
2011-02-15,0.77,32.29,1
2011-02-16,0.72,36.0,1
2011-02-17,0.69,36.81,1
2011-02-18,0.66,34.95,1
2011-02-19,0.76,33.68,1
2011-02-20,0.73,27.78,1
2011-02-21,0.78,14.0,1
2011-02-22,0.76,21.99,1
2011-02-23,0.66,23.61,1
2011-02-24,0.81,9.26,1
2011-02-25,0.68,37.27,1
2011-02-26,0.8,28.94,1
2011-02-27,0.74,25.0,1
2011-02-28,0.68,30.56,1
2011-03-01,0.74,35.42,1
2011-03-02,0.74,33.56,1
2011-03-03,0.78,36.46,1
2011-03-04,0.73,37.04,1
2011-03-05,0.83,20.37,1
2011-03-06,0.77,22.45,1
2011-03-07,0.77,37.15,1
2011-03-08,0.68,37.04,1
2011-03-09,0.66,33.8,1
2011-03-10,0.74,40.97,1
2011-03-11,0.79,41.09,1
2011-03-12,0.79,35.07,1
2011-03-13,0.76,35.76,1
2011-03-14,0.76,40.86,1
2011-03-15,0.83,44.44,1
2011-03-16,0.77,40.05,1
2011-03-17,0.79,36.69,1
2011-03-18,0.74,43.06,1
2011-03-19,0.75,34.49,1
2011-03-20,0.74,27.89,1
2011-03-21,0.76,39.47,1
2011-03-22,0.72,46.64,1
2011-03-23,0.72,36.34,1
2011-03-24,0.79,43.63,1
2011-03-25,0.76,40.51,1
2011-03-26,0.81,37.62,1
2011-03-27,0.81,31.94,1
2011-03-28,0.82,22.69,1
2011-03-29,0.73,35.3,1
2011-03-30,0.67,31.94,1
2011-03-31,0.73,40.74,1
2011-04-01,0.72,36.23,1
2011-04-02,0.74,35.07,1
2011-04-03,0.75,38.66,1
2011-04-04,0.79,43.06,1
2011-04-05,0.76,45.6,1
2011-04-06,0.8,46.64,1
2011-04-07,0.79,46.87,1
2011-04-08,0.78,47.45,1
2011-04-09,0.74,43.17,1
2011-04-10,0.71,30.67,1
2011-04-11,0.67,43.06,1
2011-04-12,0.79,38.19,1
2011-04-13,0.78,45.25,1
2011-04-14,0.79,46.18,1
2011-04-15,0.75,46.18,1
2011-04-16,0.77,40.39,1
2011-04-17,0.77,37.5,1
2011-04-18,0.75,44.79,1
2011-04-19,0.73,44.91,1
2011-04-20,0.75,36.0,1
2011-04-21,0.76,28.7,1
2011-04-22,0.78,27.08,1
2011-04-23,0.75,33.56,1
2011-04-24,0.78,27.66,1
2011-04-25,0.82,36.0,1
2011-04-26,0.68,17.94,1
2011-04-27,0.69,14.93,1
2011-04-28,0.75,16.78,1
2011-04-29,0.67,21.53,1
2011-04-30,0.73,20.14,1
2011-05-01,0.83,16.32,1
2011-05-02,0.75,21.06,1
2011-05-03,0.76,22.92,1
2011-05-04,0.79,19.21,1
2011-05-05,0.76,20.6,1
2011-05-06,0.79,15.28,1
2011-05-07,0.82,16.2,1
2011-05-08,0.83,15.05,1
2011-05-09,0.8,19.21,1
2011-05-10,0.83,19.91,1
2011-05-11,0.81,21.18,1
2011-05-12,0.78,26.04,1
2011-05-13,0.79,26.74,1
2011-05-14,0.8,16.2,1
2011-05-15,0.78,15.74,1
2011-05-16,0.8,25.93,1
2011-05-17,0.79,28.01,1
2011-05-18,0.8,26.62,1
2011-05-19,0.77,28.47,1
2011-05-20,0.81,25.58,1
2011-05-21,0.83,21.87,1
2011-05-22,0.85,14.47,1
2011-05-23,0.84,32.75,1
2011-05-24,0.78,21.41,1
2011-05-25,0.8,14.24,1
2011-05-26,0.81,16.78,1
2011-05-27,0.81,15.62,1
2011-05-28,0.77,15.62,1
2011-05-29,0.83,14.7,1
2011-05-30,0.81,21.99,1
2011-05-31,0.85,9.03,1
2011-06-01,0.84,13.19,1
2011-06-02,0.8,13.66,1
2011-06-03,0.81,13.77,1
2011-06-04,0.74,10.88,1
2011-06-05,0.78,11.11,1
2011-06-06,0.78,16.78,1
2011-06-07,0.81,12.38,1
2011-06-08,0.85,10.53,1
2011-06-09,0.84,11.81,1
2011-06-10,0.85,11.34,1
2011-06-11,0.78,11.46,1
2011-06-12,0.7,9.95,1
2011-06-13,0.79,13.31,1
2011-06-14,0.8,10.88,1
2011-06-15,0.78,10.3,1
2011-06-16,0.81,12.38,1
2011-06-17,0.77,11.34,1
2011-06-18,0.76,9.84,1
2011-06-19,0.79,10.3,1
2011-06-20,0.8,11.11,1
2011-06-21,0.81,15.28,1
2011-06-22,0.82,13.66,1
2011-06-23,0.8,11.34,1
2011-06-24,0.84,9.49,1
2011-06-25,0.84,9.49,1
2011-06-26,0.83,9.49,1
2011-06-27,0.84,13.66,1
2011-06-28,0.82,9.61,1
2011-06-29,0.82,9.49,1
2011-06-30,0.82,10.76,1
2011-07-01,0.81,22.92,1
2011-07-02,0.85,13.19,1
2011-07-03,0.84,9.84,1
2011-07-04,0.84,10.53,1
2011-07-05,0.84,10.53,1
2011-07-06,0.83,9.49,1
2011-07-07,0.83,9.49,1
2011-07-08,0.84,9.49,1
2011-07-09,0.83,11.11,1
2011-07-10,0.79,11.34,1
2011-07-11,0.84,15.74,1
2011-07-12,0.8,10.53,1
2011-07-13,0.77,8.91,1
2011-07-14,0.78,8.8,1
2011-07-15,0.77,10.3,1
2011-07-16,0.72,12.04,1
2011-07-17,0.78,9.61,1
2011-07-18,0.78,9.61,1
2011-07-19,0.77,9.61,1
2011-07-20,0.75,10.53,1
2011-07-21,0.75,9.49,1
2011-07-22,0.78,9.49,1
2011-07-23,0.76,10.3,1
2011-07-24,0.73,9.49,1
2011-07-25,0.82,9.49,1
2011-07-26,0.83,9.49,1
2011-07-27,0.83,9.49,1
2011-07-28,0.83,9.49,1
2011-07-29,0.84,8.33,1
2011-07-30,0.84,9.49,1
2011-07-31,0.83,9.49,1
2011-08-01,0.82,9.49,1
2011-08-02,0.79,9.49,1
2011-08-03,0.79,9.49,1
2011-08-04,0.79,9.49,1
2011-08-05,0.79,9.49,1
2011-08-06,0.79,9.49,1
2011-08-07,0.79,9.49,1
2011-08-08,0.8,9.49,1
2011-08-09,0.79,9.49,1
2011-08-10,0.8,9.49,1
2011-08-11,0.79,9.49,1
2011-08-12,0.79,9.49,1
2011-08-13,0.8,9.49,1
2011-08-14,0.78,9.49,1
2011-08-15,0.79,9.49,1
2011-08-16,0.77,9.49,1
2011-08-17,0.8,9.49,1
2011-08-18,0.8,9.49,1
2011-08-19,0.79,9.49,1
2011-08-20,0.79,9.49,1
2011-08-21,0.79,9.49,1
2011-08-22,0.79,9.49,1
2011-08-23,0.8,9.37,1
2011-08-24,0.78,9.03,1
2011-08-25,0.78,9.03,1
2011-08-26,0.79,9.03,1
2011-08-27,0.8,9.03,1
2011-08-28,0.77,9.03,1
2011-08-29,0.71,9.03,1
2011-08-30,0.62,9.03,1
2011-08-31,0.64,8.91,1
2011-09-01,0.64,8.33,1
2011-09-02,0.66,7.75,1
2011-09-03,0.65,7.52,1
2011-09-04,0.59,7.52,1
2011-09-05,0.67,7.52,1
2011-09-06,0.65,7.52,1
2011-09-07,0.79,21.18,1
2011-09-08,0.8,31.25,1
2011-09-09,0.83,32.18,1
2011-09-10,0.77,28.82,1
2011-09-11,0.77,12.96,1
2011-09-12,0.74,9.49,1
2011-09-13,0.68,7.99,1
2011-09-14,0.64,7.99,1
2011-09-15,0.72,7.99,1
2011-09-16,0.82,7.99,1
2011-09-17,0.83,11.92,1
2011-09-18,0.83,11.11,1
2011-09-19,0.79,32.52,1
2011-09-20,0.82,37.85,1
2011-09-21,0.83,37.96,1
2011-09-22,0.79,35.07,1
2011-09-23,0.81,36.69,1
2011-09-24,0.85,15.97,1
2011-09-25,0.84,13.54,1
2011-09-26,0.79,37.85,1
2011-09-27,0.79,35.53,1
2011-09-28,0.79,36.23,1
2011-09-29,0.79,34.49,1
2011-09-30,0.8,35.65,1
2011-10-01,0.82,34.375,1
2011-10-02,0.79,27.546,1
2011-10-03,0.8,32.407,1
2011-10-04,0.8,28.588,1
2011-10-05,0.81,33.102,1
2011-10-06,0.82,32.87,1
2011-10-07,0.77,33.333,1
2011-10-08,0.83,18.981,1
2011-10-09,0.82,20.833,1
2011-10-10,0.83,35.532,1
2011-10-11,0.76,32.755,1
2011-10-12,0.81,16.204,1
2011-10-13,0.83,42.245,1
2011-10-14,0.83,40.972,1
2011-10-15,0.79,22.917,1
2011-10-16,0.81,23.495,1
2011-10-17,0.82,35.532,1
2011-10-18,0.79,36.69,1
2011-10-19,0.82,24.769,1
2011-10-20,0.78,24.19,1
2011-10-21,0.81,24.306,1
2011-10-22,0.82,15.162,1
2011-10-23,0.81,13.773,1
2011-10-24,0.78,15.741,1
2011-10-25,0.81,19.676,1
2011-10-26,0.81,20.486,1
2011-10-27,0.8,23.148,1
2011-10-28,0.83,15.625,1
2011-10-29,0.85,12.616,1
2011-10-30,0.79,10.648,1
2011-10-31,0.82,25.347,1
2011-11-01,0.84,12.5,1
2011-11-02,0.76,26.736,1
2011-11-03,0.78,25.463,1
2011-11-04,0.73,28.356,1
2011-11-05,0.83,17.824,1
2011-11-06,0.8,10.532,1
2011-11-07,0.8,17.014,1
2011-11-08,0.79,14.699,1
2011-11-09,0.8,15.278,1
2011-11-10,0.82,12.847,1
2011-11-11,0.8,16.435,1
2011-11-12,0.82,9.028,1
2011-11-13,0.85,11.111,1
2011-11-14,0.8,3.125,1
2011-11-15,0.79,2.546,1
2011-11-16,0.75,2.546,1
2011-11-17,0.75,2.546,1
2011-11-18,0.73,2.546,1
2011-11-19,0.71,2.546,1
2011-11-20,0.68,2.546,1
2011-11-21,0.66,2.546,1
2011-11-22,0.63,2.546,1
2011-11-23,0.61,2.546,1
2011-11-24,0.58,2.546,1
2011-11-25,0.63,2.546,1
2011-11-26,0.64,2.546,1
2011-11-27,0.6,2.546,1
2011-11-28,0.65,2.546,1
2011-11-29,0.76,2.546,1
2011-11-30,0.78,18.866,1
2011-12-01,0.8,25.694,1
2011-12-02,0.83,28.704,1
2011-12-03,0.8,16.782,1
2011-12-04,0.83,15.046,1
2011-12-05,0.76,22.801,1
2011-12-06,0.79,11.227,1
2011-12-07,0.82,26.505,1
2011-12-08,0.8,12.5,1
2011-12-09,0.83,26.273,1
2011-12-10,0.81,17.824,1
2011-12-11,0.84,11.111,1
2011-12-12,0.78,16.898,1
2011-12-13,0.79,19.907,1
2011-12-14,0.79,22.685,1
2011-12-15,0.73,25.81,1
2011-12-16,0.73,24.537,1
2011-12-17,0.8,16.667,1
2011-12-18,0.79,11.111,1
2011-12-19,0.81,18.056,1
2011-12-20,0.8,21.065,1
2011-12-21,0.78,21.759,1
2011-12-22,0.79,19.676,1
2011-12-23,0.8,22.338,1
2011-12-24,0.8,17.361,1
2011-12-25,0.8,13.542,1
2011-12-26,0.73,26.852,1
2011-12-27,0.79,25.926,1
2011-12-28,0.77,22.917,1
2011-12-29,0.82,26.389,1
2011-12-30,0.8,28.472,1
2011-12-31,0.81,13.079,1
2012-01-01,0.8,11.227,1
2012-01-02,0.82,17.477,1
2012-01-03,0.79,18.403,1
2012-01-04,0.77,17.13,1
2012-01-05,0.81,15.278,1
2012-01-06,0.76,17.708,1
2012-01-07,0.81,10.301,1
2012-01-08,0.82,10.764,1
2012-01-09,0.81,24.884,1
2012-01-10,0.75,18.981,1
2012-01-11,0.76,24.884,1
2012-01-12,0.68,2.546,1
2012-01-13,0.79,7.87,1
2012-01-14,0.76,12.731,1
2012-01-15,0.82,10.648,1
2012-01-16,0.79,8.912,1
2012-01-17,0.7,2.546,1
2012-01-18,0.83,2.546,1
2012-01-19,0.71,2.546,1
2012-01-20,0.81,2.546,1
2012-01-21,0.73,2.546,1
2012-01-22,0.72,2.546,1
2012-01-23,0.77,2.546,1
2012-01-24,0.77,2.546,1
2012-01-25,0.75,2.546,1
2012-01-26,0.73,2.546,1
2012-01-27,0.73,2.546,1
2012-01-28,0.75,2.546,1
2012-01-29,0.76,2.546,1
2012-01-30,0.75,2.546,1
2012-01-31,0.76,2.546,1
2012-02-01,0.77,2.546,1
2012-02-02,0.8,2.546,1
2012-02-03,0.83,2.546,1
2012-02-04,0.78,2.546,1
2012-02-05,0.76,2.546,1
2012-02-06,0.74,2.546,1
2012-02-07,0.76,2.546,1
2012-02-08,0.78,2.546,1
2012-02-09,0.77,2.546,1
2012-02-10,0.82,2.546,1
2012-02-11,0.82,2.546,1
2012-02-12,0.82,2.546,1
2012-02-13,0.81,2.546,1
2012-02-14,0.8,2.546,1
2012-02-15,0.77,2.546,1
2012-02-16,0.77,2.546,1
2012-02-17,0.79,2.546,1
2012-02-18,0.83,2.546,1
2012-02-19,0.82,2.546,1
2012-02-20,0.82,2.546,1
2012-02-21,0.82,2.546,1
2012-02-22,0.82,2.546,1
2012-02-23,0.82,2.546,1
2012-02-24,0.82,2.546,1
2012-02-25,0.81,2.546,1
2012-02-26,0.8,2.546,1
2012-02-27,0.79,2.546,1
2012-02-28,0.79,2.546,1
2012-02-29,0.76,2.546,1
2012-03-01,0.79,2.546,1
2012-03-02,0.78,2.546,1
2012-03-03,0.79,2.546,1
2012-03-04,0.8,2.546,1
2012-03-05,0.8,2.546,1
2012-03-06,0.82,2.546,1
2012-03-07,0.79,2.546,1
2012-03-08,0.79,2.546,1
2012-03-09,0.77,2.546,1
2012-03-10,0.77,2.546,1
2012-03-11,0.78,2.546,1
2012-03-12,0.77,2.546,1
2012-03-13,0.76,2.546,1
2012-03-14,0.74,2.546,1
2012-03-15,0.74,2.546,1
2012-03-16,0.77,2.546,1
2012-03-17,0.76,2.546,1
2012-03-18,0.81,2.546,1
2012-03-19,0.82,2.546,1
2012-03-20,0.8,2.546,1
2012-03-21,0.81,3.241,1
2012-03-22,0.82,3.472,1
2012-03-23,0.81,3.472,1
2012-03-24,0.82,3.472,1
2012-03-25,0.83,3.472,1
2012-03-26,0.81,3.472,1
2012-03-27,0.82,3.472,1
2012-03-28,0.83,3.472,1
2012-03-29,0.82,3.472,1
2012-03-30,0.82,3.704,1
2012-03-31,0.83,4.051,1
2012-04-01,0.82,4.051,1
2012-04-02,0.62,4.051,1
2012-04-03,0.83,4.051,1
2012-04-04,0.83,4.051,1
2012-04-05,0.7,3.241,1
2012-04-06,0.72,2.546,1
2012-04-07,0.63,2.546,1
2012-04-08,0.82,3.356,1
2012-04-09,0.81,4.051,1
2012-04-10,0.8,3.241,1
2012-04-11,0.67,2.546,1
2012-04-12,0.83,2.546,1
2012-04-13,0.72,3.125,1
2012-04-14,0.81,3.356,1
2012-04-15,0.7,4.051,1
2012-04-16,0.79,4.051,1
2012-04-17,0.82,4.051,1
2012-04-18,0.75,7.87,1
2012-04-19,0.66,9.838,1
2012-04-20,0.79,6.366,1
2012-04-21,0.73,8.333,1
2012-04-22,0.76,7.986,1
2012-04-23,0.74,5.208,1
2012-04-24,0.76,4.051,1
2012-04-25,0.75,4.051,1
2012-04-26,0.71,4.051,1
2012-04-27,0.73,4.051,1
2012-04-28,0.75,6.713,1
2012-04-29,0.8,6.713,1
2012-04-30,0.81,6.713,1
2012-05-01,0.81,7.06,1
2012-05-02,0.8,7.176,1
2012-05-03,0.8,7.176,1
2012-05-04,0.8,7.986,1
2012-05-05,0.8,11.921,1
2012-05-06,0.71,14.583,1
2012-05-07,0.77,8.796,1
2012-05-08,0.78,4.514,1
2012-05-09,0.79,4.514,1
2012-05-10,0.74,5.556,1
2012-05-11,0.76,6.019,1
2012-05-12,0.71,6.019,1
2012-05-13,0.77,6.019,1
2012-05-14,0.68,6.019,1
2012-05-15,0.75,6.019,1
2012-05-16,0.75,6.481,1
2012-05-17,0.74,6.944,1
2012-05-18,0.71,6.944,1
2012-05-19,0.76,6.944,1
2012-05-20,0.8,6.944,1
2012-05-21,0.8,6.944,1
2012-05-22,0.81,6.944,1
2012-05-23,0.85,23.727,1
2012-05-24,0.8,24.653,1
2012-05-25,0.71,30.787,1
2012-05-26,0.71,11.69,1
2012-05-27,0.71,7.523,1
2012-05-28,0.83,22.917,1
2012-05-29,0.82,21.644,1
2012-05-30,0.8,25.116,1
2012-05-31,0.82,23.727,1
2012-06-01,0.78,35.88,1
2012-06-02,0.82,18.403,1
2012-06-03,0.85,18.171,1
2012-06-04,0.81,26.736,1
2012-06-05,0.7,22.917,1
2012-06-06,0.8,27.431,1
2012-06-07,0.76,28.704,1
2012-06-08,0.81,25.463,1
2012-06-09,0.83,12.153,1
2012-06-10,0.82,11.921,1
2012-06-11,0.78,31.25,1
2012-06-12,0.76,32.176,1
2012-06-13,0.78,31.019,1
2012-06-14,0.84,13.542,1
2012-06-15,0.82,13.889,1
2012-06-16,0.76,9.954,1
2012-06-17,0.79,10.88,1
2012-06-18,0.82,16.551,1
2012-06-19,0.78,14.583,1
2012-06-20,0.82,12.963,1
2012-06-21,0.81,21.412,1
2012-06-22,0.83,21.991,1
2012-06-23,0.8,13.31,1
2012-06-24,0.82,9.144,1
2012-06-25,0.79,17.94,1
2012-06-26,0.84,10.648,1
2012-06-27,0.84,21.065,1
2012-06-28,0.83,17.824,1
2012-06-29,0.82,18.171,1
2012-06-30,0.83,12.037,1
2012-07-01,0.77,11.111,1
2012-07-02,0.84,12.269,1
2012-07-03,0.84,11.921,1
2012-07-04,0.83,12.5,1
2012-07-05,0.83,10.532,1
2012-07-06,0.84,11.574,1
2012-07-07,0.84,9.028,1
2012-07-08,0.83,9.028,1
2012-07-09,0.81,10.648,1
2012-07-10,0.83,9.028,1
2012-07-11,0.84,10.88,1
2012-07-12,0.82,15.625,1
2012-07-13,0.82,29.861,1
2012-07-14,0.79,24.769,1
2012-07-15,0.83,20.023,1
2012-07-16,0.85,30.324,1
2012-07-17,0.81,31.944,1
2012-07-18,0.8,32.639,1
2012-07-19,0.82,32.176,1
2012-07-20,0.82,33.102,1
2012-07-21,0.79,17.824,1
2012-07-22,0.82,12.037,1
2012-07-23,0.79,22.569,1
2012-07-24,0.82,21.296,1
2012-07-25,0.82,28.704,1
2012-07-26,0.82,35.88,1
2012-07-27,0.85,22.801,1
2012-07-28,0.77,11.921,1
2012-07-29,0.8,11.458,1
2012-07-30,0.71,9.954,1
2012-07-31,0.71,9.491,1
2012-08-01,0.73,9.491,1
2012-08-02,0.73,9.491,1
2012-08-03,0.72,9.491,1
2012-08-04,0.72,9.491,1
2012-08-05,0.74,9.491,1
2012-08-06,0.73,9.491,1
2012-08-07,0.72,9.491,1
2012-08-08,0.73,9.491,1
2012-08-09,0.71,9.491,1
2012-08-10,0.75,9.491,1
2012-08-11,0.76,9.491,1
2012-08-12,0.73,9.491,1
2012-08-13,0.73,9.491,1
2012-08-14,0.72,9.375,1
2012-08-15,0.74,9.028,1
2012-08-16,0.73,9.375,1
2012-08-17,0.66,9.259,1
2012-08-18,0.73,9.028,1
2012-08-19,0.73,9.028,1
2012-08-20,0.72,9.028,1
2012-08-21,0.72,9.028,1
2012-08-22,0.79,9.491,1
2012-08-23,0.79,9.491,1
2012-08-24,0.79,9.491,1
2012-08-25,0.79,9.491,1
2012-08-26,0.79,9.491,1
2012-08-27,0.83,9.491,1
2012-08-28,0.83,21.181,1
2012-08-29,0.84,10.532,1
2012-08-30,0.82,27.315,1
2012-08-31,0.82,25.694,1
2012-09-01,0.82,20.255,1
2012-09-02,0.83,18.634,1
2012-09-03,0.81,18.403,1
2012-09-04,0.81,22.454,1
2012-09-05,0.82,16.204,1
2012-09-06,0.81,25.463,1
2012-09-07,0.82,24.653,1
2012-09-08,0.83,28.009,1
2012-09-09,0.83,22.338,1
2012-09-10,0.82,30.671,1
2012-09-11,0.8,28.356,1
2012-09-12,0.84,26.505,1
2012-09-13,0.83,26.62,1
2012-09-14,0.78,32.87,1
2012-09-15,0.76,23.727,1
2012-09-16,0.79,20.602,1
2012-09-17,0.85,36.458,1
2012-09-18,0.8,34.838,1
2012-09-19,0.82,24.19,1
2012-09-20,0.82,28.241,1
2012-09-21,0.79,30.903,1
2012-09-22,0.79,13.426,1
2012-09-23,0.83,10.648,1
2012-09-24,0.79,13.889,1
2012-09-25,0.85,16.088,1
2012-09-26,0.85,15.509,1
2012-09-27,0.84,14.815,1
2012-09-28,0.84,15.278,1
2012-09-29,0.83,10.185,1
2012-09-30,0.85,9.722,1
2012-10-01,0.79,12.847,1
2012-10-02,0.82,13.542,1
2012-10-03,0.79,19.213,1
2012-10-04,0.81,8.333,1
2012-10-05,0.81,19.329,1
2012-10-06,0.82,12.269,1
2012-10-07,0.82,11.806,1
2012-10-08,0.8,18.866,1
2012-10-09,0.8,19.792,1
2012-10-10,0.8,20.602,1
2012-10-11,0.82,22.338,1
2012-10-12,0.81,7.87,1
2012-10-13,0.82,7.986,1
2012-10-14,0.82,7.292,1
2012-10-15,0.82,20.255,1
2012-10-16,0.82,29.398,1
2012-10-17,0.79,27.083,1
2012-10-18,0.78,23.958,1
2012-10-19,0.79,26.62,1
2012-10-20,0.82,10.532,1
2012-10-21,0.79,6.019,1
2012-10-22,0.76,34.838,1
2012-10-23,0.81,35.764,1
2012-10-24,0.78,28.356,1
2012-10-25,0.79,24.537,1
2012-10-26,0.79,22.222,1
2012-10-27,0.81,6.366,1
2012-10-28,0.81,6.481,1
2012-10-29,0.8,20.718,1
2012-10-30,0.78,20.255,1
2012-10-31,0.75,20.833,1
2012-11-01,0.81,5.903,1
2012-11-02,0.82,7.986,1
2012-11-03,0.84,7.639,1
2012-11-04,0.83,10.532,1
2012-11-05,0.79,29.282,1
2012-11-06,0.77,27.778,1
2012-11-07,0.77,27.315,1
2012-11-08,0.69,27.315,1
2012-11-09,0.8,29.977,1
2012-11-10,0.8,8.333,1
2012-11-11,0.81,6.019,1
2012-11-12,0.75,32.176,1
2012-11-13,0.8,33.449,1
2012-11-14,0.67,24.074,1
2012-11-15,0.75,29.63,1
2012-11-16,0.78,27.662,1
2012-11-17,0.8,8.912,1
2012-11-18,0.78,11.921,1
2012-11-19,0.74,28.588,1
2012-11-20,0.79,21.875,1
2012-11-21,0.73,17.593,1
2012-11-22,0.77,15.972,1
2012-11-23,0.77,23.032,1
2012-11-24,0.76,13.426,1
2012-11-25,0.78,13.079,1
2012-11-26,0.75,17.13,1
2012-11-27,0.82,12.731,1
2012-11-28,0.81,11.921,1
2012-11-29,0.8,10.532,1
2012-11-30,0.81,15.856,1
2012-12-01,0.76,9.838,1
2012-12-02,0.8,15.162,1
2012-12-03,0.74,15.394,1
2012-12-04,0.78,18.171,1
2012-12-05,0.69,12.731,1
2012-12-06,0.81,9.144,1
2012-12-07,0.83,13.31,1
2012-12-08,0.59,5.324,1
2012-12-09,0.84,3.472,1
2012-12-10,0.8,16.088,1
2012-12-11,0.77,16.551,1
2012-12-12,0.77,18.403,1
2012-12-13,0.79,13.773,1
2012-12-14,0.75,28.704,1
2012-12-15,0.71,26.273,1
2012-12-16,0.74,3.935,1
2012-12-17,0.82,2.894,1
2012-12-18,0.68,2.546,1
2012-12-19,0.7,2.546,1
2012-12-20,0.73,2.546,1
2012-12-21,0.67,2.546,1
2012-12-22,0.8,6.597,1
2012-12-23,0.75,2.546,1
2012-12-24,0.78,4.051,1
2012-12-25,0.67,8.796,1
2012-12-26,0.72,35.185,1
2012-12-27,0.74,32.292,1
2012-12-28,0.78,30.671,1
2012-12-29,0.76,31.829,1
2012-12-30,0.71,29.051,1
2012-12-31,0.65,35.88,1
2013-01-01,0.77,15.278,1
2013-01-02,0.75,29.861,1
2013-01-03,0.76,36.69,1
2013-01-04,0.75,31.134,1
2013-01-05,0.74,12.616,1
2013-01-06,0.68,13.079,1
2013-01-07,0.67,31.944,1
2013-01-08,0.66,33.681,1
2013-01-09,0.67,41.088,1
2013-01-10,0.76,32.407,1
2013-01-11,0.71,39.468,1
2013-01-12,0.77,33.565,1
2013-01-13,0.78,19.444,1
2013-01-14,0.79,32.639,1
2013-01-15,0.73,30.556,1
2013-01-16,0.64,26.968,1
2013-01-17,0.78,4.63,1
2013-01-18,0.81,16.551,1
2013-01-19,0.7,15.394,1
2013-01-20,0.72,20.602,1
2013-01-21,0.72,31.134,1
2013-01-22,0.64,28.935,1
2013-01-23,0.84,26.852,1
2013-01-24,0.83,40.509,1
2013-01-25,0.81,43.287,1
2013-01-26,0.84,43.634,1
2013-01-27,0.83,41.319,1
2013-01-28,0.8,43.75,1
2013-01-29,0.82,41.088,1
2013-01-30,0.84,30.903,1
2013-01-31,0.85,43.403,1
2013-02-01,0.84,43.056,1
2013-02-02,0.82,43.866,1
2013-02-03,0.81,44.097,1
2013-02-04,0.82,50.347,1
2013-02-05,0.8,64.815,1
2013-02-06,0.8,71.412,1
2013-02-07,0.79,70.949,1
2013-02-08,0.82,71.065,1
2013-02-09,0.82,71.065,1
2013-02-10,0.81,71.065,1
2013-02-11,0.81,70.949,1
2013-02-12,0.82,71.181,1
2013-02-13,0.82,71.065,1
2013-02-14,0.82,71.181,1
2013-02-15,0.83,71.296,1
2013-02-16,0.83,71.065,1
2013-02-17,0.84,71.296,1
2013-02-18,0.82,71.296,1
2013-02-19,0.82,70.833,1
2013-02-20,0.83,70.833,1
2013-02-21,0.83,70.949,1
2013-02-22,0.84,71.181,1
2013-02-23,0.83,71.296,1
2013-02-24,0.83,71.296,1
2013-02-25,0.84,71.296,1
2013-02-26,0.83,71.296,1
2013-02-27,0.83,71.181,1
2013-02-28,0.84,71.181,1
2013-03-01,0.85,71.296,1
2013-03-02,0.85,71.181,1
2013-03-03,0.85,71.296,1
2013-03-04,0.84,71.065,1
2013-03-05,0.83,68.287,1
2013-03-06,0.83,66.319,1
2013-03-07,0.71,68.518,1
2013-03-08,0.8,67.708,1
2013-03-09,0.84,69.792,1
2013-03-10,0.84,69.792,1
2013-03-11,0.82,67.477,1
2013-03-12,0.85,60.417,1
2013-03-13,0.79,70.602,1
2013-03-14,0.8,68.981,1
2013-03-15,0.79,69.444,1
2013-03-16,0.81,69.444,1
2013-03-17,0.81,69.676,1
2013-03-18,0.78,68.056,1
2013-03-19,0.8,70.718,1
2013-03-20,0.76,71.412,1
2013-03-21,0.75,55.671,1
2013-03-22,0.82,71.528,1
2013-03-23,0.82,71.643,1
2013-03-24,0.81,70.486,1
2013-03-25,0.82,66.088,1
2013-03-26,0.78,71.065,1
2013-03-27,0.81,60.995,1
2013-03-28,0.82,70.139,1
2013-03-29,0.84,70.023,1
2013-03-30,0.84,70.255,1
2013-03-31,0.8,87.5,1
2013-04-01,0.83,98.495,1
2013-04-02,0.82,98.611,1
2013-04-03,0.84,99.537,1
2013-04-04,0.83,99.884,1
2013-04-05,0.84,100.231,1
2013-04-06,0.83,100.116,1
2013-04-07,0.83,99.884,1
2013-04-08,0.84,100.0,1
2013-04-09,0.84,100.116,1
2013-04-10,0.83,100.0,1
2013-04-11,0.84,99.768,1
2013-04-12,0.84,99.537,1
2013-04-13,0.84,99.306,1
2013-04-14,0.84,99.537,1
2013-04-15,0.85,99.421,1
2013-04-16,0.84,93.75,1
2013-04-17,0.84,89.352,1
2013-04-18,0.83,89.468,1
2013-04-19,0.84,89.931,1
2013-04-20,0.84,90.162,1
2013-04-21,0.84,89.931,1
2013-04-22,0.84,84.375,1
2013-04-23,0.83,79.514,1
2013-04-24,0.83,67.824,1
2013-04-25,0.84,59.491,1
2013-04-26,0.83,59.954,1
2013-04-27,0.82,59.722,1
2013-04-28,0.84,51.736,1
2013-04-29,0.83,47.801,1
2013-04-30,0.82,50.579,1
2013-05-01,0.72,40.741,1
2013-05-02,0.81,46.759,1
2013-05-03,0.77,40.972,1
2013-05-04,0.8,38.079,1
2013-05-05,0.82,30.208,1
2013-05-06,0.76,34.954,1
2013-05-07,0.81,35.185,1
2013-05-08,0.81,33.449,1
2013-05-09,0.63,45.023,1
2013-05-10,0.79,40.046,1
2013-05-11,0.77,39.005,1
2013-05-12,0.78,38.31,1
2013-05-13,0.75,42.824,1
2013-05-14,0.81,43.634,1
2013-05-15,0.75,39.699,1
2013-05-16,0.8,42.593,1
2013-05-17,0.7,34.144,1
2013-05-18,0.76,33.218,1
2013-05-19,0.78,34.375,1
2013-05-20,0.78,41.667,1
2013-05-21,0.8,42.245,1
2013-05-22,0.78,41.435,1
2013-05-23,0.81,43.287,1
2013-05-24,0.75,46.875,1
2013-05-25,0.79,34.491,1
2013-05-26,0.78,41.551,1
2013-05-27,0.75,14.583,1
2013-05-28,0.73,8.102,1
2013-05-29,0.75,14.236,1
2013-05-30,0.8,37.731,1
2013-05-31,0.78,43.634,1
2013-06-01,0.75,24.306,1
2013-06-02,0.83,18.866,1
2013-06-03,0.82,33.333,1
2013-06-04,0.83,37.384,1
2013-06-05,0.83,44.213,1
2013-06-06,0.82,45.486,1
2013-06-07,0.79,42.593,1
2013-06-08,0.68,19.444,1
2013-06-09,0.79,10.764,1
2013-06-10,0.79,13.194,1
2013-06-11,0.82,15.162,1
2013-06-12,0.8,31.829,1
2013-06-13,0.83,32.523,1
2013-06-14,0.78,32.407,1
2013-06-15,0.82,24.537,1
2013-06-16,0.76,14.352,1
2013-06-17,0.81,18.171,1
2013-06-18,0.81,36.343,1
2013-06-19,0.83,26.968,1
2013-06-20,0.79,32.639,1
2013-06-21,0.75,29.977,1
2013-06-22,0.8,23.495,1
2013-06-23,0.8,20.486,1
2013-06-24,0.83,19.097,1
2013-06-25,0.84,33.333,1
2013-06-26,0.82,32.06,1
2013-06-27,0.82,30.787,1
2013-06-28,0.8,32.755,1
2013-06-29,0.75,10.532,1
2013-06-30,0.74,9.491,1
2013-07-01,0.81,31.944,1
2013-07-02,0.85,36.921,1
2013-07-03,0.8,36.458,1
2013-07-04,0.77,37.037,1
2013-07-05,0.81,37.616,1
2013-07-06,0.81,14.236,1
2013-07-07,0.8,11.806,1
2013-07-08,0.83,37.153,1
2013-07-09,0.81,36.111,1
2013-07-10,0.8,37.037,1
2013-07-11,0.79,38.194,1
2013-07-12,0.8,40.625,1
2013-07-13,0.8,37.731,1
2013-07-14,0.77,18.403,1
2013-07-15,0.81,40.856,1
2013-07-16,0.8,32.639,1
2013-07-17,0.83,32.87,1
2013-07-18,0.84,32.986,1
2013-07-19,0.8,31.366,1
2013-07-20,0.8,27.778,1
2013-07-21,0.83,13.426,1
2013-07-22,0.81,28.241,1
2013-07-23,0.81,27.315,1
2013-07-24,0.31,9.375,1
2013-07-25,0.66,2.662,1
2013-07-26,0.8,9.491,1
2013-07-27,0.79,9.491,1
2013-07-28,0.78,9.491,1
2013-07-29,0.79,9.491,1
2013-07-30,0.79,9.491,1
2013-07-31,0.8,9.491,1
2013-08-01,0.8,9.491,1
2013-08-02,0.79,9.491,1
2013-08-03,0.8,9.491,1
2013-08-04,0.79,9.491,1
2013-08-05,0.8,9.491,1
2013-08-06,0.79,9.491,1
2013-08-07,0.79,9.491,1
2013-08-08,0.79,9.491,1
2013-08-09,0.79,9.491,1
2013-08-10,0.76,9.491,1
2013-08-11,0.77,9.491,1
2013-08-12,0.78,9.491,1
2013-08-13,0.77,9.491,1
2013-08-14,0.78,9.491,1
2013-08-15,0.78,9.491,1
2013-08-16,0.78,9.491,1
2013-08-17,0.79,9.491,1
2013-08-18,0.79,9.491,1
2013-08-19,0.79,9.491,1
2013-08-20,0.78,9.491,1
2013-08-21,0.8,9.491,1
2013-08-22,0.78,9.491,1
2013-08-23,0.79,9.491,1
2013-08-24,0.77,9.491,1
2013-08-25,0.77,9.491,1
2013-08-26,0.77,9.491,1
2013-08-27,0.85,18.287,1
2013-08-28,0.83,24.653,1
2013-08-29,0.84,35.648,1
2013-08-30,0.85,35.417,1
2013-08-31,0.84,30.903,1
2013-09-01,0.79,9.954,1
2013-09-02,0.8,32.292,1
2013-09-03,0.79,33.102,1
2013-09-04,0.78,36.227,1
2013-09-05,0.8,34.838,1
2013-09-06,0.8,30.556,1
2013-09-07,0.79,24.884,1
2013-09-08,0.84,26.736,1
2013-09-09,0.84,16.435,1
2013-09-10,0.85,27.315,1
2013-09-11,0.77,27.778,1
2013-09-12,0.81,31.481,1
2013-09-13,0.8,36.343,1
2013-09-14,0.82,27.662,1
2013-09-15,0.8,15.394,1
2013-09-16,0.82,26.389,1
2013-09-17,0.81,33.449,1
2013-09-18,0.83,34.375,1
2013-09-19,0.84,32.06,1
2013-09-20,0.82,27.546,1
2013-09-21,0.82,17.361,1
2013-09-22,0.8,13.889,1
2013-09-23,0.81,26.389,1
2013-09-24,0.8,26.852,1
2013-09-25,0.79,29.398,1
2013-09-26,0.84,33.796,1
2013-09-27,0.82,30.44,1
2013-09-28,0.83,11.227,1
2013-09-29,0.82,13.194,1
2013-09-30,0.83,16.088,1
2013-10-01,0.79,26.389,1
2013-10-02,0.76,37.269,1
2013-10-03,0.83,29.977,1
2013-10-04,0.81,38.542,1
2013-10-05,0.81,20.718,1
2013-10-06,0.81,16.204,1
2013-10-07,0.81,36.574,1
2013-10-08,0.82,28.125,1
2013-10-09,0.82,35.532,1
2013-10-10,0.8,35.764,1
2013-10-11,0.83,34.722,1
2013-10-12,0.82,18.866,1
2013-10-13,0.82,14.699,1
2013-10-14,0.79,33.565,1
2013-10-15,0.76,37.384,1
2013-10-16,0.79,35.301,1
2013-10-17,0.78,40.856,1
2013-10-18,0.8,38.31,1
2013-10-19,0.79,29.745,1
2013-10-20,0.72,15.972,1
2013-10-21,0.71,22.338,1
2013-10-22,0.74,17.477,1
2013-10-23,0.77,3.935,1
2013-10-24,0.64,3.009,1
2013-10-25,0.81,10.417,1
2013-10-26,0.82,19.56,1
2013-10-27,0.68,30.787,1
2013-10-28,0.68,51.157,1
2013-10-29,0.77,32.407,1
2013-10-30,0.81,37.847,1
2013-10-31,0.77,38.657,1
2013-11-01,0.72,41.319,1
2013-11-02,0.7,27.315,1
2013-11-03,0.7,21.528,1
2013-11-04,0.74,16.898,1
2013-11-05,0.61,34.491,1
2013-11-06,0.74,20.139,1
2013-11-07,0.76,52.315,1
2013-11-08,0.78,30.324,1
2013-11-09,0.74,38.889,1
2013-11-10,0.82,23.611,1
2013-11-11,0.68,36.227,1
2013-11-12,0.78,45.023,1
2013-11-13,0.82,48.611,1
2013-11-14,0.74,50.231,1
2013-11-15,0.73,49.19,1
2013-11-16,0.74,50.463,1
2013-11-17,0.74,48.032,1
2013-11-18,0.72,43.403,1
2013-11-19,0.79,47.917,1
2013-11-20,0.74,51.157,1
2013-11-21,0.78,45.139,1
2013-11-22,0.81,49.653,1
2013-11-23,0.8,23.958,1
2013-11-24,0.6,3.009,1
2013-11-25,0.68,3.009,1
2013-11-26,0.69,3.704,1
2013-11-27,0.79,4.514,1
2013-11-28,0.81,34.028,1
2013-11-29,0.84,32.292,1
2013-11-30,0.59,2.546,1
2013-12-01,0.79,10.88,1
2013-12-02,0.78,38.542,1
2013-12-03,0.78,52.894,1
2013-12-04,0.79,52.894,1
2013-12-05,0.82,53.009,1
2013-12-06,0.79,49.537,1
2013-12-07,0.71,47.338,1
2013-12-08,0.79,47.801,1
2013-12-09,0.81,52.662,1
2013-12-10,0.83,52.778,1
2013-12-11,0.83,45.949,1
2013-12-12,0.81,51.968,1
2013-12-13,0.79,52.662,1
2013-12-14,0.83,34.491,1
2013-12-15,0.73,33.796,1
2013-12-16,0.7,37.847,1
2013-12-17,0.83,41.204,1
2013-12-18,0.83,41.319,1
2013-12-19,0.68,50.116,1
2013-12-20,0.82,44.329,1
2013-12-21,0.76,31.25,1
2013-12-22,0.76,38.194,1
2013-12-23,0.78,42.593,1
2013-12-24,0.69,32.06,1
2013-12-25,0.6,22.917,1
2013-12-26,0.62,15.162,1
2013-12-27,0.76,15.741,1
2013-12-28,0.62,21.644,1
2013-12-29,0.62,10.995,1
2013-12-30,0.81,24.074,1
2013-12-31,0.78,41.204,1
2014-01-01,0.83,37.037,1
2014-01-02,0.78,43.634,1
2014-01-03,0.8,41.551,1
2014-01-04,0.77,52.546,1
2014-01-05,0.77,52.431,1
2014-01-06,0.82,52.315,1
2014-01-07,0.83,52.778,1
2014-01-08,0.84,52.662,1
2014-01-09,0.83,52.778,1
2014-01-10,0.83,53.009,1
2014-01-11,0.82,52.778,1
2014-01-12,0.81,52.546,1
2014-01-13,0.82,52.546,1
2014-01-14,0.83,52.778,1
2014-01-15,0.83,52.662,1
2014-01-16,0.82,52.662,1
2014-01-17,0.83,71.296,1
2014-01-18,0.83,82.639,1
2014-01-19,0.83,82.755,1
2014-01-20,0.83,82.755,1
2014-01-21,0.82,82.87,1
2014-01-22,0.82,82.292,1
2014-01-23,0.83,82.523,1
2014-01-24,0.82,82.755,1
2014-01-25,0.83,82.755,1
2014-01-26,0.81,82.407,1
2014-01-27,0.8,81.944,1
2014-01-28,0.81,82.292,1
2014-01-29,0.84,82.87,1
2014-01-30,0.83,82.755,1
2014-01-31,0.83,82.755,1
2014-02-01,0.83,82.639,1
2014-02-02,0.83,82.523,1
2014-02-03,0.83,82.639,1
2014-02-04,0.83,82.639,1
2014-02-05,0.83,82.523,1
2014-02-06,0.82,82.292,1
2014-02-07,0.83,82.407,1
2014-02-08,0.82,82.407,1
2014-02-09,0.81,81.944,1
2014-02-10,0.83,82.292,1
2014-02-11,0.83,82.523,1
2014-02-12,0.83,82.523,1
2014-02-13,0.83,82.523,1
2014-02-14,0.83,82.523,1
2014-02-15,0.82,82.523,1
2014-02-16,0.82,82.292,1
2014-02-17,0.84,82.292,1
2014-02-18,0.81,82.06,1
2014-02-19,0.82,82.292,1
2014-02-20,0.83,82.407,1
2014-02-21,0.83,82.523,1
2014-02-22,0.83,82.523,1
2014-02-23,0.82,82.292,1
2014-02-24,0.82,82.292,1
2014-02-25,0.83,82.292,1
2014-02-26,0.83,82.407,1
2014-02-27,0.83,82.523,1
2014-02-28,0.83,68.634,1
2014-03-01,0.82,82.292,1
2014-03-02,0.82,82.523,1
2014-03-03,0.82,82.639,1
2014-03-04,0.82,82.755,1
2014-03-05,0.83,82.755,1
2014-03-06,0.82,82.639,1
2014-03-07,0.83,82.639,1
2014-03-08,0.82,82.407,1
2014-03-09,0.83,82.523,1
2014-03-10,0.82,82.639,1
2014-03-11,0.83,72.917,1
2014-03-12,0.83,67.593,1
2014-03-13,0.83,67.708,1
2014-03-14,0.83,67.13,1
2014-03-15,0.79,66.435,1
2014-03-16,0.79,65.972,1
2014-03-17,0.76,66.551,1
2014-03-18,0.8,67.477,1
2014-03-19,0.82,67.708,1
2014-03-20,0.82,68.634,1
2014-03-21,0.82,68.287,1
2014-03-22,0.81,68.056,1
2014-03-23,0.75,46.412,1
2014-03-24,0.74,66.898,1
2014-03-25,0.81,56.366,1
2014-03-26,0.83,57.755,1
2014-03-27,0.81,33.449,1
2014-03-28,0.75,54.398,1
2014-03-29,0.79,57.755,1
2014-03-30,0.74,46.644,1
2014-03-31,0.74,54.282,1
2014-04-01,0.8,51.852,1
2014-04-02,0.83,57.407,1
2014-04-03,0.84,57.407,1
2014-04-04,0.84,57.755,1
2014-04-05,0.83,58.102,1
2014-04-06,0.82,58.102,1
2014-04-07,0.81,74.19,1
2014-04-08,0.81,71.296,1
2014-04-09,0.78,83.912,1
2014-04-10,0.83,84.143,1
2014-04-11,0.84,84.028,1
2014-04-12,0.83,83.565,1
2014-04-13,0.85,84.028,1
2014-04-14,0.84,83.912,1
2014-04-15,0.84,84.606,1
2014-04-16,0.84,84.954,1
2014-04-17,0.83,85.069,1
2014-04-18,0.84,85.069,1
2014-04-19,0.84,84.954,1
2014-04-20,0.84,84.954,1
2014-04-21,0.84,85.069,1
2014-04-22,0.85,85.069,1
2014-04-23,0.84,84.954,1
2014-04-24,0.85,76.042,1
2014-04-25,0.84,66.898,1
2014-04-26,0.84,66.898,1
2014-04-27,0.84,66.898,1
2014-04-28,0.85,66.782,1
2014-04-29,0.84,63.079,1
2014-04-30,0.84,60.417,1
2014-05-01,0.76,57.87,1
2014-05-02,0.79,56.018,1
2014-05-03,0.83,58.681,1
2014-05-04,0.71,56.134,1
2014-05-05,0.82,53.009,1
2014-05-06,0.81,52.894,1
2014-05-07,0.81,50.0,1
2014-05-08,0.75,52.662,1
2014-05-09,0.84,44.56,1
2014-05-10,0.83,33.912,1
2014-05-11,0.76,25.231,1
2014-05-12,0.82,18.056,1
2014-05-13,0.81,37.384,1
2014-05-14,0.78,40.856,1
2014-05-15,0.77,41.319,1
2014-05-16,0.76,37.616,1
2014-05-17,0.79,19.907,1
2014-05-18,0.79,33.565,1
2014-05-19,0.77,36.921,1
2014-05-20,0.78,34.722,1
2014-05-21,0.83,36.806,1
2014-05-22,0.79,38.657,1
2014-05-23,0.76,39.699,1
2014-05-24,0.82,31.019,1
2014-05-25,0.79,31.481,1
2014-05-26,0.75,28.125,1
2014-05-27,0.77,49.19,1
2014-05-28,0.72,46.528,1
2014-05-29,0.77,49.074,1
2014-05-30,0.75,48.148,1
2014-05-31,0.76,21.528,1
2014-06-01,0.8,22.338,1
2014-06-02,0.79,43.981,1
2014-06-03,0.82,46.065,1
2014-06-04,0.75,27.199,1
2014-06-05,0.81,38.889,1
2014-06-06,0.72,41.782,1
2014-06-07,0.75,39.468,1
2014-06-08,0.83,37.037,1
2014-06-09,0.82,43.866,1
2014-06-10,0.74,44.907,1
2014-06-11,0.79,49.421,1
2014-06-12,0.76,46.065,1
2014-06-13,0.76,43.981,1
2014-06-14,0.78,26.852,1
2014-06-15,0.83,27.894,1
2014-06-16,0.83,37.847,1
2014-06-17,0.86,39.699,1
2014-06-18,0.8,41.319,1
2014-06-19,0.79,40.856,1
2014-06-20,0.79,36.458,1
2014-06-21,0.8,12.847,1
2014-06-22,0.78,11.806,1
2014-06-23,0.75,37.037,1
2014-06-24,0.81,26.852,1
2014-06-25,0.83,22.917,1
2014-06-26,0.81,36.806,1
2014-06-27,0.77,39.236,1
2014-06-28,0.79,13.079,1
2014-06-29,0.74,14.699,1
2014-06-30,0.75,38.773,1
2014-07-01,0.8,35.301,1
2014-07-02,0.74,38.31,1
2014-07-03,0.78,38.657,1
2014-07-04,0.8,38.889,1
2014-07-05,0.78,21.181,1
2014-07-06,0.84,21.065,1
2014-07-07,0.73,39.352,1
2014-07-08,0.81,43.287,1
2014-07-09,0.73,38.657,1
2014-07-10,0.8,40.394,1
2014-07-11,0.77,39.12,1
2014-07-12,0.81,36.69,1
2014-07-13,0.84,37.384,1
2014-07-14,0.84,40.741,1
2014-07-15,0.78,40.625,1
2014-07-16,0.81,37.384,1
2014-07-17,0.74,39.699,1
2014-07-18,0.77,35.185,1
2014-07-19,0.81,18.056,1
2014-07-20,0.8,11.111,1
2014-07-21,0.83,36.111,1
2014-07-22,0.85,37.5,1
2014-07-23,0.83,40.972,1
2014-07-24,0.83,42.708,1
2014-07-25,0.82,41.319,1
2014-07-26,0.8,12.384,1
2014-07-27,0.75,10.532,1
2014-07-28,0.79,38.079,1
2014-07-29,0.83,35.648,1
2014-07-30,0.82,27.083,1
2014-07-31,0.85,27.894,1
2014-08-01,0.85,28.819,1
2014-08-02,0.85,19.56,1
2014-08-03,0.82,17.245,1
2014-08-04,0.85,33.565,1
2014-08-05,0.84,30.671,1
2014-08-06,0.83,33.218,1
2014-08-07,0.81,34.259,1
2014-08-08,0.8,31.713,1
2014-08-09,0.79,23.264,1
2014-08-10,0.76,19.676,1
2014-08-11,0.8,46.644,1
2014-08-12,0.81,46.065,1
2014-08-13,0.85,44.444,1
2014-08-14,0.8,44.213,1
2014-08-15,0.85,18.056,1
2014-08-16,0.81,16.551,1
2014-08-17,0.82,16.204,1
2014-08-18,0.83,35.88,1
2014-08-19,0.83,38.657,1
2014-08-20,0.81,46.875,1
2014-08-21,0.83,47.685,1
2014-08-22,0.84,44.676,1
2014-08-23,0.83,22.917,1
2014-08-24,0.83,18.519,1
2014-08-25,0.84,43.634,1
2014-08-26,0.84,44.676,1
2014-08-27,0.79,46.296,1
2014-08-28,0.82,46.412,1
2014-08-29,0.85,43.287,1
2014-08-30,0.84,10.417,1
2014-08-31,0.82,9.375,1
2014-09-01,0.77,8.565,1
2014-09-02,0.79,8.565,1
2014-09-03,0.8,8.565,1
2014-09-04,0.79,8.565,1
2014-09-05,0.78,8.565,1
2014-09-06,0.76,8.565,1
2014-09-07,0.76,8.565,1
2014-09-08,0.79,8.565,1
2014-09-09,0.78,8.565,1
2014-09-10,0.77,8.333,1
2014-09-11,0.76,8.102,1
2014-09-12,0.77,7.176,1
2014-09-13,0.78,6.597,1
2014-09-14,0.79,6.597,1
2014-09-15,0.78,5.903,1
2014-09-16,0.76,5.556,1
2014-09-17,0.78,5.556,1
2014-09-18,0.8,4.63,1
2014-09-19,0.78,4.051,1
2014-09-20,0.73,4.051,1
2014-09-21,0.77,4.051,1
2014-09-22,0.81,5.671,1
2014-09-23,0.81,4.977,1
2014-09-24,0.81,4.051,1
2014-09-25,0.77,4.051,1
2014-09-26,0.77,4.051,1
2014-09-27,0.76,4.051,1
2014-09-28,0.78,4.051,1
2014-09-29,0.77,4.051,1
2014-09-30,0.71,4.051,1
2014-10-01,0.61,4.051,1
2014-10-02,0.6,4.051,1
2014-10-03,0.62,4.051,1
2014-10-04,0.65,4.051,1
2014-10-05,0.77,4.051,1
2014-10-06,0.79,4.051,1
2014-10-07,0.66,4.051,1
2014-10-08,0.61,4.051,1
2014-10-09,0.77,4.051,1
2014-10-10,0.81,4.977,1
2014-10-11,0.81,2.546,1
2014-10-12,0.76,6.25,1
2014-10-13,0.82,3.472,1
2014-10-14,0.74,6.366,1
2014-10-15,0.82,4.63,1
2014-10-16,0.73,5.671,1
2014-10-17,0.78,5.903,1
2014-10-18,0.82,6.366,1
2014-10-19,0.8,4.051,1
2014-10-20,0.82,9.028,1
2014-10-21,0.8,7.06,1
2014-10-22,0.79,13.657,1
2014-10-23,0.78,9.259,1
2014-10-24,0.71,10.764,1
2014-10-25,0.8,11.111,1
2014-10-26,0.71,6.25,1
2014-10-27,0.79,14.699,1
2014-10-28,0.78,23.611,1
2014-10-29,0.8,24.769,1
2014-10-30,0.72,32.292,1
2014-10-31,0.74,38.079,1
2014-11-01,0.81,34.144,1
2014-11-02,0.77,35.417,1
2014-11-03,0.69,27.315,1
2014-11-04,0.8,16.551,1
2014-11-05,0.77,19.676,1
2014-11-06,0.72,17.593,1
2014-11-07,0.8,21.296,1
2014-11-08,0.81,7.755,1
2014-11-09,0.72,7.755,1
2014-11-10,0.66,27.431,1
2014-11-11,0.74,15.162,1
2014-11-12,0.72,21.412,1
2014-11-13,0.66,7.176,1
2014-11-14,0.71,9.375,1
2014-11-15,0.75,2.546,1
2014-11-16,0.76,4.514,1
2014-11-17,0.75,9.722,1
2014-11-18,0.62,6.134,1
2014-11-19,0.66,2.546,1
2014-11-20,0.7,2.546,1
2014-11-21,0.75,8.681,1
2014-11-22,0.68,16.782,1
2014-11-23,0.69,9.606,1
2014-11-24,0.71,26.736,1
2014-11-25,0.74,30.093,1
2014-11-26,0.61,33.102,1
2014-11-27,0.76,30.787,1
2014-11-28,0.75,31.481,1
2014-11-29,0.71,28.241,1
2014-11-30,0.78,16.782,1
2014-12-01,0.77,22.106,1
2014-12-02,0.73,21.644,1
2014-12-03,0.69,36.574,1
2014-12-04,0.72,36.574,1
2014-12-05,0.73,37.037,1
2014-12-06,0.74,7.523,1
2014-12-07,0.64,8.218,1
2014-12-08,0.77,8.565,1
2014-12-09,0.79,31.366,1
2014-12-10,0.75,30.671,1
2014-12-11,0.74,34.606,1
2014-12-12,0.66,34.954,1
2014-12-13,0.71,19.329,1
2014-12-14,0.73,27.083,1
2014-12-15,0.71,33.218,1
2014-12-16,0.78,29.861,1
2014-12-17,0.7,33.102,1
2014-12-18,0.72,32.986,1
2014-12-19,0.7,32.292,1
2014-12-20,0.77,35.764,1
2014-12-21,0.72,24.19,1
2014-12-22,0.69,33.449,1
2014-12-23,0.79,45.602,1
2014-12-24,0.77,45.718,1
2014-12-25,0.78,16.667,1
2014-12-26,0.71,23.38,1
2014-12-27,0.8,8.912,1
2014-12-28,0.78,2.778,1
2014-12-29,0.75,35.301,1
2014-12-30,0.78,37.963,1
2014-12-31,0.77,39.583,1
2015-01-01,0.82,37.037,1
2015-01-02,0.77,39.236,1
2015-01-03,0.68,34.028,1
2015-01-04,0.7,31.597,1
2015-01-05,0.69,37.731,1
2015-01-06,0.79,34.606,1
2015-01-07,0.72,39.931,1
2015-01-08,0.78,38.194,1
2015-01-09,0.77,40.046,1
2015-01-10,0.82,32.176,1
2015-01-11,0.76,18.75,1
2015-01-12,0.71,35.417,1
2015-01-13,0.73,35.764,1
2015-01-14,0.71,42.245,1
2015-01-15,0.81,17.245,1
2015-01-16,0.81,9.375,1
2015-01-17,0.65,23.264,1
2015-01-18,0.76,14.468,1
2015-01-19,0.74,22.222,1
2015-01-20,0.74,30.903,1
2015-01-21,0.71,24.074,1
2015-01-22,0.67,17.94,1
2015-01-23,0.71,18.056,1
2015-01-24,0.71,7.292,1
2015-01-25,0.79,10.88,1
2015-01-26,0.81,9.144,1
2015-01-27,0.78,2.546,1
2015-01-28,0.83,11.921,1
2015-01-29,0.76,4.051,1
2015-01-30,0.77,21.065,1
2015-01-31,0.72,30.208,1
2015-02-01,0.74,22.222,1
2015-02-02,0.62,29.051,1
2015-02-03,0.76,44.097,1
2015-02-04,0.67,39.352,1
2015-02-05,0.75,30.787,1
2015-02-06,0.75,40.509,1
2015-02-07,0.75,50.463,1
2015-02-08,0.8,48.958,1
2015-02-09,0.74,49.537,1
2015-02-10,0.71,49.884,1
2015-02-11,0.74,51.852,1
2015-02-12,0.75,51.389,1
2015-02-13,0.78,51.852,1
2015-02-14,0.81,50.926,1
2015-02-15,0.84,51.852,1
2015-02-16,0.84,52.199,1
2015-02-17,0.84,61.921,1
2015-02-18,0.84,66.898,1
2015-02-19,0.82,66.667,1
2015-02-20,0.84,67.245,1
2015-02-21,0.79,67.014,1
2015-02-22,0.79,64.352,1
2015-02-23,0.84,63.542,1
2015-02-24,0.83,66.782,1
2015-02-25,0.84,67.708,1
2015-02-26,0.84,67.708,1
2015-02-27,0.84,67.824,1
2015-02-28,0.84,67.708,1
2015-03-01,0.84,67.593,1
2015-03-02,0.84,67.593,1
2015-03-03,0.84,67.708,1
2015-03-04,0.83,67.593,1
2015-03-05,0.84,67.708,1
2015-03-06,0.85,67.708,1
2015-03-07,0.84,67.245,1
2015-03-08,0.84,66.898,1
2015-03-09,0.84,66.898,1
2015-03-10,0.76,51.968,1
2015-03-11,0.67,34.606,1
2015-03-12,0.76,29.977,1
2015-03-13,0.79,28.009,1
2015-03-14,0.82,22.222,1
2015-03-15,0.73,13.194,1
2015-03-16,0.76,16.782,1
2015-03-17,0.8,30.787,1
2015-03-18,0.82,42.824,1
2015-03-19,0.83,37.384,1
2015-03-20,0.81,39.583,1
2015-03-21,0.83,39.005,1
2015-03-22,0.65,31.713,1
2015-03-23,0.67,36.343,1
2015-03-24,0.8,12.731,1
2015-03-25,0.77,3.125,1
2015-03-26,0.73,3.472,1
2015-03-27,0.79,5.324,1
2015-03-28,0.75,7.176,1
2015-03-29,0.75,3.472,1
2015-03-30,0.8,10.301,1
2015-03-31,0.82,33.333,1
2015-04-01,0.77,22.917,1
2015-04-02,0.8,6.481,1
2015-04-03,0.81,6.829,1
2015-04-04,0.82,7.755,1
2015-04-05,0.81,8.449,1
2015-04-06,0.79,13.31,1
2015-04-07,0.82,18.75,1
2015-04-08,0.8,21.759,1
2015-04-09,0.79,35.185,1
2015-04-10,0.81,40.625,1
2015-04-11,0.75,46.296,1
2015-04-12,0.82,18.403,1
2015-04-13,0.78,24.074,1
2015-04-14,0.76,27.894,1
2015-04-15,0.71,35.995,1
2015-04-16,0.69,47.917,1
2015-04-17,0.84,42.824,1
2015-04-18,0.75,25.116,1
2015-04-19,0.78,17.245,1
2015-04-20,0.79,42.361,1
2015-04-21,0.82,42.014,1
2015-04-22,0.79,41.319,1
2015-04-23,0.79,39.699,1
2015-04-24,0.75,37.037,1
2015-04-25,0.76,21.875,1
2015-04-26,0.72,14.468,1
2015-04-27,0.8,38.194,1
2015-04-28,0.77,38.542,1
2015-04-29,0.76,43.519,1
2015-04-30,0.76,25.231,1
2015-05-01,0.76,10.764,1
2015-05-02,0.78,11.574,1
2015-05-03,0.75,13.194,1
2015-05-04,0.83,34.144,1
2015-05-05,0.78,32.755,1
2015-05-06,0.79,42.593,1
2015-05-07,0.68,43.287,1
2015-05-08,0.8,45.486,1
2015-05-09,0.77,53.472,1
2015-05-10,0.75,50.0,1
2015-05-11,0.78,50.116,1
2015-05-12,0.77,51.62,1
2015-05-13,0.69,53.009,1
2015-05-14,0.79,50.694,1
2015-05-15,0.74,41.898,1
2015-05-16,0.85,25.694,1
2015-05-17,0.75,37.616,1
2015-05-18,0.77,47.222,1
2015-05-19,0.78,46.412,1
2015-05-20,0.79,44.444,1
2015-05-21,0.77,44.444,1
2015-05-22,0.75,42.593,1
2015-05-23,0.74,23.38,1
2015-05-24,0.76,19.676,1
2015-05-25,0.78,41.088,1
2015-05-26,0.8,40.509,1
2015-05-27,0.8,40.278,1
2015-05-28,0.81,40.856,1
2015-05-29,0.79,38.079,1
2015-05-30,0.8,20.949,1
2015-05-31,0.77,17.593,1
2015-06-01,0.77,42.708,1
2015-06-02,0.77,43.519,1
2015-06-03,0.82,41.667,1
2015-06-04,0.82,38.542,1
2015-06-05,0.78,31.481,1
2015-06-06,0.79,24.074,1
2015-06-07,0.85,19.097,1
2015-06-08,0.82,24.306,1
2015-06-09,0.82,30.208,1
2015-06-10,0.76,34.954,1
2015-06-11,0.77,41.435,1
2015-06-12,0.78,42.94,1
2015-06-13,0.79,26.62,1
2015-06-14,0.78,25.231,1
2015-06-15,0.77,47.106,1
2015-06-16,0.79,43.171,1
2015-06-17,0.72,42.824,1
2015-06-18,0.72,38.31,1
2015-06-19,0.81,41.435,1
2015-06-20,0.81,23.611,1
2015-06-21,0.82,22.569,1
2015-06-22,0.81,32.639,1
2015-06-23,0.8,45.023,1
2015-06-24,0.78,43.403,1
2015-06-25,0.8,43.519,1
2015-06-26,0.83,38.773,1
2015-06-27,0.8,18.981,1
2015-06-28,0.83,15.741,1
2015-06-29,0.81,44.792,1
2015-06-30,0.82,42.245,1
2015-07-01,0.81,26.157,1
2015-07-02,0.73,43.056,1
2015-07-03,0.85,52.431,1
2015-07-04,0.81,27.894,1
2015-07-05,0.78,18.75,1
2015-07-06,0.79,45.255,1
2015-07-07,0.78,44.444,1
2015-07-08,0.82,46.644,1
2015-07-09,0.8,44.329,1
2015-07-10,0.81,37.963,1
2015-07-11,0.75,27.315,1
2015-07-12,0.85,29.63,1
2015-07-13,0.82,42.824,1
2015-07-14,0.82,44.56,1
2015-07-15,0.8,44.444,1
2015-07-16,0.8,41.782,1
2015-07-17,0.78,41.551,1
2015-07-18,0.79,15.625,1
2015-07-19,0.81,17.361,1
2015-07-20,0.84,42.245,1
2015-07-21,0.82,45.486,1
2015-07-22,0.82,40.856,1
2015-07-23,0.84,43.403,1
2015-07-24,0.81,29.167,1
2015-07-25,0.83,15.972,1
2015-07-26,0.85,10.417,1
2015-07-27,0.79,10.532,1
2015-07-28,0.8,9.491,1
2015-07-29,0.79,9.491,1
2015-07-30,0.78,9.491,1
2015-07-31,0.79,9.491,1
2015-08-01,0.75,9.491,1
2015-08-02,0.8,9.491,1
2015-08-03,0.78,9.491,1
2015-08-04,0.79,9.491,1
2015-08-05,0.7,9.491,1
2015-08-06,0.79,9.491,1
2015-08-07,0.73,9.491,1
2015-08-08,0.78,9.491,1
2015-08-09,0.77,9.491,1
2015-08-10,0.78,9.491,1
2015-08-11,0.78,9.491,1
2015-08-12,0.79,9.491,1
2015-08-13,0.67,9.491,1
2015-08-14,0.73,9.259,1
2015-08-15,0.8,9.028,1
2015-08-16,0.79,9.028,1
2015-08-17,0.79,9.028,1
2015-08-18,0.8,9.028,1
2015-08-19,0.77,9.028,1
2015-08-20,0.79,9.028,1
2015-08-21,0.79,9.028,1
2015-08-22,0.68,9.028,1
2015-08-23,0.79,9.028,1
2015-08-24,0.8,8.681,1
2015-08-25,0.81,8.449,1
2015-08-26,0.78,8.449,1
2015-08-27,0.77,8.449,1
2015-08-28,0.81,8.449,1
2015-08-29,0.79,8.449,1
2015-08-30,0.81,8.449,1
2015-08-31,0.78,36.921,1
2015-09-01,0.81,28.704,1
2015-09-02,0.81,26.273,1
2015-09-03,0.82,26.505,1
2015-09-04,0.85,25.347,1
2015-09-05,0.83,17.13,1
2015-09-06,0.82,17.94,1
2015-09-07,0.76,32.523,1
2015-09-08,0.8,28.704,1
2015-09-09,0.77,32.292,1
2015-09-10,0.63,31.713,1
2015-09-11,0.77,28.935,1
2015-09-12,0.75,23.264,1
2015-09-13,0.82,11.111,1
2015-09-14,0.81,20.833,1
2015-09-15,0.81,18.634,1
2015-09-16,0.76,18.171,1
2015-09-17,0.77,19.097,1
2015-09-18,0.66,34.259,1
2015-09-19,0.8,12.616,1
2015-09-20,0.77,14.931,1
2015-09-21,0.8,31.944,1
2015-09-22,0.74,21.296,1
2015-09-23,0.78,24.769,1
2015-09-24,0.8,24.19,1
2015-09-25,0.79,19.907,1
2015-09-26,0.78,18.75,1
2015-09-27,0.81,12.037,1
2015-09-28,0.79,14.005,1
2015-09-29,0.8,14.352,1
2015-09-30,0.8,20.486,1
2015-10-01,0.83,35.417,1
2015-10-02,0.84,29.514,1
2015-10-03,0.85,22.338,1
2015-10-04,0.83,18.403,1
2015-10-05,0.8,15.509,1
2015-10-06,0.78,12.153,1
2015-10-07,0.76,16.551,1
2015-10-08,0.75,18.866,1
2015-10-09,0.77,21.875,1
2015-10-10,0.79,8.796,1
2015-10-11,0.77,12.153,1
2015-10-12,0.73,12.847,1
2015-10-13,0.74,10.185,1
2015-10-14,0.69,12.616,1
2015-10-15,0.73,17.708,1
2015-10-16,0.8,33.796,1
2015-10-17,0.77,8.912,1
2015-10-18,0.72,7.755,1
2015-10-19,0.8,20.486,1
2015-10-20,0.77,32.755,1
2015-10-21,0.78,10.532,1
2015-10-22,0.78,7.407,1
2015-10-23,0.76,15.972,1
2015-10-24,0.66,12.153,1
2015-10-25,0.72,9.144,1
2015-10-26,0.62,15.625,1
2015-10-27,0.77,12.616,1
2015-10-28,0.75,15.278,1
2015-10-29,0.7,29.861,1
2015-10-30,0.77,25.463,1
2015-10-31,0.76,16.088,1
2015-11-01,0.8,15.162,1
2015-11-02,0.73,21.991,1
2015-11-03,0.64,21.528,1
2015-11-04,0.76,19.792,1
2015-11-05,0.69,19.097,1
2015-11-06,0.72,25.116,1
2015-11-07,0.67,20.486,1
2015-11-08,0.75,13.426,1
2015-11-09,0.75,34.028,1
2015-11-10,0.74,33.218,1
2015-11-11,0.77,34.838,1
2015-11-12,0.76,44.444,1
2015-11-13,0.73,27.662,1
2015-11-14,0.77,13.194,1
2015-11-15,0.74,16.898,1
2015-11-16,0.75,31.829,1
2015-11-17,0.76,29.977,1
2015-11-18,0.72,29.398,1
2015-11-19,0.71,32.639,1
2015-11-20,0.75,18.171,1
2015-11-21,0.74,9.144,1
2015-11-22,0.75,14.468,1
2015-11-23,0.73,36.458,1
2015-11-24,0.83,36.227,1
2015-11-25,0.69,28.241,1
2015-11-26,0.62,21.528,1
2015-11-27,0.74,30.671,1
2015-11-28,0.8,3.704,1
2015-11-29,0.82,8.218,1
2015-11-30,0.73,32.986,1
2015-12-01,0.74,27.083,1
2015-12-02,0.67,31.829,1
2015-12-03,0.71,31.134,1
2015-12-04,0.74,33.796,1
2015-12-05,0.71,18.171,1
2015-12-06,0.64,2.546,1
2015-12-07,0.76,2.546,1
2015-12-08,0.71,7.755,1
2015-12-09,0.72,26.389,1
2015-12-10,0.75,29.398,1
2015-12-11,0.79,29.167,1
2015-12-12,0.74,10.532,1
2015-12-13,0.75,7.407,1
2015-12-14,0.75,10.764,1
2015-12-15,0.62,17.245,1
2015-12-16,0.81,17.245,1
2015-12-17,0.8,9.259,1
2015-12-18,0.79,11.806,1
2015-12-19,0.7,3.704,1
2015-12-20,0.78,3.935,1
2015-12-21,0.8,16.782,1
2015-12-22,0.66,11.343,1
2015-12-23,0.71,10.995,1
2015-12-24,0.7,3.588,1
2015-12-25,0.68,8.218,1
2015-12-26,0.8,7.176,1
2015-12-27,0.8,6.713,1
2015-12-28,0.79,9.606,1
2015-12-29,0.79,6.944,1
2015-12-30,0.81,11.343,1
2015-12-31,0.81,12.153,1
2016-01-01,0.73,4.745,1
2016-01-02,0.77,5.093,1
2016-01-03,0.69,9.491,1
2016-01-04,0.7,44.213,1
2016-01-05,0.68,36.69,1
2016-01-06,0.76,13.773,1
2016-01-07,0.71,26.042,1
2016-01-08,0.65,20.949,1
2016-01-09,0.68,13.079,1
2016-01-10,0.77,5.324,1
2016-01-11,0.62,2.546,1
2016-01-12,0.74,14.583,1
2016-01-13,0.77,30.556,1
2016-01-14,0.67,42.477,1
2016-01-15,0.63,44.676,1
2016-01-16,0.62,44.213,1
2016-01-17,0.7,45.255,1
2016-01-18,0.82,47.569,1
2016-01-19,0.84,50.926,1
2016-01-20,0.85,50.231,1
2016-01-21,0.85,49.769,1
2016-01-22,0.85,49.306,1
2016-01-23,0.83,47.338,1
2016-01-24,0.82,46.065,1
2016-01-25,0.84,47.106,1
2016-01-26,0.83,46.644,1
2016-01-27,0.84,46.759,1
2016-01-28,0.84,47.685,1
2016-01-29,0.84,50.463,1
2016-01-30,0.84,50.81,1
2016-01-31,0.84,50.579,1
2016-02-01,0.84,50.926,1
2016-02-02,0.85,51.505,1
2016-02-03,0.85,51.505,1
2016-02-04,0.85,51.852,1
2016-02-05,0.82,34.606,1
2016-02-06,0.8,52.431,1
2016-02-07,0.85,52.315,1
2016-02-08,0.83,50.81,1
2016-02-09,0.79,50.926,1
2016-02-10,0.71,51.968,1
2016-02-11,0.8,45.949,1
2016-02-12,0.84,51.852,1
2016-02-13,0.83,52.662,1
2016-02-14,0.84,52.778,1
2016-02-15,0.84,69.907,1
2016-02-16,0.84,88.427,1
2016-02-17,0.84,89.584,1
2016-02-18,0.84,90.279,1
2016-02-19,0.84,90.394,1
2016-02-20,0.84,90.394,1
2016-02-21,0.84,90.163,1
2016-02-22,0.84,90.047,1
2016-02-23,0.84,90.279,1
2016-02-24,0.84,90.279,1
2016-02-25,0.84,90.394,1
2016-02-26,0.84,86.922,1
2016-02-27,0.85,90.047,1
2016-02-28,0.85,90.163,1
2016-02-29,0.84,89.932,1
2016-03-01,0.83,84.029,1
2016-03-02,0.77,78.936,1
2016-03-03,0.84,70.486,1
2016-03-04,0.84,65.509,1
2016-03-05,0.85,65.393,1
2016-03-06,0.84,65.393,1
2016-03-07,0.85,65.278,1
2016-03-08,0.85,65.278,1
2016-03-09,0.85,65.509,1
2016-03-10,0.84,65.625,1
2016-03-11,0.84,65.856,1
2016-03-12,0.84,66.088,1
2016-03-13,0.85,66.088,1
2016-03-14,0.85,65.856,1
2016-03-15,0.84,65.741,1
2016-03-16,0.84,65.741,1
2016-03-17,0.84,65.741,1
2016-03-18,0.84,65.625,1
2016-03-19,0.84,65.741,1
2016-03-20,0.85,65.741,1
2016-03-21,0.85,64.005,1
2016-03-22,0.85,63.194,1
2016-03-23,0.84,63.542,1
2016-03-24,0.84,63.31,1
2016-03-25,0.85,63.079,1
2016-03-26,0.84,63.194,1
2016-03-27,0.84,64.815,1
2016-03-28,0.75,35.301,1
2016-03-29,0.84,20.833,1
2016-03-30,0.82,29.977,1
2016-03-31,0.83,29.63,1
2016-04-01,0.85,45.949,1
2016-04-02,0.84,71.991,1
2016-04-03,0.84,72.338,1
2016-04-04,0.85,72.685,1
2016-04-05,0.84,72.802,1
2016-04-06,0.85,72.802,1
2016-04-07,0.85,72.685,1
2016-04-08,0.85,72.569,1
2016-04-09,0.84,72.569,1
2016-04-10,0.85,72.455,1
2016-04-11,0.85,72.338,1
2016-04-12,0.84,72.222,1
2016-04-13,0.85,72.338,1
2016-04-14,0.84,72.338,1
2016-04-15,0.84,72.338,1
2016-04-16,0.85,72.338,1
2016-04-17,0.85,72.222,1
2016-04-18,0.85,72.222,1
2016-04-19,0.85,72.222,1
2016-04-20,0.84,71.991,1
2016-04-21,0.85,80.556,1
2016-04-22,0.85,86.807,1
2016-04-23,0.85,86.807,1
2016-04-24,0.85,86.691,1
2016-04-25,0.85,86.807,1
2016-04-26,0.85,86.807,1
2016-04-27,0.85,87.501,1
2016-04-28,0.85,88.08,1
2016-04-29,0.85,88.08,1
2016-04-30,0.85,87.964,1
2016-05-01,0.85,87.964,1
2016-05-02,0.84,87.848,1
2016-05-03,0.85,81.598,1
2016-05-04,0.82,77.2,1
2016-05-05,0.81,71.875,1
2016-05-06,0.85,67.361,1
2016-05-07,0.83,66.898,1
2016-05-08,0.84,66.782,1
2016-05-09,0.85,60.185,1
2016-05-10,0.84,54.282,1
2016-05-11,0.84,54.398,1
2016-05-12,0.84,54.514,1
2016-05-13,0.84,54.63,1
2016-05-14,0.85,54.745,1
2016-05-15,0.85,54.745,1
2016-05-16,0.85,54.977,1
2016-05-17,0.84,55.787,1
2016-05-18,0.85,55.787,1
2016-05-19,0.85,55.671,1
2016-05-20,0.82,46.875,1
2016-05-21,0.81,48.032,1
2016-05-22,0.81,47.569,1
2016-05-23,0.84,50.579,1
2016-05-24,0.82,51.968,1
2016-05-25,0.8,51.273,1
2016-05-26,0.81,51.273,1
2016-05-27,0.83,38.773,1
2016-05-28,0.81,39.352,1
2016-05-29,0.81,40.162,1
2016-05-30,0.79,45.255,1
2016-05-31,0.81,43.634,1
2016-06-01,0.83,46.181,1
2016-06-02,0.85,44.213,1
2016-06-03,0.8,45.139,1
2016-06-04,0.8,25.116,1
2016-06-05,0.85,23.843,1
2016-06-06,0.79,36.111,1
2016-06-07,0.78,38.194,1
2016-06-08,0.82,42.94,1
2016-06-09,0.8,20.718,1
2016-06-10,0.76,44.676,1
2016-06-11,0.75,32.986,1
2016-06-12,0.74,25.926,1
2016-06-13,0.8,27.199,1
2016-06-14,0.79,26.968,1
2016-06-15,0.7,41.667,1
2016-06-16,0.6,27.315,1
2016-06-17,0.71,30.556,1
2016-06-18,0.7,23.843,1
2016-06-19,0.8,14.12,1
2016-06-20,0.79,47.801,1
2016-06-21,0.77,49.653,1
2016-06-22,0.79,43.75,1
2016-06-23,0.83,43.171,1
2016-06-24,0.75,38.657,1
2016-06-25,0.8,13.079,1
2016-06-26,0.81,13.31,1
2016-06-27,0.81,43.981,1
2016-06-28,0.76,44.676,1
2016-06-29,0.79,42.593,1
2016-06-30,0.86,41.435,1
2016-07-01,0.82,43.171,1
2016-07-02,0.8,16.088,1
2016-07-03,0.8,9.954,1
2016-07-04,0.8,33.218,1
2016-07-05,0.78,35.532,1
2016-07-06,0.76,44.444,1
2016-07-07,0.77,51.505,1
2016-07-08,0.76,54.861,1
2016-07-09,0.76,53.704,1
2016-07-10,0.72,53.125,1
2016-07-11,0.82,53.704,1
2016-07-12,0.81,53.704,1
2016-07-13,0.83,52.199,1
2016-07-14,0.84,53.125,1
2016-07-15,0.81,54.977,1
2016-07-16,0.79,50.347,1
2016-07-17,0.79,48.843,1
2016-07-18,0.82,54.051,1
2016-07-19,0.79,53.704,1
2016-07-20,0.81,52.778,1
2016-07-21,0.85,52.662,1
2016-07-22,0.76,52.778,1
2016-07-23,0.83,15.278,1
2016-07-24,0.78,18.981,1
2016-07-25,0.83,11.343,1
2016-07-26,0.83,9.491,1
2016-07-27,0.83,9.491,1
2016-07-28,0.84,9.491,1
2016-07-29,0.84,9.491,1
2016-07-30,0.83,9.491,1
2016-07-31,0.84,9.491,1
2016-08-01,0.79,9.491,1
2016-08-02,0.79,9.491,1
2016-08-03,0.77,9.491,1
2016-08-04,0.77,9.491,1
2016-08-05,0.77,9.491,1
2016-08-06,0.77,9.491,1
2016-08-07,0.77,9.491,1
2016-08-08,0.77,9.491,1
2016-08-09,0.77,9.491,1
2016-08-10,0.77,9.491,1
2016-08-11,0.79,10.417,1
2016-08-12,0.76,9.491,1
2016-08-13,0.77,9.491,1
2016-08-14,0.77,9.491,1
2016-08-15,0.77,9.491,1
2016-08-16,0.75,9.491,1
2016-08-17,0.76,9.491,1
2016-08-18,0.75,9.491,1
2016-08-19,0.75,9.491,1
2016-08-20,0.73,9.491,1
2016-08-21,0.81,9.491,1
2016-08-22,0.8,9.491,1
2016-08-23,0.8,9.491,1
2016-08-24,0.77,9.491,1
2016-08-25,0.79,9.491,1
2016-08-26,0.8,9.491,1
2016-08-27,0.76,9.491,1
2016-08-28,0.75,9.491,1
2016-08-29,0.8,9.491,1
2016-08-30,0.78,9.491,1
2016-08-31,0.77,9.491,1
2016-09-01,0.78,9.259,1
2016-09-02,0.81,9.028,1
2016-09-03,0.8,9.028,1
2016-09-04,0.79,9.028,1
2016-09-05,0.8,9.028,1
2016-09-06,0.74,38.889,1
2016-09-07,0.78,42.361,1
2016-09-08,0.81,37.5,1
2016-09-09,0.82,43.866,1
2016-09-10,0.83,9.028,1
2016-09-11,0.84,8.681,1
2016-09-12,0.83,17.014,1
2016-09-13,0.81,7.986,1
2016-09-14,0.8,29.977,1
2016-09-15,0.82,42.824,1
2016-09-16,0.82,42.13,1
2016-09-17,0.81,22.222,1
2016-09-18,0.83,22.801,1
2016-09-19,0.8,43.287,1
2016-09-20,0.81,47.454,1
2016-09-21,0.8,49.306,1
2016-09-22,0.78,46.875,1
2016-09-23,0.81,46.296,1
2016-09-24,0.82,26.273,1
2016-09-25,0.75,28.472,1
2016-09-26,0.82,47.106,1
2016-09-27,0.83,44.792,1
2016-09-28,0.83,45.833,1
2016-09-29,0.83,46.528,1
2016-09-30,0.83,46.181,1
2016-10-01,0.82,33.912,1
2016-10-02,0.83,23.032,1
2016-10-03,0.81,43.866,1
2016-10-04,0.84,44.56,1
2016-10-05,0.82,44.56,1
2016-10-06,0.83,43.866,1
2016-10-07,0.85,46.181,1
2016-10-08,0.81,26.968,1
2016-10-09,0.8,21.065,1
2016-10-10,0.83,41.319,1
2016-10-11,0.84,43.866,1
2016-10-12,0.84,20.37,1
2016-10-13,0.85,51.042,1
2016-10-14,0.82,56.713,1
2016-10-15,0.8,23.727,1
2016-10-16,0.84,18.287,1
2016-10-17,0.79,43.75,1
2016-10-18,0.83,42.593,1
2016-10-19,0.84,41.667,1
2016-10-20,0.83,42.014,1
2016-10-21,0.84,41.319,1
2016-10-22,0.86,13.194,1
2016-10-23,0.84,9.028,1
2016-10-24,0.81,28.125,1
2016-10-25,0.83,40.394,1
2016-10-26,0.81,42.593,1
2016-10-27,0.8,41.898,1
2016-10-28,0.8,40.972,1
2016-10-29,0.81,15.856,1
2016-10-30,0.8,10.88,1
2016-10-31,0.81,23.611,1
2016-11-01,0.81,10.185,1
2016-11-02,0.79,10.301,1
2016-11-03,0.77,10.88,1
2016-11-04,0.79,6.713,1
2016-11-05,0.82,8.912,1
2016-11-06,0.83,3.125,1
2016-11-07,0.82,3.125,1
2016-11-08,0.8,4.282,1
2016-11-09,0.81,3.009,1
2016-11-10,0.81,3.009,1
2016-11-11,0.78,3.009,1
2016-11-12,0.75,12.153,1
2016-11-13,0.66,3.009,1
2016-11-14,0.8,5.208,1
2016-11-15,0.8,4.745,1
2016-11-16,0.81,24.306,1
2016-11-17,0.78,23.495,1
2016-11-18,0.83,13.657,1
2016-11-19,0.75,3.009,1
2016-11-20,0.74,7.87,1
2016-11-21,0.81,13.773,1
2016-11-22,0.8,28.819,1
2016-11-23,0.75,30.324,1
2016-11-24,0.74,26.852,1
2016-11-25,0.82,20.718,1
2016-11-26,0.81,4.745,1
2016-11-27,0.76,3.009,1
2016-11-28,0.82,21.875,1
2016-11-29,0.69,23.958,1
2016-11-30,0.72,16.551,1
2016-12-01,0.74,11.458,1
2016-12-02,0.73,20.602,1
2016-12-03,0.82,5.44,1
2016-12-04,0.78,5.787,1
2016-12-05,0.81,6.019,1
2016-12-06,0.79,10.532,1
2016-12-07,0.75,12.269,1
2016-12-08,0.8,8.796,1
2016-12-09,0.8,6.366,1
2016-12-10,0.79,8.333,1
2016-12-11,0.77,6.481,1
2016-12-12,0.76,10.88,1
2016-12-13,0.78,13.31,1
2016-12-14,0.79,14.931,1
2016-12-15,0.78,26.736,1
2016-12-16,0.79,15.278,1
2016-12-17,0.76,13.426,1
2016-12-18,0.74,6.713,1
2016-12-19,0.8,16.898,1
2016-12-20,0.76,11.111,1
2016-12-21,0.76,4.745,1
2016-12-22,0.79,2.662,1
2016-12-23,0.78,4.282,1
2016-12-24,0.81,4.282,1
2016-12-25,0.77,6.25,1
2016-12-26,0.82,3.356,1
2016-12-27,0.83,4.051,1
2016-12-28,0.78,2.662,1
2016-12-29,0.72,2.662,1
2016-12-30,0.63,2.662,1
2016-12-31,0.74,2.662,1
2017-01-01,0.81,3.704,1
2017-01-02,0.73,2.662,1
2017-01-03,0.8,2.662,1
2017-01-04,0.8,2.662,1
2017-01-05,0.82,2.662,1
2017-01-06,0.81,2.662,1
2017-01-07,0.76,2.662,1
2017-01-08,0.76,2.662,1
2017-01-09,0.8,2.662,1
2017-01-10,0.78,2.662,1
2017-01-11,0.75,2.662,1
2017-01-12,0.79,2.662,1
2017-01-13,0.84,2.662,1
2017-01-14,0.79,2.662,1
2017-01-15,0.72,2.662,1
2017-01-16,0.7,2.662,1
2017-01-17,0.77,2.662,1
2017-01-18,0.64,2.662,1
2017-01-19,0.65,2.662,1
2017-01-20,0.75,2.662,1
2017-01-21,0.78,2.662,1
2017-01-22,0.66,2.662,1
2017-01-23,0.64,2.662,1
2017-01-24,0.78,2.662,1
2017-01-25,0.8,2.662,1
2017-01-26,0.7,2.662,1
2017-01-27,0.74,2.662,1
2017-01-28,0.8,2.662,1
2017-01-29,0.69,2.662,1
2017-01-30,0.73,2.662,1
2017-01-31,0.73,2.662,1
2017-02-01,0.72,2.662,1
2017-02-02,0.7,2.662,1
2017-02-03,0.72,2.662,1
2017-02-04,0.71,25.116,1
2017-02-05,0.65,33.218,1
2017-02-06,0.68,3.588,1
2017-02-07,0.78,3.704,1
2017-02-08,0.77,4.051,1
2017-02-09,0.77,2.662,1
2017-02-10,0.79,2.662,1
2017-02-11,0.79,2.662,1
2017-02-12,0.84,2.662,1
2017-02-13,0.77,28.819,1
2017-02-14,0.79,14.12,1
2017-02-15,0.83,2.778,1
2017-02-16,0.73,6.134,1
2017-02-17,0.77,3.704,1
2017-02-18,0.8,3.356,1
2017-02-19,0.8,3.704,1
2017-02-20,0.8,3.356,1
2017-02-21,0.8,2.778,1
2017-02-22,0.8,4.398,1
2017-02-23,0.77,3.704,1
2017-02-24,0.77,3.125,1
2017-02-25,0.8,2.662,1
2017-02-26,0.8,2.662,1
2017-02-27,0.8,2.662,1
2017-02-28,0.76,3.241,1
2017-03-01,0.76,2.662,1
2017-03-02,0.76,2.662,1
2017-03-03,0.78,3.819,1
2017-03-04,0.79,2.662,1
2017-03-05,0.82,2.662,1
2017-03-06,0.69,4.745,1
2017-03-07,0.73,2.662,1
2017-03-08,0.78,2.662,1
2017-03-09,0.83,2.662,1
2017-03-10,0.67,3.935,1
2017-03-11,0.65,2.662,1
2017-03-12,0.62,2.662,1
2017-03-13,0.63,2.662,1
2017-03-14,0.66,2.662,1
2017-03-15,0.69,2.662,1
2017-03-16,0.72,2.662,1
2017-03-17,0.74,2.662,1
2017-03-18,0.73,2.662,1
2017-03-19,0.74,2.662,1
2017-03-20,0.74,2.662,1
2017-03-21,0.75,2.662,1
2017-03-22,0.75,2.662,1
2017-03-23,0.76,2.662,1
2017-03-24,0.76,2.662,1
2017-03-25,0.76,2.662,1
2017-03-26,0.76,2.662,1
2017-03-27,0.76,2.662,1
2017-03-28,0.76,2.662,1
2017-03-29,0.76,3.009,1
2017-03-30,0.74,3.125,1
2017-03-31,0.75,2.662,1
2017-04-01,0.76,2.662,1
2017-04-02,0.76,2.662,1
2017-04-03,0.78,2.662,1
2017-04-04,0.78,2.662,1
2017-04-05,0.79,3.009,1
2017-04-06,0.83,3.241,1
2017-04-07,0.74,3.241,1
2017-04-08,0.64,3.241,1
2017-04-09,0.69,3.241,1
2017-04-10,0.81,3.472,1
2017-04-11,0.81,4.745,1
2017-04-12,0.81,5.903,1
2017-04-13,0.82,6.25,1
2017-04-14,0.87,6.25,1
2017-04-15,0.81,6.25,1
2017-04-16,0.73,6.25,1
2017-04-17,0.69,6.25,1
2017-04-18,0.69,6.829,1
2017-04-19,0.74,7.176,1
2017-04-20,0.77,6.944,1
2017-04-21,0.79,7.523,1
2017-04-22,0.84,7.523,1
2017-04-23,0.83,7.523,1
2017-04-24,0.81,7.523,1
2017-04-25,0.78,7.523,1
2017-04-26,0.84,7.523,1
2017-04-27,0.82,7.523,1
2017-04-28,0.82,7.523,1
2017-04-29,0.79,7.523,1
2017-04-30,0.77,7.523,1
2017-05-01,0.78,7.523,1
2017-05-02,0.78,7.523,1
2017-05-03,0.81,9.375,1
2017-05-04,0.81,22.106,1
2017-05-05,0.81,27.894,1
2017-05-06,0.82,22.801,1
2017-05-07,0.82,19.676,1
2017-05-08,0.82,33.449,1
2017-05-09,0.75,35.069,1
2017-05-10,0.82,8.449,1
2017-05-11,0.8,5.556,1
2017-05-12,0.82,4.977,1
2017-05-13,0.78,4.514,1
2017-05-14,0.82,4.514,1
2017-05-15,0.81,6.134,1
2017-05-16,0.79,6.944,1
2017-05-17,0.74,6.944,1
2017-05-18,0.83,6.481,1
2017-05-19,0.81,6.019,1
2017-05-20,0.78,6.019,1
2017-05-21,0.81,6.019,1
2017-05-22,0.8,6.597,1
2017-05-23,0.76,7.292,1
2017-05-24,0.79,7.755,1
2017-05-25,0.8,7.986,1
2017-05-26,0.8,8.681,1
2017-05-27,0.83,7.986,1
2017-05-28,0.78,7.986,1
2017-05-29,0.81,7.06,1
2017-05-30,0.8,6.829,1
2017-05-31,0.8,6.944,1
2017-06-01,0.82,9.838,1
2017-06-02,0.78,8.681,1
2017-06-03,0.8,8.565,1
2017-06-04,0.81,9.028,1
2017-06-05,0.82,11.574,1
2017-06-06,0.82,9.375,1
2017-06-07,0.82,9.259,1
2017-06-08,0.78,9.491,1
2017-06-09,0.83,9.838,1
2017-06-10,0.78,10.764,1
2017-06-11,0.81,9.028,1
2017-06-12,0.81,13.657,1
2017-06-13,0.81,10.417,1
2017-06-14,0.79,14.236,1
2017-06-15,0.81,14.468,1
2017-06-16,0.82,12.616,1
2017-06-17,0.82,9.028,1
2017-06-18,0.82,9.954,1
2017-06-19,0.81,9.144,1
2017-06-20,0.84,9.028,1
2017-06-21,0.84,9.954,1
2017-06-22,0.82,10.532,1
2017-06-23,0.82,9.722,1
2017-06-24,0.85,9.491,1
2017-06-25,0.83,9.491,1
2017-06-26,0.84,10.648,1
2017-06-27,0.83,10.648,1
2017-06-28,0.84,10.417,1
2017-06-29,0.84,10.648,1
2017-06-30,0.83,10.764,1
2017-07-01,0.81,10.185,1
2017-07-02,0.81,9.259,1
2017-07-03,0.82,10.069,1
2017-07-04,0.83,11.921,1
2017-07-05,0.83,9.838,1
2017-07-06,0.82,10.417,1
2017-07-07,0.81,21.759,1
2017-07-08,0.83,15.972,1
2017-07-09,0.84,12.153,1
2017-07-10,0.78,25.0,1
2017-07-11,0.81,35.995,1
2017-07-12,0.83,35.301,1
2017-07-13,0.84,28.819,1
2017-07-14,0.81,25.0,1
2017-07-15,0.82,15.741,1
2017-07-16,0.83,10.301,1
2017-07-17,0.81,9.491,1
2017-07-18,0.82,9.491,1
2017-07-19,0.81,9.491,1
2017-07-20,0.84,9.491,1
2017-07-21,0.84,9.491,1
2017-07-22,0.84,9.491,1
2017-07-23,0.84,9.491,1
2017-07-24,0.79,9.491,1
2017-07-25,0.79,9.491,1
2017-07-26,0.78,9.491,1
2017-07-27,0.79,9.491,1
2017-07-28,0.79,9.491,1
2017-07-29,0.8,9.491,1
2017-07-30,0.8,9.491,1
2017-07-31,0.8,9.491,1
2017-08-01,0.79,9.491,1
2017-08-02,0.79,9.491,1
2017-08-03,0.8,9.491,1
2017-08-04,0.79,9.491,1
2017-08-05,0.8,9.491,1
2017-08-06,0.8,9.491,1
2017-08-07,0.8,9.491,1
2017-08-08,0.8,9.491,1
2017-08-09,0.8,9.491,1
2017-08-10,0.8,9.491,1
2017-08-11,0.8,9.491,1
2017-08-12,0.8,9.491,1
2017-08-13,0.8,9.491,1
2017-08-14,0.79,9.491,1
2017-08-15,0.79,9.491,1
2017-08-16,0.79,9.491,1
2017-08-17,0.79,9.491,1
2017-08-18,0.79,9.491,1
2017-08-19,0.79,9.491,1
2017-08-20,0.79,9.491,1
2017-08-21,0.79,9.491,1
2017-08-22,0.79,9.491,1
2017-08-23,0.8,9.491,1
2017-08-24,0.79,9.144,1
2017-08-25,0.79,9.028,1
2017-08-26,0.79,9.028,1
2017-08-27,0.78,9.028,1
2017-08-28,0.79,8.333,1
2017-08-29,0.79,7.986,1
2017-08-30,0.79,7.986,1
2017-08-31,0.8,7.06,1
2017-09-01,0.78,6.481,1
2017-09-02,0.79,6.481,1
2017-09-03,0.81,6.481,1
2017-09-04,0.71,34.606,1
2017-09-05,0.81,35.301,1
2017-09-06,0.84,33.796,1
2017-09-07,0.77,34.375,1
2017-09-08,0.83,33.565,1
2017-09-09,0.84,7.523,1
2017-09-10,0.84,7.523,1
2017-09-11,0.83,8.681,1
2017-09-12,0.76,34.375,1
2017-09-13,0.8,51.042,1
2017-09-14,0.83,51.042,1
2017-09-15,0.82,49.19,1
2017-09-16,0.79,37.847,1
2017-09-17,0.76,39.468,1
2017-09-18,0.81,51.042,1
2017-09-19,0.75,50.579,1
2017-09-20,0.81,48.264,1
2017-09-21,0.85,56.713,1
2017-09-22,0.84,57.639,1
2017-09-23,0.85,57.755,1
2017-09-24,0.84,57.407,1
2017-09-25,0.84,57.176,1
2017-09-26,0.84,57.176,1
2017-09-27,0.84,57.06,1
2017-09-28,0.74,38.657,1
2017-09-29,0.84,33.449,1
2017-09-30,0.8,6.019,1
2017-10-01,0.69,4.514,1
2017-10-02,0.66,4.514,1
2017-10-03,0.79,25.694,1
2017-10-04,0.8,31.481,1
2017-10-05,0.7,21.412,1
2017-10-06,0.82,18.287,1
2017-10-07,0.82,8.102,1
2017-10-08,0.82,5.903,1
2017-10-09,0.82,10.185,1
2017-10-10,0.77,4.514,1
2017-10-11,0.68,4.514,1
2017-10-12,0.63,4.514,1
2017-10-13,0.75,4.514,1
2017-10-14,0.77,4.514,1
2017-10-15,0.77,4.514,1
2017-10-16,0.8,28.241,1
2017-10-17,0.73,35.532,1
2017-10-18,0.73,35.648,1
2017-10-19,0.77,31.713,1
2017-10-20,0.77,31.481,1
2017-10-21,0.74,16.204,1
2017-10-22,0.79,16.898,1
2017-10-23,0.77,37.963,1
2017-10-24,0.7,31.25,1
2017-10-25,0.77,37.5,1
2017-10-26,0.8,39.583,1
2017-10-27,0.77,32.407,1
2017-10-28,0.76,19.792,1
2017-10-29,0.71,2.546,1
2017-10-30,0.71,25.926,1
2017-10-31,0.69,30.556,1
2017-11-01,0.68,11.921,1
2017-11-02,0.62,19.213,1
2017-11-03,0.73,31.829,1
2017-11-04,0.74,16.898,1
2017-11-05,0.74,7.639,1
2017-11-06,0.7,13.657,1
2017-11-07,0.71,23.38,1
2017-11-08,0.75,27.315,1
2017-11-09,0.75,22.685,1
2017-11-10,0.83,13.542,1
2017-11-11,0.81,6.944,1
2017-11-12,0.81,4.282,1
2017-11-13,0.77,7.292,1
2017-11-14,0.77,7.523,1
2017-11-15,0.81,12.384,1
2017-11-16,0.8,13.542,1
2017-11-17,0.79,18.634,1
2017-11-18,0.8,5.324,1
2017-11-19,0.66,7.06,1
2017-11-20,0.69,5.671,1
2017-11-21,0.74,2.546,1
2017-11-22,0.76,2.546,1
2017-11-23,0.71,2.546,1
2017-11-24,0.83,2.546,1
2017-11-25,0.66,2.546,1
2017-11-26,0.69,2.546,1
2017-11-27,0.77,11.921,1
2017-11-28,0.73,11.921,1
2017-11-29,0.73,7.639,1
2017-11-30,0.76,11.111,1
2017-12-01,0.78,11.921,1
2017-12-02,0.83,14.468,1
2017-12-03,0.79,11.458,1
2017-12-04,0.76,16.204,1
2017-12-05,0.78,11.806,1
2017-12-06,0.81,2.546,1
2017-12-07,0.81,4.977,1
2017-12-08,0.76,2.546,1
2017-12-09,0.79,3.819,1
2017-12-10,0.68,6.713,1
2017-12-11,0.77,23.958,1
2017-12-12,0.78,14.583,1
2017-12-13,0.75,16.667,1
2017-12-14,0.74,11.69,1
2017-12-15,0.72,9.838,1
2017-12-16,0.72,2.546,1
2017-12-17,0.71,13.773,1
2017-12-18,0.68,37.5,1
2017-12-19,0.73,36.806,1
2017-12-20,0.73,37.153,1
2017-12-21,0.72,33.796,1
2017-12-22,0.74,31.829,1
2017-12-23,0.82,28.704,1
2017-12-24,0.76,29.282,1
2017-12-25,0.79,21.065,1
2017-12-26,0.82,19.792,1
2017-12-27,0.75,19.907,1
2017-12-28,0.75,7.292,1
2017-12-29,0.77,2.546,1
2017-12-30,0.67,12.269,1
2017-12-31,0.75,2.894,1
2018-01-01,0.82,2.5,1
2018-01-02,0.75,21.806,1
2018-01-03,0.82,8.287,1
2018-01-04,0.76,7.72,1
2018-01-05,0.78,3.032,1
2018-01-06,0.75,4.711,1
2018-01-07,0.7,15.035,1
2018-01-08,0.68,30.706,1
2018-01-09,0.78,30.417,1
2018-01-10,0.68,33.681,1
2018-01-11,0.7,36.863,1
2018-01-12,0.78,40.764,1
2018-01-13,0.71,40.579,1
2018-01-14,0.76,29.873,1
2018-01-15,0.71,39.792,1
2018-01-16,0.73,31.968,1
2018-01-17,0.66,38.611,1
2018-01-18,0.71,48.993,1
2018-01-19,0.8,26.794,1
2018-01-20,0.79,3.264,1
2018-01-21,0.82,2.5,1
2018-01-22,0.81,11.725,1
2018-01-23,0.72,24.039,1
2018-01-24,0.73,8.634,1
2018-01-25,0.6,11.759,1
2018-01-26,0.75,6.528,1
2018-01-27,0.72,6.62,1
2018-01-28,0.71,6.91,1
2018-01-29,0.69,14.525,1
2018-01-30,0.62,27.859,1
2018-01-31,0.66,27.766,1
2018-02-01,0.65,27.049,1
2018-02-02,0.74,25.625,1
2018-02-03,0.76,13.056,1
2018-02-04,0.8,16.204,1
2018-02-05,0.71,33.218,1
2018-02-06,0.71,25.347,1
2018-02-07,0.73,39.109,1
2018-02-08,0.76,41.806,1
2018-02-09,0.75,46.968,1
2018-02-10,0.82,26.435,1
2018-02-11,0.8,29.942,1
2018-02-12,0.69,40.069,1
2018-02-13,0.72,36.817,1
2018-02-14,0.66,18.437,1
2018-02-15,0.61,8.391,1
2018-02-16,0.7,10.093,1
2018-02-17,0.73,5.556,1
2018-02-18,0.67,5.486,1
2018-02-19,0.72,20.405,1
2018-02-20,0.7,26.771,1
2018-02-21,0.74,29.664,1
2018-02-22,0.67,29.005,1
2018-02-23,0.83,38.727,1
2018-02-24,0.83,16.991,1
2018-02-25,0.64,15.856,1
2018-02-26,0.77,39.537,1
2018-02-27,0.71,39.282,1
2018-02-28,0.75,35.718,1
2018-03-01,0.75,30.289,1
2018-03-02,0.69,38.206,1
2018-03-03,0.81,29.931,1
2018-03-04,0.67,18.102,1
2018-03-05,0.64,6.296,1
2018-03-06,0.63,7.002,1
2018-03-07,0.61,6.377,1
2018-03-08,0.74,2.5,1
2018-03-09,0.78,8.021,1
2018-03-10,0.68,22.743,1
2018-03-11,0.67,16.609,1
2018-03-12,0.62,15.231,1
2018-03-13,0.65,9.884,1
2018-03-14,0.69,9.271,1
2018-03-15,0.62,18.391,1
2018-03-16,0.63,14.988,1
2018-03-17,0.65,14.329,1
2018-03-18,0.62,13.322,1
2018-03-19,0.77,8.646,1
2018-03-20,0.65,10.081,1
2018-03-21,0.64,7.917,1
2018-03-22,0.66,5.567,1
2018-03-23,0.75,42.859,1
2018-03-24,0.83,65.127,1
2018-03-25,0.84,65.891,1
2018-03-26,0.85,65.868,1
2018-03-27,0.84,65.914,1
2018-03-28,0.85,71.933,1
2018-03-29,0.85,75.752,1
2018-03-30,0.84,75.417,1
2018-03-31,0.85,75.393,1
2018-04-01,0.84,75.301,1
2018-04-02,0.85,75.324,1
2018-04-03,0.84,75.266,1
2018-04-04,0.84,75.081,1
2018-04-05,0.85,75.023,1
2018-04-06,0.84,75.012,1
2018-04-07,0.84,74.965,1
2018-04-08,0.84,74.884,1
2018-04-09,0.84,74.919,1
2018-04-10,0.84,74.41,1
2018-04-11,0.85,74.41,1
2018-04-12,0.84,74.525,1
2018-04-13,0.84,74.63,1
2018-04-14,0.84,74.525,1
2018-04-15,0.83,74.19,1
2018-04-16,0.85,74.41,1
2018-04-17,0.85,74.444,1
2018-04-18,0.85,74.352,1
2018-04-19,0.84,74.051,1
2018-04-20,0.84,74.711,1
2018-04-21,0.85,74.907,1
2018-04-22,0.84,74.954,1
2018-04-23,0.85,74.757,1
2018-04-24,0.84,76.007,1
2018-04-25,0.84,82.674,1
2018-04-26,0.84,86.782,1
2018-04-27,0.84,86.505,1
2018-04-28,0.84,86.516,1
2018-04-29,0.85,86.516,1
2018-04-30,0.84,86.319,1
2018-05-01,0.85,86.725,1
2018-05-02,0.85,86.979,1
2018-05-03,0.85,86.968,1
2018-05-04,0.84,71.285,1
2018-05-05,0.84,61.308,1
2018-05-06,0.84,61.308,1
2018-05-07,0.84,61.285,1
2018-05-08,0.75,56.319,1
2018-05-09,0.79,40.139,1
2018-05-10,0.8,38.611,1
2018-05-11,0.74,32.94,1
2018-05-12,0.75,11.25,1
2018-05-13,0.75,14.41,1
2018-05-14,0.71,40.197,1
2018-05-15,0.75,43.727,1
2018-05-16,0.8,42.049,1
2018-05-17,0.78,37.604,1
2018-05-18,0.73,38.287,1
2018-05-19,0.7,32.824,1
2018-05-20,0.78,32.269,1
2018-05-21,0.8,10.706,1
2018-05-22,0.75,18.912,1
2018-05-23,0.84,37.512,1
2018-05-24,0.84,38.252,1
2018-05-25,0.83,33.009,1
2018-05-26,0.77,12.234,1
2018-05-27,0.83,17.87,1
2018-05-28,0.82,39.687,1
2018-05-29,0.78,45.382,1
2018-05-30,0.78,50.59,1
2018-05-31,0.76,53.414,1
2018-06-01,0.73,46.655,1
2018-06-02,0.82,40.278,1
2018-06-03,0.81,39.132,1
2018-06-04,0.75,44.468,1
2018-06-05,0.74,41.725,1
2018-06-06,0.75,42.187,1
2018-06-07,0.81,44.525,1
2018-06-08,0.84,46.69,1
2018-06-09,0.79,53.252,1
2018-06-10,0.75,52.373,1
2018-06-11,0.84,51.493,1
2018-06-12,0.78,54.178,1
2018-06-13,0.85,52.245,1
2018-06-14,0.83,55.197,1
2018-06-15,0.84,55.718,1
2018-06-16,0.83,55.66,1
2018-06-17,0.8,53.299,1
2018-06-18,0.78,49.896,1
2018-06-19,0.79,49.965,1
2018-06-20,0.84,47.859,1
2018-06-21,0.75,48.889,1
2018-06-22,0.77,49.56,1
2018-06-23,0.8,46.725,1
2018-06-24,0.72,41.192,1
2018-06-25,0.77,49.78,1
2018-06-26,0.8,48.53,1
2018-06-27,0.81,49.363,1
2018-06-28,0.83,50.984,1
2018-06-29,0.8,47.164,1
2018-06-30,0.8,46.528,1
2018-07-01,0.71,42.801,1
2018-07-02,0.74,47.569,1
2018-07-03,0.81,48.565,1
2018-07-04,0.71,43.993,1
2018-07-05,0.84,43.819,1
2018-07-06,0.78,41.412,1
2018-07-07,0.79,41.875,1
2018-07-08,0.83,45.394,1
2018-07-09,0.85,49.132,1
2018-07-10,0.84,52.72,1
2018-07-11,0.85,51.551,1
2018-07-12,0.83,52.187,1
2018-07-13,0.85,53.021,1
2018-07-14,0.82,51.667,1
2018-07-15,0.8,51.551,1
2018-07-16,0.84,49.606,1
2018-07-17,0.82,47.222,1
2018-07-18,0.85,49.41,1
2018-07-19,0.85,49.468,1
2018-07-20,0.82,49.236,1
2018-07-21,0.74,47.558,1
2018-07-22,0.8,45.984,1
2018-07-23,0.77,9.271,1
2018-07-24,0.75,8.495,1
2018-07-25,0.76,8.495,1
2018-07-26,0.77,8.495,1
2018-07-27,0.78,8.495,1
2018-07-28,0.78,8.495,1
2018-07-29,0.78,8.495,1
2018-07-30,0.78,8.808,1
2018-07-31,0.77,9.005,1
2018-08-01,0.77,9.005,1
2018-08-02,0.77,9.005,1
2018-08-03,0.78,9.005,1
2018-08-04,0.77,9.005,1
2018-08-05,0.77,9.005,1
2018-08-06,0.78,9.317,1
2018-08-07,0.77,9.502,1
2018-08-08,0.79,9.502,1
2018-08-09,0.78,9.502,1
2018-08-10,0.77,9.502,1
2018-08-11,0.76,9.502,1
2018-08-12,0.75,9.502,1
2018-08-13,0.77,9.502,1
2018-08-14,0.78,9.502,1
2018-08-15,0.78,9.502,1
2018-08-16,0.78,9.502,1
2018-08-17,0.77,9.502,1
2018-08-18,0.78,9.502,1
2018-08-19,0.79,9.502,1
2018-08-20,0.79,9.502,1
2018-08-21,0.8,9.502,1
2018-08-22,0.8,9.502,1
2018-08-23,0.8,9.502,1
2018-08-24,0.79,9.502,1
2018-08-25,0.75,9.502,1
2018-08-26,0.79,9.502,1
2018-08-27,0.8,9.502,1
2018-08-28,0.8,9.502,1
2018-08-29,0.79,9.502,1
2018-08-30,0.79,9.502,1
2018-08-31,0.78,9.502,1
2018-09-01,0.79,9.502,1
2018-09-02,0.79,9.502,1
2018-09-03,0.83,43.391,1
2018-09-04,0.83,43.299,1
2018-09-05,0.85,46.111,1
2018-09-06,0.85,47.037,1
2018-09-07,0.84,56.215,1
2018-09-08,0.84,56.065,1
2018-09-09,0.85,55.694,1
2018-09-10,0.84,55.382,1
2018-09-11,0.85,55.752,1
2018-09-12,0.85,56.123,1
2018-09-13,0.85,55.613,1
2018-09-14,0.84,55.37,1
2018-09-15,0.85,47.801,1
2018-09-16,0.83,43.831,1
2018-09-17,0.83,50.718,1
2018-09-18,0.84,51.042,1
2018-09-19,0.85,55.104,1
2018-09-20,0.84,54.745,1
2018-09-21,0.84,54.618,1
2018-09-22,0.84,54.491,1
2018-09-23,0.8,47.211,1
2018-09-24,0.84,40.382,1
2018-09-25,0.82,39.444,1
2018-09-26,0.72,40.336,1
2018-09-27,0.84,52.211,1
2018-09-28,0.84,52.882,1
2018-09-29,0.82,51.898,1
2018-09-30,0.82,52.454,1
2018-10-01,0.82,49.433,1
2018-10-02,0.82,41.586,1
2018-10-03,0.83,42.5,1
2018-10-04,0.8,50.984,1
2018-10-05,0.84,52.778,1
2018-10-06,0.78,40.775,1
2018-10-07,0.78,26.493,1
2018-10-08,0.84,41.343,1
2018-10-09,0.82,50.648,1
2018-10-10,0.84,51.944,1
2018-10-11,0.71,49.63,1
2018-10-12,0.85,45.787,1
2018-10-13,0.83,48.958,1
2018-10-14,0.84,46.69,1
2018-10-15,0.79,47.604,1
2018-10-16,0.78,47.604,1
2018-10-17,0.79,47.118,1
2018-10-18,0.65,39.19,1
2018-10-19,0.76,36.412,1
2018-10-20,0.85,30.602,1
2018-10-21,0.81,37.685,1
2018-10-22,0.84,41.273,1
2018-10-23,0.85,40.706,1
2018-10-24,0.8,30.301,1
2018-10-25,0.79,38.345,1
2018-10-26,0.75,37.616,1
2018-10-27,0.76,26.181,1
2018-10-28,0.71,22.604,1
2018-10-29,0.8,34.387,1
2018-10-30,0.81,13.287,1
2018-10-31,0.8,22.211,1
2018-11-01,0.77,25.961,1
2018-11-02,0.71,36.644,1
2018-11-03,0.84,34.907,1
2018-11-04,0.79,31.551,1
2018-11-05,0.7,29.965,1
2018-11-06,0.75,32.859,1
2018-11-07,0.73,34.803,1
2018-11-08,0.74,37.407,1
2018-11-09,0.76,41.956,1
2018-11-10,0.8,13.727,1
2018-11-11,0.71,7.905,1
2018-11-12,0.75,40.012,1
2018-11-13,0.75,34.444,1
2018-11-14,0.68,35.22,1
2018-11-15,0.72,36.887,1
2018-11-16,0.7,38.958,1
2018-11-17,0.78,34.919,1
2018-11-18,0.81,35.556,1
2018-11-19,0.77,36.933,1
2018-11-20,0.77,44.294,1
2018-11-21,0.66,38.993,1
2018-11-22,0.77,45.139,1
2018-11-23,0.79,45.116,1
2018-11-24,0.64,24.722,1
2018-11-25,0.69,24.711,1
2018-11-26,0.78,31.725,1
2018-11-27,0.8,36.852,1
2018-11-28,0.79,39.907,1
2018-11-29,0.6,35.799,1
2018-11-30,0.65,30.139,1
2018-12-01,0.72,31.331,1
2018-12-02,0.72,34.398,1
2018-12-03,0.76,35.671,1
2018-12-04,0.76,36.713,1
2018-12-05,0.77,40.579,1
2018-12-06,0.81,25.185,1
2018-12-07,0.71,26.852,1
2018-12-08,0.74,16.551,1
2018-12-09,0.68,19.595,1
2018-12-10,0.71,23.553,1
2018-12-11,0.69,38.09,1
2018-12-12,0.8,37.06,1
2018-12-13,0.78,44.664,1
2018-12-14,0.72,42.558,1
2018-12-15,0.82,38.6,1
2018-12-16,0.82,22.431,1
2018-12-17,0.64,41.019,1
2018-12-18,0.57,39.803,1
2018-12-19,0.64,30.683,1
2018-12-20,0.69,35.937,1
2018-12-21,0.67,38.634,1
2018-12-22,0.67,40.88,1
2018-12-23,0.78,48.299,1
2018-12-24,0.79,41.84,1
2018-12-25,0.73,35.312,1
2018-12-26,0.79,40.995,1
2018-12-27,0.78,42.083,1
2018-12-28,0.8,42.72,1
2018-12-29,0.67,25.324,1
2018-12-30,0.73,29.468,1
2018-12-31,0.77,40.428,1
2019-01-01,0.72,35.174,1
2019-01-02,0.65,32.928,1
2019-01-03,0.73,33.912,1
2019-01-04,0.8,40.359,1
2019-01-05,0.77,15.012,1
2019-01-06,0.8,15.602,1
2019-01-07,0.73,24.491,1
2019-01-08,0.67,25.752,1
2019-01-09,0.78,25.104,1
2019-01-10,0.64,28.993,1
2019-01-11,0.69,20.926,1
2019-01-12,0.68,7.743,1
2019-01-13,0.66,11.736,1
2019-01-14,0.81,21.748,1
2019-01-15,0.69,40.498,1
2019-01-16,0.65,34.086,1
2019-01-17,0.8,27.419,1
2019-01-18,0.73,2.604,1
2019-01-19,0.81,2.523,1
2019-01-20,0.81,2.5,1
2019-01-21,0.82,2.5,1
2019-01-22,0.82,2.5,1
2019-01-23,0.81,2.5,1
2019-01-24,0.65,5.451,1
2019-01-25,0.69,2.5,1
2019-01-26,0.68,8.09,1
2019-01-27,0.66,2.5,1
2019-01-28,0.66,2.5,1
2019-01-29,0.64,16.979,1
2019-01-30,0.77,25.799,1
2019-01-31,0.84,44.896,1
2019-02-01,0.85,54.097,1
2019-02-02,0.84,54.005,1
2019-02-03,0.84,54.074,1
2019-02-04,0.85,54.051,1
2019-02-05,0.84,53.808,1
2019-02-06,0.85,52.743,1
2019-02-07,0.85,53.079,1
2019-02-08,0.59,50.787,1
2019-02-09,0.64,39.19,1
2019-02-10,0.74,36.157,1
2019-02-11,0.71,44.039,1
2019-02-12,0.71,27.211,1
2019-02-13,0.66,32.94,1
2019-02-14,0.66,24.977,1
2019-02-15,0.66,40.058,1
2019-02-16,0.77,26.389,1
2019-02-17,0.69,17.627,1
2019-02-18,0.6,25.521,1
2019-02-19,0.73,36.007,1
2019-02-20,0.67,33.692,1
2019-02-21,0.73,31.447,1
2019-02-22,0.72,30.833,1
2019-02-23,0.75,24.109,1
2019-02-24,0.79,19.213,1
2019-02-25,0.76,33.472,1
2019-02-26,0.67,29.352,1
2019-02-27,0.71,25.59,1
2019-02-28,0.71,18.785,1
2019-03-01,0.74,21.354,1
2019-03-02,0.74,16.91,1
2019-03-03,0.74,12.917,1
2019-03-04,0.79,19.051,1
2019-03-05,0.75,17.824,1
2019-03-06,0.75,15.752,1
2019-03-07,0.68,22.35,1
2019-03-08,0.72,31.771,1
2019-03-09,0.7,16.817,1
2019-03-10,0.81,4.329,1
2019-03-11,0.76,10.359,1
2019-03-12,0.75,2.5,1
2019-03-13,0.74,2.5,1
2019-03-14,0.75,24.248,1
2019-03-15,0.76,42.257,1
2019-03-16,0.75,6.273,1
2019-03-17,0.73,2.5,1
2019-03-18,0.63,2.5,1
2019-03-19,0.78,2.5,1
2019-03-20,0.74,9.699,1
2019-03-21,0.73,8.785,1
2019-03-22,0.75,7.928,1
2019-03-23,0.66,2.5,1
2019-03-24,0.7,2.5,1
2019-03-25,0.8,2.824,1
2019-03-26,0.74,3.287,1
2019-03-27,0.78,3.495,1
2019-03-28,0.78,3.495,1
2019-03-29,0.77,3.495,1
2019-03-30,0.78,3.495,1
2019-03-31,0.78,3.495,1
2019-04-01,0.77,3.495,1
2019-04-02,0.78,3.97,1
2019-04-03,0.78,4.502,1
2019-04-04,0.78,4.502,1
2019-04-05,0.77,4.502,1
2019-04-06,0.72,4.502,1
2019-04-07,0.75,4.502,1
2019-04-08,0.79,4.502,1
2019-04-09,0.73,3.414,1
2019-04-10,0.73,2.5,1
2019-04-11,0.71,2.5,1
2019-04-12,0.7,2.5,1
2019-04-13,0.7,2.5,1
2019-04-14,0.72,2.5,1
2019-04-15,0.79,16.458,1
2019-04-16,0.68,35.926,1
2019-04-17,0.81,38.148,1
2019-04-18,0.71,5.799,1
2019-04-19,0.69,4.005,1
2019-04-20,0.76,4.005,1
2019-04-21,0.83,4.005,1
2019-04-22,0.78,4.005,1
2019-04-23,0.7,4.005,1
2019-04-24,0.77,4.005,1
2019-04-25,0.7,4.005,1
2019-04-26,0.75,4.005,1
2019-04-27,0.75,4.005,1
2019-04-28,0.77,7.187,1
2019-04-29,0.74,16.169,1
2019-04-30,0.72,20.255,1
2019-05-01,0.82,12.176,1
2019-05-02,0.82,11.296,1
2019-05-03,0.79,10.312,1
2019-05-04,0.8,7.801,1
2019-05-05,0.83,9.329,1
2019-05-06,0.81,37.558,1
2019-05-07,0.79,23.391,1
2019-05-08,0.74,9.815,1
2019-05-09,0.73,10.428,1
2019-05-10,0.77,6.505,1
2019-05-11,0.74,6.505,1
2019-05-12,0.83,7.176,1
2019-05-13,0.71,15.139,1
2019-05-14,0.7,24.838,1
2019-05-15,0.67,25.995,1
2019-05-16,0.65,27.604,1
2019-05-17,0.81,7.002,1
2019-05-18,0.65,7.002,1
2019-05-19,0.77,7.002,1
2019-05-20,0.75,16.505,1
2019-05-21,0.81,23.229,1
2019-05-22,0.75,26.481,1
2019-05-23,0.77,22.245,1
2019-05-24,0.8,17.917,1
2019-05-25,0.82,8.056,1
2019-05-26,0.83,7.998,1
2019-05-27,0.75,20.729,1
2019-05-28,0.77,20.961,1
2019-05-29,0.8,10.937,1
2019-05-30,0.78,11.1,1
2019-05-31,0.78,15.984,1
2019-06-01,0.82,9.363,1
2019-06-02,0.83,12.118,1
2019-06-03,0.85,16.042,1
2019-06-04,0.82,11.157,1
2019-06-05,0.83,10.868,1
2019-06-06,0.81,12.894,1
2019-06-07,0.82,10.289,1
2019-06-08,0.81,8.495,1
2019-06-09,0.83,10.972,1
2019-06-10,0.82,9.178,1
2019-06-11,0.79,11.238,1
2019-06-12,0.82,13.345,1
2019-06-13,0.8,11.944,1
2019-06-14,0.82,11.782,1
2019-06-15,0.81,12.303,1
2019-06-16,0.83,11.84,1
2019-06-17,0.83,16.667,1
2019-06-18,0.83,11.528,1
2019-06-19,0.79,14.919,1
2019-06-20,0.81,11.273,1
2019-06-21,0.81,11.412,1
2019-06-22,0.82,10.301,1
2019-06-23,0.83,10.799,1
2019-06-24,0.81,16.111,1
2019-06-25,0.8,28.345,1
2019-06-26,0.83,17.685,1
2019-06-27,0.83,19.549,1
2019-06-28,0.83,17.894,1
2019-06-29,0.83,13.194,1
2019-06-30,0.83,13.947,1
2019-07-01,0.84,22.06,1
2019-07-02,0.83,12.72,1
2019-07-03,0.83,16.481,1
2019-07-04,0.83,25.833,1
2019-07-05,0.84,42.326,1
2019-07-06,0.82,17.488,1
2019-07-07,0.83,16.25,1
2019-07-08,0.83,17.546,1
2019-07-09,0.84,15.069,1
2019-07-10,0.82,20.567,1
2019-07-11,0.84,39.132,1
2019-07-12,0.84,43.194,1
2019-07-13,0.81,26.447,1
2019-07-14,0.84,10.22,1
2019-07-15,0.82,24.954,1
2019-07-16,0.82,33.669,1
2019-07-17,0.74,22.5,1
2019-07-18,0.83,27.06,1
2019-07-19,0.8,18.9,1
2019-07-20,0.83,13.611,1
2019-07-21,0.81,14.502,1
2019-07-22,0.79,38.924,1
2019-07-23,0.76,44.074,1
2019-07-24,0.8,37.488,1
2019-07-25,0.81,30.301,1
2019-07-26,0.81,9.502,1
2019-07-27,0.78,9.502,1
2019-07-28,0.84,9.502,1
2019-07-29,0.8,9.502,1
2019-07-30,0.79,9.502,1
2019-07-31,0.79,9.502,1
2019-08-01,0.77,2.5,1
2019-08-02,0.79,2.5,1
2019-08-03,0.8,2.5,1
2019-08-04,0.79,2.5,1
2019-08-05,0.8,2.5,1
2019-08-06,0.81,2.5,1
2019-08-07,0.81,2.5,1
2019-08-08,0.79,2.5,1
2019-08-09,0.78,2.5,1
2019-08-10,0.79,2.5,1
2019-08-11,0.79,2.5,1
2019-08-12,0.83,2.5,1
2019-08-13,0.84,2.5,1
2019-08-14,0.83,2.5,1
2019-08-15,0.84,2.5,1
2019-08-16,0.84,2.5,1
2019-08-17,0.81,2.5,1
2019-08-18,0.85,2.5,1
2019-08-19,0.81,2.5,1
2019-08-20,0.83,2.5,1
2019-08-21,0.82,2.5,1
2019-08-22,0.81,2.5,1
2019-08-23,0.82,2.5,1
2019-08-24,0.81,2.5,1
2019-08-25,0.84,2.5,1
2019-08-26,0.73,2.5,1
2019-08-27,0.74,2.5,1
2019-08-28,0.83,2.5,1
2019-08-29,0.82,2.5,1
2019-08-30,0.79,2.5,1
2019-08-31,0.81,2.5,1
2019-09-01,0.81,2.5,1
2019-09-02,0.82,2.5,1
2019-09-03,0.82,2.5,1
2019-09-04,0.8,2.5,1
2019-09-05,0.78,2.5,1
2019-09-06,0.81,2.5,1
2019-09-07,0.78,2.5,1
2019-09-08,0.81,2.5,1
2019-09-09,0.81,2.5,1
2019-09-10,0.81,2.5,1
2019-09-11,0.81,2.5,1
2019-09-12,0.84,2.5,1
2019-09-13,0.81,2.5,1
2019-09-14,0.8,2.5,1
2019-09-15,0.79,2.5,1
2019-09-16,0.8,2.5,1
2019-09-17,0.82,2.5,1
2019-09-18,0.8,2.5,1
2019-09-19,0.8,2.5,1
2019-09-20,0.81,2.5,1
2019-09-21,0.84,2.5,1
2019-09-22,0.84,2.5,1
2019-09-23,0.83,2.5,1
2019-09-24,0.76,2.5,1
2019-09-25,0.81,2.5,1
2019-09-26,0.79,2.5,1
2019-09-27,0.83,2.5,1
2019-09-28,0.81,2.5,1
2019-09-29,0.8,2.5,1
2019-09-30,0.76,2.5,1
2019-10-01,0.728,41.111,1
2019-10-02,0.823,35.532,1
2019-10-03,0.803,43.171,1
2019-10-04,0.805,38.553,1
2019-10-05,0.813,11.736,1
2019-10-06,0.793,15.463,1
2019-10-07,0.778,38.044,1
2019-10-08,0.723,39.641,1
2019-10-09,0.745,32.477,1
2019-10-10,0.838,40.44,1
2019-10-11,0.835,43.889,1
2019-10-12,0.818,12.535,1
2019-10-13,0.8,17.5,1
2019-10-14,0.728,22.037,1
2019-10-15,0.75,14.896,1
2019-10-16,0.693,20.301,1
2019-10-17,0.76,22.674,1
2019-10-18,0.773,27.824,1
2019-10-19,0.735,6.817,1
2019-10-20,0.793,7.454,1
2019-10-21,0.795,36.574,1
2019-10-22,0.698,21.748,1
2019-10-23,0.755,30.718,1
2019-10-24,0.768,30.764,1
2019-10-25,0.753,26.69,1
2019-10-26,0.755,11.794,1
2019-10-27,0.835,21.539,1
2019-10-28,0.738,32.512,1
2019-10-29,0.803,42.812,1
2019-10-30,0.718,42.35,1
2019-10-31,0.73,35.625,1
2019-11-01,0.661,13.021,1
2019-11-02,0.75,10.012,1
2019-11-03,0.72,9.282,1
2019-11-04,0.713,14.444,1
2019-11-05,0.68,28.299,1
2019-11-06,0.649,35.671,1
2019-11-07,0.818,29.711,1
2019-11-08,0.838,32.581,1
2019-11-09,0.745,12.801,1
2019-11-10,0.765,13.206,1
2019-11-11,0.75,38.287,1
2019-11-12,0.623,38.715,1
2019-11-13,0.69,24.387,1
2019-11-14,0.8,10.903,1
2019-11-15,0.768,11.47,1
2019-11-16,0.755,11.458,1
2019-11-17,0.617,31.354,1
2019-11-18,0.723,32.812,1
2019-11-19,0.688,19.097,1
2019-11-20,0.655,33.565,1
2019-11-21,0.753,36.192,1
2019-11-22,0.773,51.956,1
2019-11-23,0.838,53.322,1
2019-11-24,0.838,53.762,1
2019-11-25,0.838,53.299,1
2019-11-26,0.825,53.125,1
2019-11-27,0.833,71.505,1
2019-11-28,0.838,81.238,1
2019-11-29,0.845,66.806,1
2019-11-30,0.838,83.507,1
2019-12-01,0.84,83.171,1
2019-12-02,0.84,83.102,1
2019-12-03,0.84,82.824,1
2019-12-04,0.8,82.315,1
2019-12-05,0.84,72.257,1
2019-12-06,0.843,82.998,1
2019-12-07,0.838,83.518,1
2019-12-08,0.843,83.368,1
2019-12-09,0.84,83.38,1
2019-12-10,0.843,83.171,1
2019-12-11,0.84,83.125,1
2019-12-12,0.848,83.16,1
2019-12-13,0.84,82.905,1
2019-12-14,0.84,82.836,1
2019-12-15,0.838,82.882,1
2019-12-16,0.838,88.819,1
2019-12-17,0.843,92.535,1
2019-12-18,0.84,92.766,1
2019-12-19,0.823,79.803,1
2019-12-20,0.835,126.782,1
2019-12-21,0.843,153.993,1
2019-12-22,0.838,153.947,1
2019-12-23,0.838,154.062,1
2019-12-24,0.84,154.178,1
2019-12-25,0.845,154.248,1
2019-12-26,0.84,154.132,1
2019-12-27,0.835,154.109,1
2019-12-28,0.845,154.086,1
2019-12-29,0.838,154.109,1
2019-12-30,0.843,120.613,1
2019-12-31,0.843,92.176,1
2020-01-01,0.843,92.049,1
2020-01-02,0.835,92.095,1
2020-01-03,0.845,91.829,1
2020-01-04,0.838,91.91,1
2020-01-05,0.833,91.898,1
2020-01-06,0.835,91.91,1
2020-01-07,0.843,91.968,1
2020-01-08,0.84,72.917,1
2020-01-09,0.838,61.331,1
2020-01-10,0.838,60.856,1
2020-01-11,0.84,61.192,1
2020-01-12,0.838,61.157,1
2020-01-13,0.838,61.181,1
2020-01-14,0.835,56.169,1
2020-01-15,0.845,53.241,1
2020-01-16,0.833,53.495,1
2020-01-17,0.673,35.463,1
2020-01-18,0.758,53.854,1
2020-01-19,0.758,52.928,1
2020-01-20,0.795,53.669,1
2020-01-21,0.715,48.472,1
2020-01-22,0.7,21.1,1
2020-01-23,0.718,39.595,1
2020-01-24,0.725,42.049,1
2020-01-25,0.76,42.917,1
2020-01-26,0.745,20.15,1
2020-01-27,0.663,29.329,1
2020-01-28,0.678,39.595,1
2020-01-29,0.72,38.704,1
2020-01-30,0.69,38.356,1
2020-01-31,0.673,35.625,1
2020-02-01,0.75,23.692,1
2020-02-02,0.693,19.491,1
2020-02-03,0.705,26.505,1
2020-02-04,0.728,25.359,1
2020-02-05,0.68,38.646,1
2020-02-06,0.838,40.567,1
2020-02-07,0.773,48.31,1
2020-02-08,0.805,47.315,1
2020-02-09,0.77,46.4,1
2020-02-10,0.813,44.711,1
2020-02-11,0.768,44.444,1
2020-02-12,0.79,44.549,1
2020-02-13,0.795,46.481,1
2020-02-14,0.77,47.616,1
2020-02-15,0.725,50.035,1
2020-02-16,0.68,48.588,1
2020-02-17,0.738,37.118,1
2020-02-18,0.805,42.824,1
2020-02-19,0.845,50.046,1
2020-02-20,0.848,52.13,1
2020-02-21,0.805,29.873,1
2020-02-22,0.77,44.132,1
2020-02-23,0.803,40.347,1
2020-02-24,0.545,48.877,1
2020-02-25,0.647,37.06,1
2020-02-26,0.723,45.88,1
2020-02-27,0.805,45.44,1
2020-02-28,0.74,47.639,1
2020-02-29,0.7,2.5,1
2020-03-01,0.748,2.5,1
2020-03-02,0.605,11.505,1
2020-03-03,0.765,13.449,1
2020-03-04,0.68,21.597,1
2020-03-05,0.743,21.759,1
2020-03-06,0.68,23.519,1
2020-03-07,0.69,16.528,1
2020-03-08,0.743,21.644,1
2020-03-09,0.753,36.296,1
2020-03-10,0.843,33.09,1
2020-03-11,0.723,34.815,1
2020-03-12,0.655,35.405,1
2020-03-13,0.7,40.162,1
2020-03-14,0.743,40.347,1
2020-03-15,0.798,39.074,1
2020-03-16,0.688,43.414,1
2020-03-17,0.71,46.134,1
2020-03-18,0.725,47.616,1
2020-03-19,0.76,49.468,1
2020-03-20,0.77,49.907,1
2020-03-21,0.77,42.187,1
2020-03-22,0.76,45.012,1
2020-03-23,0.703,49.375,1
2020-03-24,0.84,45.417,1
2020-03-25,0.813,53.31,1
2020-03-26,0.763,51.25,1
2020-03-27,0.818,51.852,1
2020-03-28,0.718,52.477,1
2020-03-29,0.768,17.766,1
2020-03-30,0.685,23.171,1
2020-03-31,0.78,17.812,1
2020-04-01,0.848,42.06,1
2020-04-02,0.668,32.743,1
2020-04-03,0.813,26.725,1
2020-04-04,0.79,7.025,1
2020-04-05,0.72,5.694,1
2020-04-06,0.763,20.822,1
2020-04-07,0.758,23.831,1
2020-04-08,0.77,16.192,1
2020-04-09,0.723,16.03,1
2020-04-10,0.795,11.759,1
2020-04-11,0.743,20.822,1
2020-04-12,0.718,16.262,1
2020-04-13,0.738,5.729,1
2020-04-14,0.77,24.664,1
2020-04-15,0.703,14.352,1
2020-04-16,0.805,15.394,1
2020-04-17,0.81,16.308,1
2020-04-18,0.78,52.269,1
2020-04-19,0.8,23.924,1
2020-04-20,0.79,17.65,1
2020-04-21,0.7,16.007,1
2020-04-22,0.768,19.479,1
2020-04-23,0.8,32.257,1
2020-04-24,0.82,47.616,1
2020-04-25,0.838,51.528,1
2020-04-26,0.803,42.118,1
2020-04-27,0.843,48.843,1
2020-04-28,0.825,42.72,1
2020-04-29,0.778,15.174,1
2020-04-30,0.753,13.715,1
2020-05-01,0.803,6.296,1
2020-05-02,0.73,11.933,1
2020-05-03,0.703,13.113,1
2020-05-04,0.755,19.282,1
2020-05-05,0.835,43.75,1
2020-05-06,0.825,50.845,1
2020-05-07,0.86,48.634,1
2020-05-08,0.773,49.977,1
2020-05-09,0.85,34.016,1
2020-05-10,0.74,15.312,1
2020-05-11,0.728,17.708,1
2020-05-12,0.81,36.435,1
2020-05-13,0.81,35.648,1
2020-05-14,0.755,34.005,1
2020-05-15,0.83,19.873,1
2020-05-16,0.808,11.435,1
2020-05-17,0.713,15.718,1
2020-05-18,0.823,36.285,1
2020-05-19,0.813,34.549,1
2020-05-20,0.785,35.289,1
2020-05-21,0.77,42.523,1
2020-05-22,0.823,44.653,1
2020-05-23,0.825,24.815,1
2020-05-24,0.83,13.356,1
2020-05-25,0.773,13.611,1
2020-05-26,0.793,10.486,1
2020-05-27,0.795,16.146,1
2020-05-28,0.818,20.347,1
2020-05-29,0.803,38.704,1
2020-05-30,0.795,26.227,1
2020-05-31,0.79,14.468,1
2020-06-01,0.81,32.662,1
2020-06-02,0.838,38.125,1
2020-06-03,0.815,35.417,1
2020-06-04,0.81,40.671,1
2020-06-05,0.795,42.72,1
2020-06-06,0.76,18.241,1
2020-06-07,0.775,8.6,1
2020-06-08,0.818,11.47,1
2020-06-09,0.838,19.144,1
2020-06-10,0.823,31.192,1
2020-06-11,0.773,12.465,1
2020-06-12,0.848,9.838,1
2020-06-13,0.81,10.521,1
2020-06-14,0.815,12.014,1
2020-06-15,0.808,15.66,1
2020-06-16,0.815,18.299,1
2020-06-17,0.808,17.419,1
2020-06-18,0.83,16.111,1
2020-06-19,0.82,21.678,1
2020-06-20,0.815,10.359,1
2020-06-21,0.82,9.34,1
2020-06-22,0.79,14.757,1
2020-06-23,0.815,21.25,1
2020-06-24,0.785,26.933,1
2020-06-25,0.82,29.792,1
2020-06-26,0.825,15.602,1
2020-06-27,0.818,9.734,1
2020-06-28,0.813,9.282,1
2020-06-29,0.823,11.296,1
2020-06-30,0.815,11.088,1
2020-07-01,0.808,11.539,1
2020-07-02,0.82,10.336,1
2020-07-03,0.825,11.4,1
2020-07-04,0.825,10.035,1
2020-07-05,0.835,10.278,1
2020-07-06,0.83,26.667,1
2020-07-07,0.785,34.468,1
2020-07-08,0.798,47.917,1
2020-07-09,0.823,42.662,1
2020-07-10,0.808,43.16,1
2020-07-11,0.838,18.611,1
2020-07-12,0.825,9.884,1
2020-07-13,0.818,39.907,1
2020-07-14,0.828,35.405,1
2020-07-15,0.788,38.472,1
2020-07-16,0.688,45.359,1
2020-07-17,0.748,42.65,1
2020-07-18,0.663,36.759,1
2020-07-19,0.795,32.315,1
2020-07-20,0.825,48.333,1
2020-07-21,0.783,39.502,1
2020-07-22,0.83,36.887,1
2020-07-23,0.793,33.113,1
2020-07-24,0.647,28.299,1
2020-07-25,0.74,12.905,1
2020-07-26,0.758,11.921,1
2020-07-27,0.778,38.819,1
2020-07-28,0.768,43.819,1
2020-07-29,0.845,43.681,1
2020-07-30,0.805,41.447,1
2020-07-31,0.83,36.528,1
2020-08-01,0.815,36.412,1
2020-08-02,0.805,10.359,1
2020-08-03,0.773,9.005,1
2020-08-04,0.768,9.005,1
2020-08-05,0.763,9.005,1
2020-08-06,0.775,9.005,1
2020-08-07,0.765,9.005,1
2020-08-08,0.765,9.005,1
2020-08-09,0.77,9.005,1
2020-08-10,0.773,9.005,1
2020-08-11,0.768,9.005,1
2020-08-12,0.768,9.005,1
2020-08-13,0.768,9.005,1
2020-08-14,0.768,9.005,1
2020-08-15,0.765,9.005,1
2020-08-16,0.773,9.005,1
2020-08-17,0.765,8.912,1
2020-08-18,0.765,8.495,1
2020-08-19,0.77,8.495,1
2020-08-20,0.798,8.194,1
2020-08-21,0.803,33.287,1
2020-08-22,0.805,29.317,1
2020-08-23,0.825,22.025,1
2020-08-24,0.81,22.049,1
2020-08-25,0.798,9.201,1
2020-08-26,0.838,37.141,1
2020-08-27,0.82,40.648,1
2020-08-28,0.79,36.03,1
2020-08-29,0.853,19.317,1
2020-08-30,0.853,18.472,1
2020-08-31,0.813,44.491,1
2020-09-01,0.82,51.354,1
2020-09-02,0.838,47.187,1
2020-09-03,0.81,50.556,1
2020-09-04,0.813,45.312,1
2020-09-05,0.795,31.481,1
2020-09-06,0.813,22.083,1
2020-09-07,0.81,22.315,1
2020-09-08,0.833,44.109,1
2020-09-09,0.748,44.537,1
2020-09-10,0.808,54.63,1
2020-09-11,0.828,54.907,1
2020-09-12,0.798,23.426,1
2020-09-13,0.693,23.877,1
2020-09-14,0.843,54.062,1
2020-09-15,0.84,53.912,1
2020-09-16,0.835,53.403,1
2020-09-17,0.843,53.472,1
2020-09-18,0.85,52.975,1
2020-09-19,0.825,29.988,1
2020-09-20,0.753,26.412,1
2020-09-21,0.823,52.512,1
2020-09-22,0.843,44.421,1
2020-09-23,0.835,46.528,1
2020-09-24,0.755,48.565,1
2020-09-25,0.825,35.162,1
2020-09-26,0.778,31.238,1
2020-09-27,0.798,16.215,1
2020-09-28,0.838,48.449,1
2020-09-29,0.815,50.185,1
2020-09-30,0.78,52.176,1
