attribute_means:
  CalChanMan1: 1.0758198371955328
  CalChanMan2: 3.719791293144226
  GwLoss: 0.11034187055026577
  GwPercValue: 0.3050266701195921
  LZThreshold: 12.901655759130206
  LakeMultiplier: 1.149045194898333
  LowerZoneTimeConstant: 4015.2485885620117
  PowerPrefFlow: 1.2302583839212144
  QSplitMult: 5.735186082976205
  ReservoirRnormqMult: 1.4996763638087682
  SnowMeltCoef: 5.135426487241473
  UpperZoneTimeConstant: 6.323857171194894
  adjust_Normal_Flood: 0.4661136173776218
  b_Xinanjiang: 3.4216249074254717
  dis_efas5_yrmax: 12.540931764614465
  dis_efas5_yrmean: 1.4868706912186482
  dis_efas5_yrmin: 0.15610683266249487
  dom_yr: 1.2413181523526353
  e0_emo1_year: 2.1402741229375866
  elv_max: 1336.6560232979912
  elv_mean: 799.9199371337891
  elv_min: 468.96582794189453
  ene_yr: 16.09285654340471
  fracforest: 0.4543858234371458
  fracirrigated: 0.0011066914906093215
  fracother: 0.5310304526771817
  fracsealed: 0.013184429894733592
  fracwater: 0.00029260145631073136
  gradient_mean: 0.05201692732849288
  ind_yr: 1.286815571997847
  liv_yr: 2.8730944842100143
  pr_emo1_year: 2.4811122976863316
  ta_emo1_year: 11.116246169609619
  tstor_count: 0.14285714285714285
  tstor_sum: 29000000.0
  upArea_max: 767570321.1428572
attribute_stds:
  CalChanMan1: 0.28821943677035483
  CalChanMan2: 0.5679542282688594
  GwLoss: 0.1218460905598182
  GwPercValue: 0.22930605306320584
  LZThreshold: 6.984060738726893
  LakeMultiplier: 0.3749378924847249
  LowerZoneTimeConstant: 2316.497796620789
  PowerPrefFlow: 0.8720041557701633
  QSplitMult: 2.493699422763744
  ReservoirRnormqMult: 0.3723759738826018
  SnowMeltCoef: 0.5597879218429919
  UpperZoneTimeConstant: 1.8652600735918603
  adjust_Normal_Flood: 0.2251491957016266
  b_Xinanjiang: 1.6671495528904872
  dis_efas5_yrmax: 5.238645933137088
  dis_efas5_yrmean: 0.5316295684068643
  dis_efas5_yrmin: 0.11485594995622092
  dom_yr: 2.0576587538245965
  e0_emo1_year: 0.14212781174220654
  elv_max: 428.64140597172883
  elv_mean: 319.76779249041516
  elv_min: 237.2276401121534
  ene_yr: 57.47806757034529
  fracforest: 0.03895427992665031
  fracirrigated: 0.002674004203640764
  fracother: 0.0426277948539071
  fracsealed: 0.008997960142613497
  fracwater: 0.000735758531039527
  gradient_mean: 0.026603670262779298
  ind_yr: 2.6423200751627585
  liv_yr: 3.236606130074397
  pr_emo1_year: 0.7048174380658873
  ta_emo1_year: 1.5652340839816146
  tstor_count: 0.5345224838248487
  tstor_sum: 108508064.2164443
  upArea_max: 854503719.8198066
xarray_feature_scale:
  coords: {}
  attrs: {}
  dims: {}
  data_vars:
    dis_efas5:
      dims: []
      attrs: {}
      data: 2.197309732437134
    e0_emo1:
      dims: []
      attrs: {}
      data: 1.9061013460159302
    pr_emo1:
      dims: []
      attrs: {}
      data: 5.72886848449707
    ta_emo1:
      dims: []
      attrs: {}
      data: 6.029989719390869
xarray_feature_center:
  coords: {}
  attrs: {}
  dims: {}
  data_vars:
    dis_efas5:
      dims: []
      attrs: {}
      data: 1.5200783014297485
    e0_emo1:
      dims: []
      attrs: {}
      data: 2.2408547401428223
    pr_emo1:
      dims: []
      attrs: {}
      data: 2.5341970920562744
    ta_emo1:
      dims: []
      attrs: {}
      data: 11.835312843322754
